chr	pos	w	left_type	right_type	Persistence
chr1	40000	3,4,5,6,7,8,9,10,11,12,13,14,15,16,17,18,19,20,21,22,23,24,25,26,27,28,29,30,31,32		gap	30
chr1	880000	3,4,5,6,7,8,9,10,11,12,13,14,15,16,17,18,19,20,21,22,23,24,25,26,27,28,29,30,31,32	gap	domain	30
chr1	1040000	3,4,5,6,7,8,9,10,11,12,13,14,15,16,17,18,19,20,21,22,23,24,25,26,27,28,29,30,31,32	domain	gap	30
chr1	1080000	3,4,5,6,7,8,9,10,11,12,13,14,15,16,17,18,19,20,21,22,23,24,25,26,27,28,29,30,31,32	gap	domain	30
chr1	1280000	3,4,5,6,7,8,9,10,11,12,13,14,15,16,17,18,19,20,21,22,23,24,25,26,27,28,29,30,31,32	domain	gap	30
chr1	1760000	3,4,5,6,7,8,9,10,11,12,13,14,15,16,17,18,19,20,21,22,23,24,25,26,27,28,29,30,31,32	gap	domain	30
chr1	1920000	3	domain	domain	1
chr1	2160000	3,4,5,6,7,8	domain	domain	6
chr1	2400000	3,4,5	domain	domain	3
chr1	2640000	3,4,5,6,7,8,9,10,11,12,13,14,15,16,17,18,19,20,21,22,23,24,25,26,27,28,29,30,31,32	domain	gap	30
chr1	2760000	3,4,5,6,7,8,9,10,11,12,13,14,15,16,17,18,19,20,21,22,23,24,25,26,27,28,29,30,31,32	gap	domain	30
chr1	3000000	4,5	domain	domain	2
chr1	3560000	3,4,5,6,7,8,9,10,11,12,13,14,15,16,17,18,19,20,21,22,23,24,25,26,27,28,29,30,31,32	domain	gap	30
chr1	3600000	3,4,5,6,7,8,9,10,11,12,13,14,15,16,17,18,19,20,21,22,23,24,25,26,27,28,29,30,31,32	gap	domain	30
chr1	3920000	3,4,5,6,7	domain	domain	5
chr1	4120000	3,4	domain	domain	2
chr1	4320000	3	domain	domain	1
chr1	4640000	3,4,5,6,7,8,9,10,11,12,13,14	domain	domain	12
chr1	4800000	3,4	domain	domain	2
chr1	5400000	6	domain	domain	1
chr1	5480000	8,9,13,16	domain	domain	4
chr1	5760000	3	domain	domain	1
chr1	6000000	3,4,5,6,7,8,9,10,11,12,13,14,15,16,17,18,19,20,21,22,23,24,25,26,27,28,29,30,31,32	domain	boundary,domain	30
chr1	6200000	4,12,14,15,16,17,18,20	boundary	boundary	8
chr1	6480000	3,4,5,6,7,8,9,10,11,12,13,14,15,16,17,18,19,20,21,22,23,24,25,26,27,28,29,30,31,32	boundary,domain	boundary,domain	30
chr1	6680000	3,4,5,6,7,8,9,10,11,12,13,14,15,17,18,19,20,21,27	boundary	domain	19
chr1	7640000	3,4,5,6,7,9	domain	boundary,domain	6
chr1	7800000	3,6,7,8,10,13,14	domain	boundary,domain	7
chr1	7960000	3,4,5,6,7,8,9,10,11,12,13,14,15,16,17,18,19,20,21,22,23,24,25,26,27,28,29,30,31,32	boundary,domain	boundary,domain	30
chr1	8360000	3,4,5,6,7,8,9,10,11,12,13,14,15,16,17,18,19,20,21,22,23,24,25,26,27,28,29,30,31,32	boundary,domain	boundary,domain	30
chr1	8520000	13	boundary	domain	1
chr1	8880000	3,4,5,6,7,8,9,10,11,12,13,14,15,16,17,18,19,20,21,22,23,24,25,26,27,28,29,30,31,32	boundary,domain	boundary,domain	30
chr1	9120000	3,4,5,11,12,13,14,15,16,17,18,19,20,21,22,23,24,25,26,27,28,31	boundary,domain	boundary,domain	22
chr1	9240000	3,5,6,7,8,15,18,19,20	boundary,domain	boundary,domain	9
chr1	9480000	3	domain	domain	1
chr1	9600000	3,4,5,6,7,8,9,10,11,12,13,14,15,16,17,18,19,20,21,22,23,24,25,26,27,28,29,30,31,32	boundary,domain	domain	30
chr1	9760000	3	domain	domain	1
chr1	9920000	3	domain	domain	1
chr1	10480000	3,4,5,6,7,8,9,10,11,12,13,14,15,16,17,18,19,20,21,22,23,24,25,26,27,28,29,30,31,32	domain	domain	30
chr1	11000000	3,4,5,6,7,8,9,10,11,12,13,14,15,16,17,18,19,20,21,22,23,24,25,26,27,28,29,30,31,32	domain	boundary,domain	30
chr1	11240000	3,4,5,6,7,8,17,18,19,20,21,26,28,29,30,31,32	boundary,domain	domain	17
chr1	11640000	3,4,5,6,7	domain	boundary,domain	5
chr1	11800000	7,8	domain	boundary	2
chr1	11920000	3,6,7,11,14,15,16,17,18,19,20	boundary,domain	boundary,domain	11
chr1	12000000	4,5,8,9,10,12,13,14,17,18,19,20	boundary,domain	boundary,domain	12
chr1	12080000	6	boundary	domain	1
chr1	12240000	3,4,5,6,7,8,9,10,11	boundary,domain	domain	9
chr1	12840000	3,4,5,6,7,8,9,10,11,12,13,14,15,16,17,18,19,20,21,22,23,24,25,26,27,28,29,30,31,32	domain	gap	30
chr1	13360000	3,4,5,6,7,8,9,10,11,12,13,14,15,16,17,18,19,20,21,22,23,24,25,26,27,28,29,30,31,32	gap	domain	30
chr1	13640000	3,4,5	domain	domain	3
chr1	13800000	3	domain	domain	1
chr1	14000000	3,4,5,6,7,8,9,10,11,12,13,14	domain	domain	12
chr1	14760000	3,4	domain	domain	2
chr1	15080000	3,4,5,6,7,8,9,10,11,12,13,14,15,16,17,18,19,20,21,22,23,24,25,26,27,28,29,30,31,32	domain	domain	30
chr1	15320000	3,4,10,11,12,13,14,15,16,19,20,22,23,24,25	boundary,domain	boundary,domain	15
chr1	15520000	3,4,5,6,7,8,9,10,11,12,13,14,15,16,17,18,19,20,21,22,23	boundary,domain	domain	21
chr1	15760000	4,5	domain	domain	2
chr1	16040000	4,5,6,7,8,9	domain	domain	6
chr1	16240000	3,4,5	domain	domain	3
chr1	16480000	3,4,5,6,7,8,9,10,11,12,13,14,15,16,17,18,19,20,21,22,23,24,25,26,27,28,29,30,31,32	domain	gap	30
chr1	16880000	3,4,5,6,7,8,9,10,11,12,13,14,15,16,17,18,19,20,21,22,23,24,25,26,27,28,29,30,31,32	gap	domain	30
chr1	17080000	3,4	domain	domain	2
chr1	17400000	3,4,5,6,7,8,9,10	domain	domain	8
chr1	17680000	3,4,5,6,7,8,9	domain	domain	7
chr1	18600000	3,4,5,6,7,8,9,10,11,12,13	domain	boundary,domain	11
chr1	18880000	3,4,5,6,7,8,9,10,11,12,13,14,15,16,17,18,19,20,21,22,23,24,25,26,27,28,29,30,31,32	boundary,domain	boundary,domain	30
chr1	19120000	3,4,10,11,12,13,14,15,16,17,18,19,20,21,22,23,24,25,26,27,28,29,30,31,32	boundary,domain	boundary,domain	25
chr1	19280000	3,4,5,6,7,8,9,15,18,20	boundary,domain	boundary,domain	10
chr1	19720000	3,4,9,10,11,12,13,14,15,16,18,20,23,25,26,27,28,29,30,31,32	domain	domain	21
chr1	19880000	3,4,5,6,7,8,9,10,11,12,13,14,15,16,17,18,19,20,21,22,23,24,25,26,27,28,29,30,31,32	boundary,domain	boundary,domain	30
chr1	20200000	3,4,5,6,7,21,22,23,24,27,28,29,30	boundary,domain	boundary,domain	13
chr1	20520000	3,6,7,11,12,13,18,19,21,22,23,24,25,26,27,28,29,30,31,32	boundary,domain	boundary,domain	20
chr1	20640000	3,4,5,6,7,8,9,10,11,12,13,14,15,16,17,18,19,20,21,22	boundary,domain	domain	20
chr1	21200000	3,4,5,6,7,8,9,10,11,12,13	domain	domain	11
chr1	21680000	3,4,5,6	domain	domain	4
chr1	21960000	3,4,5,6,7,8,9,10,11,12,13,14,15,16,17,18,19,20,21,22,23,24,25,26,27,28,29,30,31,32	domain	gap	30
chr1	22000000	3,4,5,6,7,8,9,10,11,12,13,14,15,16,17,18,19,20,21,22,23,24,25,26,27,28,29,30,31,32	gap	domain	30
chr1	22400000	3,4,5,6,7	domain	domain	5
chr1	22640000	3,4,5,6,7,8	domain	domain	6
chr1	22960000	3,4,5,6,7,8,9,10,11,12,13,14,15,16,17,18,19,20,21,22,23	domain	boundary,domain	21
chr1	23280000	3,4,5,6,7,8	domain	domain	6
chr1	23480000	4,6,8,9,10,11,12,14,15,17,18,19,22,23,24,25,26,27,28,29,30,31,32	boundary,domain	boundary,domain	23
chr1	23680000	3,6,8	domain	boundary,domain	3
chr1	23760000	4,5,6,7,8,9,10,11,12,13,14,15,16,17,18,19,20,21,22,23,24,25,26,27,28,29,30,31,32	boundary,domain	boundary,domain	29
chr1	23880000	8,10	boundary	boundary,domain	2
chr1	24080000	3,5,6,7,8,9,10,11,12,13,14,15,17,18,19,20,21,22,23,24,25	domain	domain	21
chr1	24400000	3,4,5	domain	domain	3
chr1	24640000	3,4,5,6,7,8,9,10,11,12,13	domain	domain	11
chr1	24840000	3,4,5,6,7,8,9	domain	domain	7
chr1	25240000	3,4,5,6,7,8,9,10,11,12,13,14,15,16,17,18,19,20,21,22,23,24,25,26,27,28,29,30,31,32	domain	gap	30
chr1	25440000	3,4,5,6,7,8,9,10,11,12,13,14,15,16,17,18,19,20,21,22,23,24,25,26,27,28,29,30,31,32	gap	domain	30
chr1	25840000	3,4,5,6,7,8,9	domain	boundary,domain	7
chr1	26040000	3,4,5,8,9,10,11,12,14	domain	boundary	9
chr1	26200000	3,4,5,9,13,15	domain	boundary,domain	6
chr1	26440000	3,4,5,6,7,8,9,10,11,12,13,14,15,16,17,18,19,20,21,22,23,24	boundary,domain	boundary,domain	22
chr1	26800000	27,29	domain	boundary	2
chr1	26920000	3,4,5,6,7,8,9,10,11,12,13,14,15,16,17,18,19,20,21,22,23,24,25,26,27,28,29,30,31,32	boundary,domain	boundary,domain	30
chr1	27280000	3,4,5,6,7,8,20,24,25,26,28,30,31,32	boundary,domain	boundary,domain	14
chr1	27400000	5,22,23,26,27,28,29,31,32	boundary,domain	boundary,domain	9
chr1	27680000	3,4,5,6,7,8,9,10,11,12,13,14	domain	boundary,domain	12
chr1	27800000	13,14,15,16,17,18,19,20,21,22,23,24,25,26,27,28,29,30,31,32	boundary,domain	boundary,domain	20
chr1	28240000	3,4,5,6,7,8,9,10,11,12,13,14,15,16,17,18,19,20,21,22,23,24,25,26,27,28,29,30,31,32	boundary,domain	boundary,domain	30
chr1	28480000	26,27,30	boundary	boundary	3
chr1	28640000	19,20,22,23,24,25,26,27,28,29,30,31,32	boundary	boundary,domain	13
chr1	28760000	25,26,27,28,29,32	boundary	boundary	6
chr1	28880000	3,22,23,29	boundary,domain	boundary,domain	4
chr1	29240000	3,4,5,6,7,8,9,10,11,12,13,14,15,16,17,18,19,20,21,22,23,24,25,26,27,28,29,30,31,32	boundary,domain	domain	30
chr1	29480000	4	domain	domain	1
chr1	29880000	3	domain	domain	1
chr1	30040000	3	domain	domain	1
chr1	30400000	4	domain	domain	1
chr1	30720000	3,4,5,6,7,8,9,10,11,12,13,14,15,16,17,18,19,20,21,22,23,24,25,26,27,28,29,30,31,32	domain	boundary,domain	30
chr1	30920000	3,4,5,7,8,9,10,11,12,13,14,15,16,17,18,19,20,21,22,23,24,25,26,27,28,29,30,31,32	boundary,domain	boundary,domain	29
chr1	31080000	8,17,19,22,24,25,26,27,28,31,32	boundary,domain	boundary,domain	11
chr1	31160000	4,5,6,7,8,9,10	boundary,domain	domain	7
chr1	31360000	3,4,9,10	domain	boundary,domain	4
chr1	31440000	5,6,7,8,11,12,13,14,15,16,17,19,20,21,22,23,24,25,26,27,28,29,30,31,32	boundary,domain	boundary,domain	25
chr1	31600000	3,4,5,6,7,8,9,10,11,12,13,14,15,16,17,18,19,20,21,22,23,24,25,26,27,28,29,30,31,32	boundary,domain	boundary,domain	30
chr1	32040000	3,4,5,6,7,8,9,10,11,12,13,14,15,16,17,18,19,20,21,22,23,24,25,26,27,28,29,30,31,32	boundary,domain	boundary,domain	30
chr1	32200000	3	domain	domain	1
chr1	32360000	3,4,5,6,7,8,9,10,11,12,13,14,15,16,17,18,20,21,22,23,24,25,26,27,28,29,30,31,32	boundary,domain	boundary,domain	29
chr1	32640000	3,4	domain	domain	2
chr1	32880000	3,4,5,6,7,8,9,10,11,12,13,14,15,16,17,18,19,20,21,22,23,24,25,26,27,28,29,30,31,32	boundary,domain	boundary,domain	30
chr1	33120000	3,4,5,6,7,8,9,10,11,12,13,14,15,16,17,19,20,21,22,23,24,25,26,27,28,29,30,31,32	boundary,domain	boundary,domain	29
chr1	33200000	8,15,16,17,18,19,20,22	boundary	boundary,domain	8
chr1	33480000	3,12,13,14,15,16,17,18,19,20,21,22,23,24,25,26,27,28,29,30,31,32	boundary,domain	boundary,domain	22
chr1	33640000	3,4,5,6,7,8,9,10,11,12,13,14,19	boundary,domain	domain	13
chr1	33840000	4	domain	domain	1
chr1	34160000	3,4,5,6,7,8	domain	domain	6
chr1	34760000	3,4,5,6,7,8,9,10,11,12,13,14,15,16,17,18,19,20,21,22,23,24,25,26,27	domain	boundary,domain	25
chr1	34960000	8,11,12,25,26,27,28,29,30,31,32	boundary,domain	boundary,domain	11
chr1	35120000	27,28,29,30	boundary	domain	4
chr1	35400000	4,5	domain	domain	2
chr1	35840000	3,4,5,6,7,8,9,10,11,13,15	domain	boundary,domain	11
chr1	36120000	3,4,5,6,7,8,9,10,11,12,13,14,15,16,17,18,19,20,21,22,23,24,25,26,27,28,29,30,31,32	domain	boundary	30
chr1	36480000	3,4,5,6,7,8,9,10,11,12,13,14,15,16,17,18,19,20,21,22,23,24,25,26,27,28,29,30,31,32	boundary,domain	domain	30
chr1	37400000	3,4,5,6,7,8,9,10,11,12,13,14,15,16,17,18,19,20,21,22,23	domain	domain	21
chr1	37800000	23,24	domain	boundary,domain	2
chr1	37880000	3,13,14,21,22,23,25,26,27,28,31	boundary,domain	boundary,domain	11
chr1	38000000	3,4,5,6,7,8,9,10,11,12,13,14,15,16,17,18,19,20,23,31,32	boundary,domain	domain	21
chr1	38240000	3	domain	domain	1
chr1	38840000	3,4,5,6,7,8,9,10,11,12,13,14,15,16,17,18,19,20,21	domain	domain	19
chr1	39080000	3,5	domain	domain	2
chr1	39600000	3	domain	domain	1
chr1	39760000	3,4,5,6,7,8,9,10,11,12,13,14,15,16,17,18,19,20,21,22,23,24,25,26,27,28,29,30,31,32	domain	gap	30
chr1	39800000	3,4,5,6,7,8,9,10,11,12,13,14,15,16,17,18,19,20,21,22,23,24,25,26,27,28,29,30,31,32	gap	domain	30
chr1	40040000	3,4,5	domain	domain	3
chr1	40560000	3,4,5,6,7,8,9,10,11,12,13,14,15,16,17,18	domain	boundary,domain	16
chr1	40840000	4,15,16,17,21	boundary,domain	boundary,domain	5
chr1	41000000	3,4,5,6,7,8,9,10,11,12,13,14,15,16,17,18,19,20,21,24,25,26,27,28	boundary,domain	boundary,domain	24
chr1	41240000	3,4,5,6,7,8,9,10,11,12,13,14,15,16,17,18,19,20,21,22,23,24,25,26,27,28,29,30,31,32	boundary,domain	boundary,domain	30
chr1	41480000	3,4,5,6,7,8,9,10,11,12,13,14,15,16,17,18,19,20,21,22,23,24,25,26,27,28,29,30,31,32	boundary	domain	30
chr1	41800000	3,4	domain	domain	2
chr1	42160000	3,4,5,6,7,8,9,10,11,12,13,14,15,16,17	domain	domain	15
chr1	42760000	8,9	domain	domain	2
chr1	42840000	4,5,6,7,8,10,11,12,13,14,15,16,17,18,19,20,21,22,23,24,25,26,27,28,29,30,31,32	domain	boundary,domain	28
chr1	43160000	3,4,5,6,7,8,9,10,11,12,13,14,15,16,17,18,19,20,21,22,23,24,25,26,27,28,29,30,31,32	boundary,domain	boundary,domain	30
chr1	43440000	5,6,14,15,16,28,29,30,31,32	boundary,domain	domain	10
chr1	43760000	3,4,5,6,21	domain	domain	5
chr1	44080000	4,5,7,8,9,10,11,12,13,14,15,16,17,18,19,20,21,22,23,24,25,26,27,28,29,30,31,32	domain	boundary,domain	28
chr1	44360000	25,26,27,28	boundary,domain	boundary	4
chr1	44720000	3,4,5,6,7,8,9,10,11,12,13,14,15,16,17,18,19,20,21,22,23,24,25,26,27,28,29,30,31,32	boundary,domain	boundary,domain	30
chr1	45320000	3,4,5,6,7,8,9,10,11,12,13,14,15,16,17,18,19,20,21,22,23,24,25,26,27,28,29,30,31,32	boundary,domain	boundary,domain	30
chr1	45560000	3,4,5,6,7,8,9,10,11,12,13,14,15,16,17,18,19,20,21,22,23,24,25,26,27,28,29,30,31,32	boundary,domain	domain	30
chr1	46040000	17,19,20	domain	domain	3
chr1	46240000	3,4,7,8	domain	boundary,domain	4
chr1	46360000	3,4,5,6,7,8,9,10,11	boundary,domain	domain	9
chr1	46560000	3,4,5	domain	domain	3
chr1	46720000	3	domain	domain	1
chr1	46880000	3,4,5,6,7,8,9,10,11,12,13,14,15,16,17,18,19,20,21,22,23,24,25,26,27,28,29,30,31,32	domain	gap	30
chr1	46920000	3,4,5,6,7,8,9,10,11,12,13,14,15,16,17,18,19,20,21,22,23,24,25,26,27,28,29,30,31,32	gap	domain	30
chr1	47080000	3,4,5,6,7,8,9,10,11,12,13,14,15,16,17,18,19,20,21,22,23,24,25,26,27,28,29,30,31,32	domain	gap	30
chr1	47120000	3,4,5,6,7,8,9,10,11,12,13,14,15,16,17,18,19,20,21,22,23,24,25,26,27,28,29,30,31,32	gap	domain	30
chr1	47440000	3,4,5,6	domain	domain	4
chr1	47720000	3,4,5,6,7,8,9,10,11,12,13,14	domain	domain	12
chr1	47960000	3,4,5	domain	domain	3
chr1	48080000	6,7,8,9,10,11,12,14,15,16,17,18,19,20,21,22,23	domain	boundary,domain	17
chr1	48240000	3,4,5,6,7,8,9,10,11,12,13,14,15,16,17,18,19,20,21,22,23,24,25,26,27	boundary,domain	boundary,domain	25
chr1	48520000	4,5,6,7,8,9,19,20,21,22,23,24,25,26,27,28,31,32	boundary,domain	domain	18
chr1	48880000	3,4,5,6,7,8,9,10,11,12,13,14,15,16,17,18	domain	domain	16
chr1	49080000	3	domain	domain	1
chr1	49640000	3,4	domain	domain	2
chr1	50240000	3	domain	domain	1
chr1	50360000	3,4,5,6,7,8,9,10,11,12,13,14,15,16,17,18,19,20,21,22,23,24,25,26,27,28,29,30,31,32	domain	boundary,domain	30
chr1	50600000	28	boundary	boundary	1
chr1	50760000	3,4,5,24,25,26,27,28,29,30,31,32	boundary,domain	boundary,domain	12
chr1	51240000	3,4,5,6,7,8,9,10,11,12,13,14,15,16,17,18,19,20,21,22,23,24,25,26,27,28,29,30,31,32	boundary,domain	boundary,domain	30
chr1	51560000	19,21,22,24,25,27,28,29,30	boundary	boundary	9
chr1	51880000	4,5,6,7,8,9,10,11,12,13,14,15,16,17,18,19,20,21,22,23,24,25,26,27,28,29,30,31,32	boundary,domain	boundary,domain	29
chr1	52040000	3,4,5,6,7,8,9,10,11,12,13,14,15,16,17,18,19,20,21,22,23,24,25,26,27,28,29,30,31,32	boundary,domain	boundary,domain	30
chr1	52320000	24,25,26,27,28,29,30,31,32	boundary	domain	9
chr1	52720000	3,4,5,6,7,8,9,10,11,12,13,14,27,28,29,30,31,32	domain	domain	18
chr1	53240000	3,4,5,6,7,8,9,10,11,12,13,14,15,16,17,18,19,20,21,22,23,24,25,26,27,28,29,30,31,32	domain	boundary,domain	30
chr1	53400000	3,4,8,9,10,11,12,13,14,15,16,17,18,19,20,21,22,23,24,25,26,27,28,29,32	boundary,domain	boundary,domain	25
chr1	53800000	3,4,5,6,7,8,9,10,11,12,13,14,15,16,17,18,19,20,21,22,23,24,25,26,27,28,29,30,31,32	boundary,domain	boundary,domain	30
chr1	54000000	3,4,5,6,7,8,9,10,11,12,13,14,16,17,18	boundary	domain	15
chr1	54520000	3,4,5,6,7	domain	domain	5
chr1	54880000	3,4,5,6,7,8,9,10,11,12,13,15,16,20,21,22,24,25,30,31,32	domain	boundary,domain	21
chr1	55040000	3,4,5,6,7,8,9,10,11,12,13,14,15,16,17,18,19,20,21,22,23,24,25,26,27,28,29,30,31,32	boundary,domain	boundary,domain	30
chr1	55320000	3,4,5,6,7,8,9,10,11,12,14,15,16,17	boundary,domain	domain	14
chr1	55960000	3,4,5	domain	domain	3
chr1	56600000	3,4,5,6,7,10	domain	boundary,domain	6
chr1	56800000	3,4,5,6,7,8,9,10,11,12,13,14,15,16,17,18,19,20,21,22,23,24,25,26,27,28,29,30,31,32	domain	domain	30
chr1	57000000	3	domain	domain	1
chr1	57920000	3	domain	domain	1
chr1	58200000	29	domain	boundary	1
chr1	58520000	3,4,5,6,7,8,10,11,12,14,15,16,17,18,19,20,21,22,23,24,25,26,27,28,29,30,31,32	boundary,domain	boundary,domain	28
chr1	58680000	3,4,5,6,7,8,9,10,11,12,13,14,15,16,17,18,19,20,21,22,23,24,25,26,28,29,30,31,32	boundary	domain	29
chr1	59840000	3,4,5,6,7,8,9,10,11,12,13,14,15,16,17,18,19,20,21,22,23,24,25,26,27,28,29,30,31,32	domain	boundary,domain	30
chr1	59960000	4,5,6,7,8,11,12	boundary,domain	domain	7
chr1	60200000	3,4,5,8	domain	domain	4
chr1	60840000	3	domain	domain	1
chr1	60960000	4,5,6,7,8,9,10,11,12,13,14,15,16,17,18,19,20,21	domain	boundary,domain	18
chr1	61040000	3,5,21	boundary,domain	domain	3
chr1	61680000	3,4	domain	domain	2
chr1	61880000	3,4,5,6,7	domain	domain	5
chr1	62000000	9,10,12,16	domain	boundary	4
chr1	62160000	3,4,5,6,7,8,9,10,11,12,13,14,15,16,17,18,19,20,21,22,23,24,25,26,27,28,29,30,31,32	boundary,domain	boundary,domain	30
chr1	62440000	3,4,5,6,7,8,9,10,11,12,13,20,21,22,23,24,25,26,27,28,29,30,31,32	boundary,domain	domain	24
chr1	62800000	3,4,5,6,7,8,9,10,11,12,13,14,15,16,17,18,19,20,21,22,32	domain	domain	21
chr1	63280000	3,4,5,6,7,8,9	domain	domain	7
chr1	63560000	3,4,5,6,7,8,9,10,11,12,13,14,15,16,17,18,19,20,21,22,23,24,25,26,27	domain	domain	25
chr1	64240000	3,4,5,6,7,8,9,10,11,12,13,14,15,16,17,18	domain	domain	16
chr1	64680000	3,4,5,6,7,8,9	domain	boundary,domain	7
chr1	64840000	3,4,9,10,11,12,13,14,16,17	boundary,domain	domain	10
chr1	65080000	4,5,16,17,18,19	domain	domain	6
chr1	65200000	4,5,6,8,9,10,11	domain	domain	7
chr1	65720000	5,6,7,8,11	domain	domain	5
chr1	65960000	3,4,5	domain	domain	3
chr1	66240000	3,4,5,6,7	domain	domain	5
chr1	66520000	4,5,6	domain	domain	3
chr1	66600000	8,13,15,17	domain	boundary,domain	4
chr1	66760000	3,4,5,6,7,8,9,10,11,12,13,14,15,16,17,18,19,20,21,22,23,24,25,26,27,28,29,30,31,32	boundary,domain	boundary,domain	30
chr1	66960000	24	boundary	domain	1
chr1	67240000	4,5,6,24,25,26,27,28,29,30,31,32	boundary,domain	boundary,domain	12
chr1	67320000	13	domain	domain	1
chr1	67520000	3,4,5,6,7,8,9,10,11,12,13,14,15,16,17,18,19,20,21,22,23,24,25,26,27,28,29,30,31,32	boundary,domain	boundary,domain	30
chr1	67760000	9,22,23,26,27,30,31,32	boundary,domain	boundary,domain	8
chr1	67840000	3,4,5,6,7,8,23,24,25,26,27,28,29,30,31,32	boundary,domain	boundary,domain	16
chr1	68080000	3,4,5,6,29,30,31,32	boundary,domain	boundary,domain	8
chr1	68400000	4,5,6,7,8,9,10,11,12,13,14,15,16,17,18,19,20,21,22,23,24,25,26,27,28,29,30,31,32	boundary,domain	domain	29
chr1	68600000	3,13,17	boundary,domain	domain	3
chr1	68840000	3	domain	domain	1
chr1	69600000	5	domain	domain	1
chr1	69760000	4,5,6,7,9	domain	domain	5
chr1	70000000	9,10,15,16,17,19,20,21,23,24,26,29	domain	boundary,domain	12
chr1	70080000	3,4,5,6,7,8,9,10,11,12,13,14,15,16,17,18,19,20,21,22,23,25,26,27,28,29,30,31,32	boundary,domain	domain	29
chr1	70520000	3,4,5,6,7,8,9,10,11,12,13,14,16	domain	boundary,domain	13
chr1	70600000	9	boundary	domain	1
chr1	71080000	3,4,5,6,7,8,9,10,11,12,13,14,15,16,17,18,19,20,21,22,23,24,25,26,27,28,29,30	domain	domain	28
chr1	71520000	4,5,6,7,8,9,10,11,12	domain	domain	9
chr1	72080000	3,4,5,6,7,8,9,10,11,12,13	domain	domain	11
chr1	72520000	3,5,6,7,8,9,10,11,12,13,14,15,16	domain	boundary,domain	13
chr1	72600000	3,4,5,6,7,8,10	boundary,domain	domain	7
chr1	72920000	3,4	domain	domain	2
chr1	73240000	5	domain	domain	1
chr1	73720000	3,4,5,6,7,8,9,10,11,12,13,14,15,16,17,18,19,20,21,22,23,24,25,26	domain	boundary,domain	24
chr1	73880000	9,10,11	boundary	domain	3
chr1	74480000	3	domain	domain	1
chr1	74800000	3,4,5,6,7,8,9,10,11,12,13,14,15,16,17,18,19,20,21,22,23,24,25,26,27,28,29,30,31,32	domain	boundary,domain	30
chr1	75040000	3	domain	domain	1
chr1	75160000	3,4,5,6,7,8,9,27	domain	domain	8
chr1	75680000	3,4,5,11,12,13,23,26,27,28,29,30,31,32	domain	boundary,domain	14
chr1	75920000	3,4,5,6,7,8,9,10,11,12,13,14,15,16,17,18,19,20,21,22,23,24,25,26,27	boundary,domain	domain	25
chr1	76160000	3,4	domain	domain	2
chr1	77160000	3,4,5,6,7,8,9,10,11,12,13,14,15,16,17,18,19,20,21,22,23,24	domain	domain	22
chr1	77600000	3,4,5,6,7,8,9	domain	domain	7
chr1	77800000	19,20,22	domain	boundary	3
chr1	78000000	7,8,9,10,11,12,13,14,15,16,17,18,19,20,21,22,23,24,25,26,27,28,29,30,31,32	boundary,domain	boundary,domain	26
chr1	78120000	3,4,5,6,7,8,9,14,15,16,17,18,19,20,21,22,23,24,25,26,27,28,29,30,31,32	boundary,domain	domain	26
chr1	78600000	3,4,5,6,7,8	domain	boundary,domain	6
chr1	78760000	3,4,5,6,7,8,9,10,11,12,13,14,15,16,17,18,19,20,21,22,23,24,25,26,27,28,29,30,31,32	boundary,domain	domain	30
chr1	79240000	3,4,5,6,7,8,9,10,12,26,27,28,29	domain	boundary,domain	13
chr1	79400000	3,4,5,6,7,8,9,10,11,12,13,14,15,16,17	boundary,domain	domain	15
chr1	79800000	4,5,6,7	domain	domain	4
chr1	80200000	3,5,6,7,8,9,10,11,12,13,14,15,16,17,18,19,20,21,22,23	domain	domain	20
chr1	80320000	3,9,10	domain	domain	3
chr1	80880000	3,4	domain	domain	2
chr1	81280000	3,4,5,6,7,8,9,10,11,12,13,14,15,16,17,18,19,20,21,22,23,24,25,26,27,28,29	domain	domain	27
chr1	81560000	3,4	domain	domain	2
chr1	81800000	3,4,5,6,7,8	domain	domain	6
chr1	83120000	3,4,5,6,7,8,9,10,11,12,13,14,15,16,17,18,19,20,21,22,23,24,25,26,27,28,29,30,31,32	domain	gap	30
chr1	83480000	3,4,5,6,7,8,9,10,11,12,13,14,15,16,17,18,19,20,21,22,23,24,25,26,27,28,29,30,31,32	gap	domain	30
chr1	83880000	3,4,5,6,7,8,9	domain	domain	7
chr1	84120000	3,4,5	domain	domain	3
chr1	84440000	3,4,5,6	domain	domain	4
chr1	84760000	3,4,5,6,7	domain	domain	5
chr1	84960000	3,4,11	domain	domain	3
chr1	85080000	4,5,7,12,14,15,19	domain	boundary	7
chr1	85280000	3,4,5,6,7,8,9,10,11,12,13,14,15,16,17,18,19,20,21,22,23,24,25,26,27,28,29,30,31,32	boundary,domain	boundary,domain	30
chr1	85600000	18,19,20,22,24,25,26,27,32	boundary,domain	boundary,domain	9
chr1	85720000	23,25,31	boundary,domain	domain	3
chr1	86040000	3,16,17	domain	domain	3
chr1	86360000	3,4,5,6,7,8,9,10,11,12,13,14,15,16,17,18,19,20,21,22,23,24,25,26,27,28,29,30,31,32	domain	boundary,domain	30
chr1	86760000	5,6,7,8,9,10,11,12,13,20,21,22,23,24,25,26,27,28,29,30,31,32	boundary,domain	boundary,domain	22
chr1	87080000	3,4,5,6,7,8,9,10,11,12,13,14,15,16,17,18,19,20,21,22,23,24,25,26,27,28,29,30,31,32	boundary	domain	30
chr1	87280000	3,4,5,6,7,9	boundary,domain	domain	6
chr1	87560000	3	domain	domain	1
chr1	87960000	3,4,5,6,7,8,9,10,11,12	domain	domain	10
chr1	88400000	5,6	domain	domain	2
chr1	88600000	3,4,5,6,7,8,9,10,11,12,13,14,15,16,17,18,19,20,21,22,23,24,25,26,27,28,29,30,31,32	domain	boundary,domain	30
chr1	88880000	3,4,5,6,7,8,9,10,11,12,13,14,15,16,17,18,19,20,21,22,23,24,25,26,27,28,29,30,31,32	boundary,domain	domain	30
chr1	89480000	3,4,5,6,7,8,9,10,11,12,13,14	domain	domain	12
chr1	89800000	3,4,5,6,7,8,12,13,14,15,16,18,20,21,22,23,24,25,27,28,29,31,32	domain	boundary,domain	23
chr1	90040000	3,4,5,6,7,8,9,10,11,12,13,14,15,16,17,18,19,20,21,22,23,24,25,26,27,28,29,30,31,32	boundary,domain	domain	30
chr1	90560000	3,7	domain	boundary,domain	2
chr1	90680000	4,5,6,7,8,9,10,11,12,13	domain	domain	10
chr1	91040000	4	domain	domain	1
chr1	91200000	8	domain	domain	1
chr1	91320000	3,4,5,7,8,9,10,11,12,13,14,15,16,17,18,19,20	domain	boundary,domain	17
chr1	91400000	19	boundary	domain	1
chr1	91480000	3,4,5,6,7	domain	domain	5
chr1	91960000	3,4,5,6,7,8,9,10,11,12,13,14,15,16,17	domain	domain	15
chr1	92280000	3,4,5,6	domain	domain	4
chr1	92840000	3,4,5,6,7,8,9,10,11,12,13,14,15,16,17,18,19,20,21,22,23,24,25,26,27,28,29,30,31,32	boundary,domain	boundary,domain	30
chr1	93000000	3,4,5,6,9,11,12,13,14,15,16,17,18,19,20,21,22,23,24,25,26,27,28,29,30,31,32	boundary,domain	boundary,domain	27
chr1	93080000	7,8,9,14	boundary,domain	domain	4
chr1	93200000	11	domain	domain	1
chr1	93440000	3	domain	domain	1
chr1	93640000	3,4	domain	domain	2
chr1	93840000	3,4	domain	domain	2
chr1	93960000	5,6,7,8,9,10,11,12,13,14,15,16,17,18,19,20,21,22,23,24,25,26,27,28,29,30,31,32	domain	domain	28
chr1	94360000	3	domain	domain	1
chr1	94480000	3,4,5,6,7,8,9,10,11,12,13,14,15,16,17,18,19,20,21,22,23,24,25,26,27,28,29,30,31,32	domain	boundary,domain	30
chr1	94840000	3,4,5,6,7,8,9,10,11,12,13,14,15,16,17,18,19,20,21,22,23,24,25,26,27,28,29,30,31,32	boundary,domain	boundary,domain	30
chr1	95080000	3,4,5,6,7,8,9,10,11,12,13,14,15,16,17,18,19,20,21,22,23,24,25,26,27,28,29,30,31,32	boundary,domain	boundary,domain	30
chr1	95240000	3,4,5,6,7,8,9,10,11,12,13,14,15,16,17,18,19,20,21,22,23,24,25,26,27,28,29,30,31,32	boundary,domain	domain	30
chr1	95480000	4	domain	domain	1
chr1	96200000	3,4,5,6,7,8,9,10	domain	domain	8
chr1	96960000	3,4,5,6,7,8,9,10,11,12,13,14,15,16,17,18,19,20,21,22,23	domain	domain	21
chr1	98040000	3,4,5,6,7,8,9,10,11	domain	domain	9
chr1	98320000	3	domain	domain	1
chr1	98560000	3,4,5,6,7,8,9,10,11,12,13,14,15,16,17,18,19,20,21,22,23,24,25,26,27,28,29,30,31,32	domain	boundary,domain	30
chr1	98720000	18	boundary	domain	1
chr1	99160000	3,4,5,6,7,8,9,10,11,12,13,14,15,25,26,27,28,29,30,31,32	boundary,domain	domain	21
chr1	99480000	3,4,5,6	domain	domain	4
chr1	99760000	3,4,5,6,7,8,9,10,11,12,13,14,15,16,17,18,19,20,21,22,23,24,25,26,27,28,29,30,31,32	domain	domain	30
chr1	100480000	3,4,5,6,7,8,9,10,11	domain	domain	9
chr1	100920000	3,4,5,6,7,8,9,10,11,12,13,14,15,16,17,18,19,20,21,22,23,24,25,26,27,31,32	domain	boundary,domain	27
chr1	101040000	27	boundary	boundary	1
chr1	101120000	29	domain	boundary	1
chr1	101400000	3,4,5,6,7,8,9,10,11,12,13,14,15,16,17,18,19,20,21,22,23,24,25,26,27,28,29,30,31,32	boundary,domain	domain	30
chr1	101840000	7,8,11	domain	boundary	3
chr1	101920000	6,7	boundary,domain	boundary,domain	2
chr1	102000000	5,7,8,9,10,11,12,13,16	boundary,domain	boundary,domain	9
chr1	102120000	3,4,6	domain	domain	3
chr1	102280000	5,13,14,15,17	domain	boundary,domain	5
chr1	102400000	6,7,8,11,13,15	boundary,domain	boundary,domain	6
chr1	102480000	4,5,6,7,8,9,10,11,12	boundary,domain	domain	9
chr1	102680000	3,4,5,6	domain	domain	4
chr1	102880000	3	domain	domain	1
chr1	103040000	3,4,5,6,7,8,9,10,11,12,13,14,15,16,17,18,19,20,21,22,23,24,25,26,27,28,29,30,31,32	domain	gap	30
chr1	103080000	3,4,5,6,7,8,9,10,11,12,13,14,15,16,17,18,19,20,21,22,23,24,25,26,27,28,29,30,31,32	gap	domain	30
chr1	103600000	3,4,5,6,7,8,9,10,11,12,13,14,15,16,17,18,19,20,21,22,23,24,25,26,27,28,29,30,31,32	domain	gap	30
chr1	103880000	3,4,5,6,7,8,9,10,11,12,13,14,15,16,17,18,19,20,21,22,23,24,25,26,27,28,29,30,31,32	gap	domain	30
chr1	104120000	3,5	domain	boundary,domain	2
chr1	104200000	5	boundary	domain	1
chr1	104360000	6	domain	domain	1
chr1	104640000	3,4,5,6,7,8,9,10,11,12,13,14,15,16,17,18,19,20,21,22,23,24,25,26,27,28,29,30,31,32	domain	gap	30
chr1	104680000	3,4,5,6,7,8,9,10,11,12,13,14,15,16,17,18,19,20,21,22,23,24,25,26,27,28,29,30,31,32	gap	domain	30
chr1	105280000	4	domain	domain	1
chr1	105440000	3	domain	domain	1
chr1	105800000	4,5,6,7,9,10,11,12,13	domain	boundary,domain	9
chr1	105960000	3,5,6,7,8,10,13,14,15,16,17,18,19,20,21,22,23,24,25,26,27,28,29,30,31	boundary,domain	domain	25
chr1	106280000	3,4,5,6,7,8,9,10,11	domain	domain	9
chr1	107080000	3	domain	domain	1
chr1	107200000	5,6,7,8,9,10,11,12,13,14,15,16,17,18,19,20,21,22,23	domain	domain	19
chr1	107520000	5	domain	domain	1
chr1	107760000	3,4,5,6,7,8,9,10	domain	domain	8
chr1	108200000	3,4,5,6,7,8,9,10,11,12,13,14,15,16,17,18,19,20,21,22,23,24,25,26,27,28,29,30,31,32	domain	gap	30
chr1	108480000	3,4,5,6,7,8,9,10,11,12,13,14,15,16,17,18,19,20,21,22,23,24,25,26,27,28,29,30,31,32	gap	domain	30
chr1	108760000	3,4	domain	domain	2
chr1	108920000	9,10	domain	domain	2
chr1	109040000	4,5,6,7,8	domain	domain	5
chr1	109280000	3	domain	domain	1
chr1	109440000	3,4	domain	domain	2
chr1	109680000	3,4,5,6,7,8,9,10,11,12,13,14,15,16,17,18,19,20,21,22,23,24,25,26,27,28,29,30,31,32	domain	gap	30
chr1	109720000	3,4,5,6,7,8,9,10,11,12,13,14,15,16,17,18,19,20,21,22,23,24,25,26,27,28,29,30,31,32	gap	domain	30
chr1	110040000	3,4,5,6	domain	domain	4
chr1	110120000	7	domain	domain	1
chr1	110520000	3,4,5,6,7,8,9,10,11,12,13,14,15,16,17,18,19	domain	domain	17
chr1	110800000	4	domain	domain	1
chr1	111040000	4,5,6,7,8,27	domain	boundary,domain	6
chr1	111120000	9,10,11,12,13,14,15,16,17,18,19,20,21,22,23,24,25,26,29,30,31,32	domain	boundary,domain	22
chr1	111400000	3,4,5,6,7,8,9,10,11,12,13,14,15,16,17,18,19,20,21,22,23,24,25,26,27,28,29,30,31,32	boundary,domain	domain	30
chr1	111760000	3,4,5,6,7	domain	domain	5
chr1	112000000	3,4,5,6,7	domain	domain	5
chr1	112360000	3,4,5,6,7,8,9,10,11,12,13,14,15,16,17,18,19,20,21,22,23,24,25,26,27,28,29,30,31,32	domain	boundary,domain	30
chr1	112480000	12	boundary	domain	1
chr1	112720000	3,4,5,6,7,8,9,10,11,12,13,14,15,16,17,18,19,20,21,22,23,24,25,26,27,28,29,30,31,32	boundary,domain	boundary,domain	30
chr1	113080000	3,4,5,6,7,8,9,10,11,12,13,14,15,16,17,18,19,20,21,22,23,24,25,30,31,32	boundary,domain	domain	26
chr1	113760000	5,6,7,8,9,10,11,12,13,14,15,16,17,18,19,20,21,22,23,24,25,26,27	domain	boundary,domain	23
chr1	113960000	3,4,5,6,7,8,10,11,12,13,14,15,16,17,19,21	boundary,domain	domain	16
chr1	114320000	3,4,5,6,7,8,9,10,11	domain	domain	9
chr1	114800000	8,9,10,11,12,13,14,15,16,17,18,19,20,21,22,23,24,25,26	domain	domain	19
chr1	115120000	5	domain	domain	1
chr1	115520000	3,4,5,6,7,8,9	domain	boundary,domain	7
chr1	115600000	3,4,8,9,10,11,12,13	boundary,domain	domain	8
chr1	115800000	3,4,5,6,15,16,17,18,19	domain	domain	9
chr1	116080000	3,4,5,6,7,8,9,10,11	domain	domain	9
chr1	116360000	3	domain	domain	1
chr1	116600000	3,4,5,6,7,8,9,10,11,12,13,14,15,16,17,18,19,20,21,22,23,24,25,26,27,28,29,30,31,32	domain	gap	30
chr1	116640000	3,4,5,6,7,8,9,10,11,12,13,14,15,16,17,18,19,20,21,22,23,24,25,26,27,28,29,30,31,32	gap	domain	30
chr1	117080000	3,4,5,6,7,8,9,10	domain	domain	8
chr1	117320000	3,4,5,6,7,8,10,11,12,13,14,15	domain	boundary,domain	12
chr1	118000000	3,4,5,6,7,8,9,10,11,12,13,14,15,16,17,18,19,20,21,22,23,24,25,26,27,28,29,30,31,32	domain	domain	30
chr1	118160000	3	domain	domain	1
chr1	118720000	3,4,5,6	domain	domain	4
chr1	119000000	3,4,5,6,7,8	domain	domain	6
chr1	119280000	4,5,6,7,8,9,10,11,12,13,15,16	domain	boundary,domain	12
chr1	119400000	7	boundary	domain	1
chr1	119600000	5	domain	domain	1
chr1	119720000	3,4,5	domain	domain	3
chr1	119960000	3,4,5,6,7,8,9,10,11,12,13,14,15,16,17,18,19,20,21,22,23,24,25,26,27,28,29,30,31,32	domain	gap	30
chr1	145840000	3,4,5,6,7,8,9,10,11,12,13,14,15,16,17,18,19,20,21,22,23,24,25,26,27,28,29,30,31,32	gap	domain	30
chr1	146040000	3,4,5,6,7,8,9,10,11,12,13,14,15,16,17,18,19,20,21,22,23,24,25,26,27,28,29,30,31,32	domain	gap	30
chr1	147040000	3,4,5,6,7,8,9,10,11,12,13,14,15,16,17,18,19,20,21,22,23,24,25,26,27,28,29,30,31,32	gap	domain	30
chr1	147200000	3,4,5,6,7,8,9,10,11,12,13,14,15,16,17,18,19,20,21,22,23,24,25,26,27,28,29,30,31,32	domain	gap	30
chr1	147240000	3,4,5,6,7,8,9,10,11,12,13,14,15,16,17,18,19,20,21,22,23,24,25,26,27,28,29,30,31,32	gap	domain	30
chr1	147480000	3,4,5	domain	domain	3
chr1	147720000	3,4	domain	domain	2
chr1	147920000	3,4,5,6,7,8,9,10,11,12,13,14,15,16,17,18,19,20,21,22,23,24,25,26,27,28,29,30,31,32	domain	gap	30
chr1	149880000	3,4,5,6,7,8,9,10,11,12,13,14,15,16,17,18,19,20,21,22,23,24,25,26,27,28,29,30,31,32	gap	domain	30
chr1	150280000	3,4,5,6,7,8,9	domain	domain	7
chr1	150560000	3,4	domain	domain	2
chr1	151040000	4,5,6,7,8,9,10,11,12,13,14,15,16,17,20	domain	boundary	15
chr1	151160000	4,5,6,7,8,9,10,11,12,13,14,15,16,17,18,19,20,21,22,23,24,25,26,27,29,30,32	boundary,domain	boundary,domain	27
chr1	151440000	3,4,16,21,23	boundary,domain	boundary,domain	5
chr1	151920000	3,4,7	domain	boundary	3
chr1	152040000	3,4,5,6,7,8,9,10,11,12,13,14,15,16,17,18,19,20,21,22,23,24,25,26,27,28,29,30,31,32	boundary,domain	boundary,domain	30
chr1	152240000	4	domain	domain	1
chr1	152480000	3,4,5,6,7,8,9,10,11,12,13,14,15,16,17,18,19,20,21,22,23,24,31	boundary,domain	boundary,domain	23
chr1	152720000	3,4,5,6,7,8,9,10,11	boundary	boundary,domain	9
chr1	153040000	5,6	boundary,domain	domain	2
chr1	153320000	4,5,6,7,8,9,10,11,12,13,14,15,16,17,18,19,20,21,22,23,24,25,26,27,28,29,30,31,32	boundary,domain	boundary,domain	29
chr1	153520000	3,4,7,9,10,11,12,13,14,15,16,17,18,19,20,21,22,23,24,25,26,27,28,29,30,31,32	boundary,domain	boundary,domain	27
chr1	153640000	3,4,5,6,7,8,10,14,15,16,17,18,19,20,21,22,23,28,29,30	boundary,domain	boundary,domain	20
chr1	153800000	3	domain	domain	1
chr1	154000000	3,4,5,10,11,12,13,14,15,16,17,18,19,20,21,22,23,24,28,30	boundary,domain	boundary,domain	20
chr1	154200000	3,8,9	domain	boundary,domain	3
chr1	154280000	3,6,9,10,11,12,13,14,16,17,18,19,23	boundary,domain	domain	13
chr1	154960000	3,4,5,6,7,8,9,15,17,22,23,24,25,29,30,31,32	boundary,domain	boundary,domain	17
chr1	155080000	3,4,5,6,7,10,11,12,13,14,16,19,20,21,22,23,24,25,26,27,28,29,30,31,32	boundary,domain	boundary,domain	25
chr1	155200000	3,4,5,6,7,8,9,10,14,15,16,17,18,24	boundary,domain	domain	14
chr1	156080000	3,4,5,6,7,8,9,10,11,12,13,14,16,17	domain	boundary,domain	14
chr1	156360000	3,4,5,6,7,8,9,10,11,12,13,14,15,16,17,18,19,20,21,22,23,24,25,26,27,28,29,31	boundary,domain	boundary,domain	28
chr1	156680000	3,4,5,6,11	boundary,domain	boundary,domain	5
chr1	156760000	7,8,9,10,11,12,13,14,15,16,17,18,19,20,21,22,23,24,25,26,27,28,29,30,31,32	boundary,domain	boundary,domain	26
chr1	156960000	4,5,7,8,11,12,13,14,15,18,19,20,21,22,23,24,28	boundary	boundary,domain	17
chr1	157080000	4,6,9,10,15,16,17,18,19	boundary,domain	boundary,domain	9
chr1	157160000	3,4,5,6,7,8,9,10,15,19	boundary,domain	boundary,domain	10
chr1	157560000	3,4,5,6,7,8,9,10,11,12,13,14,15	domain	domain	13
chr1	157920000	3,4,5,6	domain	domain	4
chr1	158200000	3,4,5,6,7,8,9,10,11,12,13,14,15,16,17,18,19,20,21,22,23,24,25,26,27,28,29,30,31,32	domain	gap	30
chr1	158240000	3,4,5,6,7,8,9,10,11,12,13,14,15,16,17,18,19,20,21,22,23,24,25,26,27,28,29,30,31,32	gap	domain	30
chr1	158560000	3,4,5,6	domain	domain	4
chr1	158760000	3,4,5,6	domain	domain	4
chr1	159080000	3,4,5,6,7,8,9,10,11,12,13,14,15,16,17,18,19,20,21	domain	domain	19
chr1	159240000	3	domain	domain	1
chr1	159640000	31	domain	boundary	1
chr1	159760000	3,4,5,6,7,8,9,10,11,12,13,14,15,16,17,18,19,20,21,22,23,24,25,26,27,28,29,30,32	boundary,domain	boundary,domain	29
chr1	159920000	8,11,17,21,23,24,26,27,28,29,30	boundary,domain	boundary	11
chr1	160040000	3,4,5,6,7,8,9,10,11,12,13,14,15,16,17,18,19,20,21,22,23,24,25,26,27,28,29,30,31,32	boundary,domain	boundary,domain	30
chr1	160360000	3,4,5,6,7,8,9,10,11,12,13,14,15,16,17,18,19,20,21,22,23,24,25	boundary	domain	23
chr1	160640000	4,5,6,7,8,9,10,11,12,13,14,15,16	boundary,domain	domain	13
chr1	161000000	3,4,6,9,10	domain	boundary,domain	5
chr1	161160000	3,4,5,6	boundary,domain	domain	4
chr1	161440000	3,4,5,6,7,8,9,10,11,12,13,14,15,16,17,18,19,20,21,22,23,24,25,26,27,28,29,30,31,32	domain	gap	30
chr1	161680000	3,4,5,6,7,8,9,10,11,12,13,14,15,16,17,18,19,20,21,22,23,24,25,26,27,28,29,30,31,32	gap	domain	30
chr1	162040000	3,4,5,6	domain	domain	4
chr1	162480000	5,6,7,8,9,10,12,13,14,15,16,17,18,19	domain	boundary,domain	14
chr1	162600000	12,20,21	boundary,domain	boundary,domain	3
chr1	162840000	3,4,5,6,7,8,9,10,11,12,13,14,15,16,17,18,19,20,21,22,23,24,25,26,27,28	boundary,domain	boundary,domain	26
chr1	163080000	28,30	boundary,domain	boundary	2
chr1	163360000	4,5,6,7,8,9,10,11,12,13,14,15,16,17,18,19,20,21,22,23,24,25,26,27,28,29,30,31,32	boundary,domain	domain	29
chr1	164160000	8	domain	domain	1
chr1	164480000	7	domain	domain	1
chr1	164800000	3,4,5,6,7	domain	domain	5
chr1	165080000	3,4,5,6,7,8,9,10,11,12,13,14,15,16,17,18,19,20,21,22,23,24,25,26,27,28,29,30,31,32	domain	domain	30
chr1	165360000	3,4,5,6,7,10,11,12,13,14,15,16,17,18,19,20,21,22,23,24,25,26,27,28,29,30,31,32	boundary	boundary,domain	28
chr1	165600000	3,4,5,6,7,8,9,10,11,12,13,14,15,16,17,18,19,20,21,22,23,24,25,26,27,28,29,30,31,32	boundary,domain	boundary,domain	30
chr1	165920000	3,4,5,6,7,8,9,10,11,12,13,14,15,16,17,18,19,20,21,22,23,24	boundary,domain	domain	22
chr1	166440000	6	domain	boundary	1
chr1	166560000	3,4,5,6,7,8,9,11	domain	boundary,domain	8
chr1	166840000	3,4,5,6,7,8,9,10,11,12,13,14,15,16,17,18,19,20,21,22,23,24,25,26,27,28,29,30,31,32	boundary,domain	boundary,domain	30
chr1	167040000	3,4,18,19,20,21,22,23,24,25,26,27,28,29,30,31,32	boundary	boundary,domain	17
chr1	167200000	3,27	boundary	boundary	2
chr1	167560000	3,4,5,6,7,8,9,10,11,12,13,14,15,16,17,19,20,21,22,23,24,25,26,27,28,29,30,31,32	boundary,domain	boundary,domain	29
chr1	167720000	3,4,5,6,7,8,9,10,11,12,13,14,15,16,17,18,19,20,21,22,23,24,25,26,27,28,29,30,31,32	boundary,domain	boundary,domain	30
chr1	167920000	26	boundary	boundary	1
chr1	168200000	3,4,5,7,8,9,10,11,12,13,14,15,16,17,18,19,20,21,22,23,24,25,26	boundary,domain	boundary,domain	23
chr1	168280000	4,5,6,7	boundary,domain	domain	4
chr1	168560000	3,4,5,6,7,8,9,10,11,12,13,14,15	domain	domain	13
chr1	169040000	3	domain	domain	1
chr1	169240000	3,4,5,6,7,8,9,10,11,12,13,14,15,16,17,18,19,20,21,22,23,24,25,26,27,28,29,30,31,32	domain	gap	30
chr1	169280000	3,4,5,6,7,8,9,10,11,12,13,14,15,16,17,18,19,20,21,22,23,24,25,26,27,28,29,30,31,32	gap	domain	30
chr1	169880000	3,4,5,6,7,8,9,10,11,12,13,14	domain	domain	12
chr1	170520000	5	domain	domain	1
chr1	170960000	5,6,7,8,9,10,11,12,13,14,15,16,17,18,19,20,21	domain	boundary,domain	17
chr1	171080000	17,18,19,20,22,23,24,25,28,29	boundary,domain	boundary	10
chr1	171240000	3	domain	domain	1
chr1	171440000	3,4,5,6,7,8,9,10,11,12,13,14,15,16,17,18,19,20,21,22,23,24,25,26,27,28,29,30,31,32	boundary,domain	boundary,domain	30
chr1	171720000	6,11,12,13,14,15,16,26,27,28,29	boundary,domain	domain	11
chr1	172000000	3,5	domain	domain	2
chr1	172200000	3	domain	domain	1
chr1	172440000	3,4,5,6,7,8,9,10,11,12,13,14,15,16,17,18,19,20,21,22,23,24,25,26,32	domain	boundary,domain	25
chr1	172600000	9,13,14,15,16,19,21,23,24,25,26,28	boundary,domain	boundary,domain	12
chr1	172720000	5,6,7,8,9,10,11,12,13,15,16,17,18,19,24,25,26,27	boundary,domain	domain	18
chr1	173240000	3,6,7,8,9,10	domain	domain	6
chr1	173360000	3,12,13	domain	domain	3
chr1	173760000	5	domain	domain	1
chr1	173880000	6,7,8,9,10	domain	domain	5
chr1	174240000	3,4,5,6,7,8,9,10,11,12,13,14,15,16,17,18,19,20	domain	domain	18
chr1	175000000	3,4,5,6,7,8,9,10,11,12,13,14,15,16,17,18,19,20,21,22,23,24,25,26,27,28,29,30,31,32	domain	boundary,domain	30
chr1	175360000	3,4,5,6,7,8,9,10,11,12,13,14,15,16,17,18,19,21,22,23,24,25,28	boundary,domain	domain	23
chr1	175880000	3,4,5,6,7,8,9	domain	domain	7
chr1	176320000	4,5,6,7,8,9,10,11,12,13,14,15,16,17,18	boundary,domain	domain	15
chr1	176920000	3,4,5,6,7,8,9,10,11,12,13,14,15,16,17	domain	domain	15
chr1	177160000	3,4	domain	domain	2
chr1	177240000	6	domain	domain	1
chr1	177760000	3	domain	domain	1
chr1	178000000	3,4,5,6,7,8,9,10,11,12,13,14,15,16,17,18,19,20,21,22,23,24,25,26,27,28,29,30,31,32	domain	boundary,domain	30
chr1	178200000	17	boundary	domain	1
chr1	178280000	5,6,7,20,21,22,23,24,25,26,27,28,29,30,31,32	boundary,domain	boundary,domain	16
chr1	178480000	30,31	boundary	domain	2
chr1	179040000	3,4,5,6,7,8,9,10,11,12,13	domain	domain	11
chr1	179440000	3,4,5,6,7,8,9,10,11,18,19,20,21,22,23,24,25,28,29,32	domain	boundary	20
chr1	179680000	3,4,5,6,7,8,9,10,11,12,13,14,15,16,17,18,19,20,21,22,23,24,25,26,27,28,29,30,31,32	boundary,domain	boundary,domain	30
chr1	179800000	3,4,5,6,7,8,9,10,11,12,13,14,15,16,17,19,26,27,28,29,30,31,32	boundary,domain	domain	23
chr1	180200000	4,5,6,7,8	domain	domain	5
chr1	180360000	12	domain	boundary	1
chr1	180480000	3,4,5,6,7,8,9,10,11,12,13,14,15,16,17,18,19,20,21,22,23,24,25,26,27,28,29,30,31,32	boundary,domain	domain	30
chr1	180880000	5,6,7,8,31	domain	boundary,domain	5
chr1	180960000	26	domain	boundary	1
chr1	181040000	10,20,22,23,24,25,26,27,28,29,30,31,32	boundary,domain	boundary,domain	13
chr1	181160000	3,4,5,6,7,8,9,10,11,12,13,14,15,16,17,18,19,20,21,22,23,24,25,26,27,28,29,30,31,32	boundary,domain	boundary,domain	30
chr1	181440000	3,4,5,6,7,8,9,10,11,12,13,14,15,16,17,18,19,20,21,22,23,24,25,26,27,28,29,30	boundary,domain	domain	28
chr1	182040000	3,4,5,6,7,8,9,10,11,12,13,14,15	domain	domain	13
chr1	182440000	3,4,5,6,7,8,9,11	domain	boundary,domain	8
chr1	182560000	3,7,8,9,10,11,12,13,14,15,16,17,18,19,20,21,22,23,24,25,26,27,28,29,30,31,32	boundary,domain	boundary,domain	27
chr1	182840000	3,4,5,6,7,8,9,10,11,12,13,14,15,16,17,18,19,20,21,22,23,24,25,26,27,28,29,30,31,32	boundary,domain	boundary,domain	30
chr1	182920000	4	domain	domain	1
chr1	183240000	3,4,5,6,7,8,16,17,18,19,20,21,22,23,24,25,26,27,28,29,30,31,32	boundary,domain	boundary,domain	23
chr1	183640000	4,5,6,7,8,9,11,12,13,14,15,16,17,18,19,20,21,22,23,24,25,26,27,28,29,30,31,32	boundary,domain	boundary,domain	28
chr1	183760000	20	boundary	domain	1
chr1	183920000	3,4,5,6,15,16,18,19,20,28,29,30,31	boundary,domain	boundary,domain	13
chr1	184000000	7,8,9,10,11,12,13,14,15,16,17,19,20,21,22,23,24,25,26,27,28,29,30,31,32	boundary,domain	boundary,domain	25
chr1	184200000	30,31,32	boundary	boundary,domain	3
chr1	184760000	3,4,5,6,7,8,9,10,11,12,13,14,15,16,17,18,19,20,21,22,23,24,25,26,27,28,29,30,31,32	boundary,domain	boundary,domain	30
chr1	185000000	3,4,5,11,12,13,14,15,16,17,18,19,20,21,22,23,24,25,26,27,28,29,30,31,32	boundary,domain	boundary,domain	25
chr1	185200000	3,4,7,8,9,10,11,12,13,14,15,16,17,18,19,20,21,22,23,24,25,26,27,28,29,30,31,32	boundary,domain	boundary,domain	28
chr1	185320000	18,19	boundary,domain	domain	2
chr1	185720000	3,4,5,6,7,8,9,10,11,12,13,14,15,16,17,18,19,20,21,22,23,24,25,26,27,28,29,30,31,32	domain	domain	30
chr1	185960000	4	domain	domain	1
chr1	186280000	3,4,5,6,7,8,9,10,11,12,13,14,15,16,17,18,19,20,21,22,23,24,25,26,27,28,29,30,31,32	domain	domain	30
chr1	186440000	3,4,5	domain	domain	3
chr1	186640000	3	domain	domain	1
chr1	187040000	3,4,5,6,7,8,9,10,11,12,13,14,15,16,17,18,19,20,21,22,23,24,25,26,27,28,29,30,31,32	domain	domain	30
chr1	187240000	3	domain	domain	1
chr1	187440000	3	domain	domain	1
chr1	188080000	7,8,9	domain	domain	3
chr1	188200000	5,6	domain	domain	2
chr1	188400000	3	domain	domain	1
chr1	188840000	3,4,5,6	domain	domain	4
chr1	189360000	4,6	domain	domain	2
chr1	189480000	3,4,5,6,7,8,9,10,11,12,13	domain	domain	11
chr1	189760000	3,4,5	domain	domain	3
chr1	189840000	6,7	domain	domain	2
chr1	190120000	5	domain	domain	1
chr1	190400000	3,4,5,6,7,8,9,10,11,12	domain	domain	10
chr1	190760000	3	domain	domain	1
chr1	191040000	7,8,9,10	domain	domain	4
chr1	191160000	6,8,9	domain	domain	3
chr1	191240000	12,14	domain	domain	2
chr1	191360000	3,6,7,8,9,10,11,12,14	domain	domain	9
chr1	191480000	5,7	domain	domain	2
chr1	191560000	4,5,6	domain	domain	3
chr1	191640000	3	domain	domain	1
chr1	192000000	3,4,5,6	domain	domain	4
chr1	192320000	3,4,7	domain	boundary,domain	3
chr1	192440000	3,4,5,6,7,8,9,10,11,12,13,14,15,16,17,18,19,20,21,22,23,24,25,26,27,28,29,30,31,32	boundary,domain	boundary,domain	30
chr1	192600000	17	boundary	domain	1
chr1	192800000	3,4	domain	domain	2
chr1	193040000	3,4,18,19,20,21,22,23,24,25,26,27,28,29,30,31,32	boundary,domain	boundary,domain	17
chr1	193120000	3,4,5,6,7,8,9,10,11,12,13,14,15,16,17,18,19	boundary,domain	domain	17
chr1	194000000	3	domain	domain	1
chr1	194360000	4,5,6,7,8,9,10,12,13,14,15,21	domain	domain	12
chr1	194480000	4	domain	domain	1
chr1	194560000	3,13,14,17,19	domain	domain	5
chr1	194720000	3,4,5,6,7,8,9,10,11,12,13,14,15	domain	boundary,domain	13
chr1	195040000	6,8,9,10	domain	boundary	4
chr1	195200000	3,4,5,6,7,8,12,13,14,18	domain	boundary	10
chr1	195360000	3,4,5,6,7,8,9,12,15,16,17,24,27,30	boundary,domain	boundary,domain	14
chr1	195480000	4,5,6,7,9,10,11,12,13,14,16,17,19,21,22,23,25,28,29,31	boundary,domain	boundary,domain	20
chr1	195600000	3,4,5,6,7,10,11,14,15,16,17,18,19,20,21,22,23,24,26,27	boundary,domain	boundary,domain	20
chr1	195840000	4,5,6,7,12,13,14,15,17,18	boundary	domain	10
chr1	196000000	3,7	boundary,domain	boundary,domain	2
chr1	196080000	4,5,7,8,9,10,11	boundary,domain	domain	7
chr1	196200000	3,6	boundary	domain	2
chr1	196440000	5	domain	domain	1
chr1	196760000	3,4,5,6,7,8,9,10,11,12,13,14,15,16,17,18,19,20,21,22,23,24,25,26,27,28,29,30,31,32	domain	gap	30
chr1	196960000	3,4,5,6,7,8,9,10,11,12,13,14,15,16,17,18,19,20,21,22,23,24,25,26,27,28,29,30,31,32	gap	domain	30
chr1	197520000	3,5,6,7,8,9,10,11	boundary,domain	domain	8
chr1	197920000	3,4,5,6,7,8,9,10	domain	domain	8
chr1	198720000	3,4,5,6,7,8,9,10,11,12,13,14,15,16,17,18,19,20,21,22,23,24,25,26,27,28,29,30,31,32	domain	domain	30
chr1	199120000	5	domain	domain	1
chr1	199200000	4	domain	domain	1
chr1	199560000	4,5,6,7,8,9,10,11,12,13,14,15,16,17,18,19,20,21,22,23,24,25,26,27,28,29,30	domain	boundary,domain	27
chr1	199640000	3,5,6	boundary,domain	domain	3
chr1	200280000	3,4,5	domain	domain	3
chr1	200560000	3,4,5,6,7,8,9,10,11,12,13,14,15,16,17,18,19,20,21,22,23,24,25,26,27,28,29,30,31,32	domain	boundary,domain	30
chr1	200920000	4,5,6,7,8,9,10,11,12,13,14,15,16,17,18,19,20,21,22,23,24,25,26,27,28,29,30,31,32	boundary,domain	boundary,domain	29
chr1	201160000	11,12,13,15,17,18,20,22,23,25	boundary,domain	boundary,domain	10
chr1	201240000	3,4,5,6,9,10,16,19,20,23,24,26,28,29	boundary,domain	boundary,domain	14
chr1	201440000	3,4,5,6,7,8,9,10,11,12,13,14,15,16,17,18,19,20,21,22,23,24	boundary,domain	domain	22
chr1	201840000	3,4,5,6,7,8,9,10,11,12,13	domain	boundary,domain	11
chr1	202000000	3,4,5,6,7,8,9,10	boundary,domain	domain	8
chr1	202160000	3,4,5,6	domain	domain	4
chr1	202440000	3,4,5,6,7,8,9,10,11,12,13,14,15,16,17,18,19,20,21,22,23,24,25,26,27,28,29,30,31,32	domain	gap	30
chr1	202560000	3,4,5,6,7,8,9,10,11,12,13,14,15,16,17,18,19,20,21,22,23,24,25,26,27,28,29,30,31,32	gap	domain	30
chr1	203000000	3,4,5,6,7,8,9,10	domain	domain	8
chr1	203240000	3,4,5,6,11,12,13,16	domain	domain	8
chr1	203480000	3,4,5,6,7,8,9,10,11,18,19,20,21,22	domain	domain	14
chr1	203800000	3,4,6,7,8,9,10,11,12,13,14,15,16,17,18,19,20	domain	domain	17
chr1	204160000	3,4,5,6,7	domain	domain	5
chr1	204400000	3,4,5,6,7,8,9,10,11,12,13,14,16,17,18,19,22,23,24,25,26,27,28,29,30,31	domain	boundary,domain	26
chr1	204520000	3,4,5,6,7,8,9,10,11,12,13,14,15,16,17,18,19,20,21,22,23,24,25,26,27,28,29,30,31,32	boundary,domain	domain	30
chr1	204960000	3,4,5,6,7,8,9,28	domain	domain	8
chr1	205080000	3,6	domain	domain	2
chr1	205320000	5,7,8,9,10,11,12,13,14,15,16,17,18,19,20	domain	boundary,domain	15
chr1	205560000	3,4,5,6,7,8,9,10,11,12,13,14	boundary,domain	boundary,domain	12
chr1	205760000	3,4,5,6,7,8,9	boundary,domain	domain	7
chr1	206160000	3,4,5,6,7,8,9,10,11,12,13,14,15,16,17,18,19,20,21,22,23,24,25,26,27,28,29,30,31,32	domain	gap	30
chr1	206400000	3,4,5,6,7,8,9,10,11,12,13,14,15,16,17,18,19,20,21,22,23,24,25,26,27,28,29,30,31,32	gap	domain	30
chr1	206680000	3,4,5,6	domain	domain	4
chr1	207080000	3,4,5,6,7,8,9,10,11	domain	domain	9
chr1	207520000	3,4,5,6,7,8,9,10,11,12,13,14,15,16,17,18,19,20,21,22,23,24,25,26,27,28,29,30,31,32	domain	gap	30
chr1	207560000	3,4,5,6,7,8,9,10,11,12,13,14,15,16,17,18,19,20,21,22,23,24,25,26,27,28,29,30,31,32	gap	domain	30
chr1	207720000	3	domain	domain	1
chr1	207800000	4,5	domain	boundary	2
chr1	207880000	4,5,7	boundary,domain	boundary,domain	3
chr1	208000000	3,4,5,6,7,8,9,10,11	boundary,domain	domain	9
chr1	208280000	3,4,5,6,7,8,9,10,11,12,13,14,15,16	domain	domain	14
chr1	208640000	3,4,5,6,7,8,9	domain	domain	7
chr1	209200000	3,4,5,6,7,8,9,10,11,12,13,14,16	domain	domain	13
chr1	209560000	3,4,5,6,7,8,9,10,11,12,13,14,15,18,19,20,23,24,25,27,28,29,30,31,32	domain	boundary,domain	25
chr1	209840000	3,4,5,6,7,8,9,10,11,12,13,14,15,16,17,18,19,20,21,22,23,24,25,26,27,28,29,30,31,32	boundary,domain	boundary,domain	30
chr1	210000000	27	boundary	domain	1
chr1	210080000	3,4,5,6,7,10,14,15	boundary,domain	domain	8
chr1	210320000	20,32	domain	domain	2
chr1	210440000	3,4,5,6,7,8,9,10,11,12,13	domain	domain	11
chr1	210600000	3,4,5	domain	domain	3
chr1	211120000	3,4,5,6,7,8,9,10,11,12	domain	boundary,domain	10
chr1	211280000	3,4,5,6,7,8,9,10,11,12,13,14,15,16,17,18,19,20,21,23,25,26,27,28,29,30,31,32	boundary,domain	boundary,domain	28
chr1	211480000	13,14,15,17,20,21,22,23,24,25,26,30,31,32	boundary,domain	boundary,domain	14
chr1	211680000	3,4,5,6,7,8,9,10,11,12,13,14,15,16,17,18,19,20,21,22,23,24,25,27,28,29,30,31,32	boundary,domain	domain	29
chr1	212040000	3,4,5,6,7,8	domain	domain	6
chr1	212480000	3,4,5,6,7,8,9,10,11,12,13,16,17	domain	boundary,domain	13
chr1	212640000	3,4,14,21,28	domain	boundary,domain	5
chr1	213040000	3,4,5,6	domain	domain	4
chr1	213120000	5,7,8,9,10,11,12,13,14,15,16,17,18,19,20,21,22,23,24,25,26,27,28,29,30,31,32	boundary,domain	boundary,domain	27
chr1	213280000	3,4,5,6,7,8,9,10,11,12,13,14,15,16,17,18,19	boundary,domain	domain	17
chr1	213920000	3	domain	domain	1
chr1	214160000	3,4,5,6,7,8,9,10,11,12,13,14,15,16,17,18,19,20,21,22,23,24,25,26,27,28,29,30,31,32	domain	boundary,domain	30
chr1	214320000	15,16,17,18,19,20,21,22,23,26,29,30,31	boundary	boundary,domain	13
chr1	214640000	3,4,5,6,7,8,9,10,11,12,13,14,15,16,17,18,19,20,21,22,23,24,25,26,27,28,29,30,31,32	boundary,domain	domain	30
chr1	215160000	4,5	domain	domain	2
chr1	215520000	3,4,5,6,7,8,9,15	domain	boundary,domain	8
chr1	215680000	3,4,5,6,7,8,9,10,11,12,13,14,15,16,17,18,19,20,21,22,23,24,25,26,27,28,29,30,31,32	boundary,domain	domain	30
chr1	216200000	4,5,6,7,8,9	domain	domain	6
chr1	216720000	3,4,5,6,7,8,9,10,11,12,13,14,15,16,17	domain	domain	15
chr1	217680000	3,4,5,6,7,8,9	domain	domain	7
chr1	218280000	3,4,5,6,7,8,9,10,11,12,13,14,15,16,17,18,19,20,21,22,23,24,25,26,27,28,29,30,31,32	domain	domain	30
chr1	219080000	6	domain	domain	1
chr1	219600000	3,4,5,6,7	domain	domain	5
chr1	219840000	4,5,6,7,8,9,10,11,12,13,14,15,16,17,18,19,20,21,29,30	domain	boundary,domain	20
chr1	220200000	3,4,5,6,7,8,9,10,11,18,19,22,23,24,25,26,27,28,29,30,31,32	boundary,domain	boundary,domain	22
chr1	220480000	3,31	boundary	boundary	2
chr1	220800000	3,4,5,6,7,8,9,10,11,12,13,14,15,16,17,18,19,20,21,22,23,24,25,26,27,28,29,30,31,32	boundary,domain	domain	30
chr1	221240000	3,4,5	domain	domain	3
chr1	221480000	3,4,5,6,7,8,9,10,11,12,13,14,15,16,17,19	domain	domain	16
chr1	222200000	3,4,5,6	domain	domain	4
chr1	222480000	3,4,5,6,7,8,9,10,11,12,13,14,15,16,17,18,19,20,21,22,23,24,25,26,27,28,29,30,31,32	domain	gap	30
chr1	222520000	3,4,5,6,7,8,9,10,11,12,13,14,15,16,17,18,19,20,21,22,23,24,25,26,27,28,29,30,31,32	gap	domain	30
chr1	222720000	3,4	domain	domain	2
chr1	223120000	3,4,5,6,7,8,9,10,11,12,13,14	domain	boundary,domain	12
chr1	223200000	10	boundary	domain	1
chr1	223560000	3,4,5,6,7,8,9,10,11,12,13,14,15,16,17,18,19,20,21,22,23,24,25,26,27,28,29,30,31,32	domain	gap	30
chr1	223600000	3,4,5,6,7,8,9,10,11,12,13,14,15,16,17,18,19,20,21,22,23,24,25,26,27,28,29,30,31,32	gap	domain	30
chr1	223680000	3,4	domain	domain	2
chr1	223880000	3,4,5,6,7,8,9,10,11,12,13,14,15,16,17,18,19,20,21,22,23,24,25,26,27,28,29,30,31,32	domain	gap	30
chr1	224040000	3,4,5,6,7,8,9,10,11,12,13,14,15,16,17,18,19,20,21,22,23,24,25,26,27,28,29,30,31,32	gap	domain	30
chr1	224360000	3,4	domain	domain	2
chr1	224480000	3,4,5,6,7,8,9,10	domain	domain	8
chr1	224960000	4,5,6,7,8,9,10,11,12	domain	domain	9
chr1	225320000	16,17	domain	boundary	2
chr1	225440000	3,4,5,6,7,8,9,10,11,12,13,14,15,16,17,18,19,20,21,22,23,24,25,26,27,28,29,30,31,32	domain	boundary,domain	30
chr1	226040000	4,5,6,7,8,11,12,17,21,25,27,29,30,31,32	boundary,domain	boundary,domain	15
chr1	226120000	9,10,11,12,13,14,15,16,17,18,19,20,21,22,23,24,25,26,27,28,29,30,31,32	boundary,domain	boundary,domain	24
chr1	226400000	3,4,5,6,7,8,9,10,11,13,14,15,16,17,18,19,20,21,22,23,25,26,28,29	boundary,domain	boundary,domain	24
chr1	226600000	3,4,10	domain	domain	3
chr1	226880000	3,4,5,6,7,8,9,10,11,12,13,14,15,16,17,18,19,20,21,22,23,24,25,26	boundary,domain	domain	24
chr1	227480000	3,4,5,6,7,8,9,10,11	domain	domain	9
chr1	227720000	3,4,5	domain	domain	3
chr1	227960000	3,4,5,6,7,8,9,10,11,12,13,14,15,16,17,18,19,20,21,22,23,24,25,26,27,28,29,30,31,32	domain	gap	30
chr1	228000000	3,4,5,6,7,8,9,10,11,12,13,14,15,16,17,18,19,20,21,22,23,24,25,26,27,28,29,30,31,32	gap	domain	30
chr1	228160000	3	domain	domain	1
chr1	228520000	3,4,5,6,7,8,9,10,11,12,13,14,15,16,17,18,19,20,21,22,23,24,25,26,27,28,29,30,31,32	domain	gap	30
chr1	228640000	3,4,5,6,7,8,9,10,11,12,13,14,15,16,17,18,19,20,21,22,23,24,25,26,27,28,29,30,31,32	gap	domain	30
chr1	229240000	3,4,5,6,7,8,9,10,11,12,13,14,15,16	domain	boundary,domain	14
chr1	229520000	3,12,13,14,15,16,17,18,19,20,21	boundary,domain	domain	11
chr1	229640000	3,4,5,6,7,8,9,10,11,12	boundary,domain	domain	10
chr1	230320000	4,5,6,7,8,9,14,15	domain	domain	8
chr1	230440000	16,17	domain	boundary	2
chr1	230600000	3,4,5,6,7,8,9,10,11,12,13,14,15,16,17,18,19,20,21,22,23,24,26,27,28,29,30,31,32	boundary,domain	boundary,domain	29
chr1	230680000	30	boundary	domain	1
chr1	230800000	3,4,25,26,27,28	boundary,domain	domain	6
chr1	231240000	3,4,5,6,7,8,9,10,17,20,22,27,28,29,30	domain	boundary,domain	15
chr1	231320000	11,12,13,14,15,16,17,18,19,20,21,22,23,24,25,26,27,28,29,30,31,32	boundary,domain	boundary,domain	22
chr1	231640000	3,4,5,6,7,8,9,10,11,12,13,14,15,17,18,19,20,21,22,23,24,25,26,27,28,29,30,31,32	boundary,domain	boundary,domain	29
chr1	231720000	13,16	boundary,domain	boundary,domain	2
chr1	231840000	3,4,5,6,7,8,9,10,11,12,13,14,17	boundary,domain	domain	13
chr1	232120000	3,4,5	domain	domain	3
chr1	232600000	3,4,5,6,7,8,9,10,11	domain	domain	9
chr1	232800000	3	domain	domain	1
chr1	233280000	3,4,5,6,7,8,9,10,11,12,13,14,15,16,17,18,19,20,21,22,23,24,25,26,27,28,29,30,31,32	domain	domain	30
chr1	233400000	3	domain	domain	1
chr1	233760000	3,4	domain	domain	2
chr1	233840000	5	domain	domain	1
chr1	234120000	3,12,14	domain	domain	3
chr1	234320000	3	domain	domain	1
chr1	234440000	3,4,5,6,7	domain	domain	5
chr1	234800000	3,4,5,6,7,8,9,10,11,12,13,14,15,16,17,18,19,20,21,22,23,24,25,26,27,28,29,30,31,32	domain	gap	30
chr1	234840000	3,4,5,6,7,8,9,10,11,12,13,14,15,16,17,18,19,20,21,22,23,24,25,26,27,28,29,30,31,32	gap	domain	30
chr1	235120000	3,4,5,6	domain	domain	4
chr1	235480000	3,4,5,6,7,8,9,10,11,12,13,14,15	domain	domain	13
chr1	235840000	3,4,6,14,15,17,22,23,24	domain	domain	9
chr1	236040000	3,4,5,6,7,8,9,10,11,12,13,14,15,16,17,18,19,20,21,22,23,24,25,26,27,28	boundary,domain	boundary,domain	26
chr1	236560000	3,4,5,6,7,8,9,10,11,12,13,14,15,16,17,18,19,20,21,22,23,24,25,26,27,28,29,30,31,32	boundary,domain	boundary,domain	30
chr1	236800000	14,17,18	boundary,domain	boundary,domain	3
chr1	236920000	3,4,5,6,7,8,9,10,11,15,18,19,20,21,22,30,31,32	boundary,domain	domain	18
chr1	237440000	3,4,5,6	domain	boundary,domain	4
chr1	237720000	3,4,5,6,7,8,9,10,11,12,13,14,15,16,17,18,19,20,21,22,23,24,25,26,27,28,29,30,31,32	boundary,domain	domain	30
chr1	238200000	3,4,5,6,7	domain	domain	5
chr1	238400000	5	domain	domain	1
chr1	238600000	3,4,5,6,7	domain	domain	5
chr1	238880000	6	domain	domain	1
chr1	238960000	3,4,5	domain	domain	3
chr1	239160000	3	domain	domain	1
chr1	239360000	3,4,5,6,7,8,9,10,11,12,13,14	domain	domain	12
chr1	239920000	3,4,5,6	domain	boundary,domain	4
chr1	240000000	6,7,8,9,10,11,12,13,14,15,18,21,26	boundary,domain	boundary,domain	13
chr1	240160000	3,4,5,6,8,9,11,12,14,16,17,18,19,20,21,22,23,24,25,26,27,28,29,30,31,32	boundary,domain	boundary,domain	26
chr1	240440000	4,5,6,7	domain	domain	4
chr1	240640000	28,31,32	boundary	domain	3
chr1	240720000	4,5,6,7,8,9,10,11,12,13,14,15,16	domain	domain	13
chr1	241120000	3,4,5,6,7,20	domain	domain	6
chr1	241200000	24	domain	domain	1
chr1	241320000	18,22	domain	boundary,domain	2
chr1	241480000	3,4,5,6,7,8,9,10,11,12,13,14,15,16,17,18	domain	domain	16
chr1	241840000	3,4	domain	domain	2
chr1	241960000	3,4,6	domain	domain	3
chr1	242240000	3,4,5,6,7,8,9,10,11,12,13,14,15,16,17,18,19,20,21,22,23,24,25,26,27,28,29,30,31,32	domain	gap	30
chr1	242360000	3,4,5,6,7,8,9,10,11,12,13,14,15,16,17,18,19,20,21,22,23,24,25,26,27,28,29,30,31,32	gap	domain	30
chr1	242880000	3,4,5,6,7,8,9,10,11,12,13,14,15,16,17,18,19,20,21,22,23,24,25,26,27,28,29,30,31,32	domain	gap	30
chr1	243200000	3,4,5,6,7,8,9,10,11,12,13,14,15,16,17,18,19,20,21,22,23,24,25,26,27,28,29,30,31,32	gap	domain	30
chr1	244040000	3,4	domain	domain	2
chr1	244320000	3,4,5,6,7,8,9,10,11,12,13,14,15,17	domain	boundary,domain	14
chr1	244440000	3,4,5,6,9,10,11,12,13,14,15,16,17,18,19,20,21,22,23,24,25,26,27,28,29,30,31	boundary,domain	boundary,domain	27
chr1	244800000	3,4,20,21,25,26,27,28,29,30,31	boundary,domain	boundary,domain	11
chr1	245080000	3,4,5,6,7,8,9,10,11,12,13,14,15,16,17,18,19,20,21,22,23,24,25,26,27,28,29,30,31,32	boundary,domain	domain	30
chr1	245440000	3	domain	domain	1
chr1	246000000	4	domain	domain	1
chr1	246520000	3,4,5,6,7,8,9,10,11,12,13,14,15,16,18,20,22,25	domain	boundary,domain	18
chr1	246760000	4,5,6,7,8,9,10,11,12,13,14,15,16,17,18,19,20,21,22,23,24,25,26,27	boundary,domain	boundary,domain	24
chr1	246840000	17,22,23,24	boundary	domain	4
chr1	247000000	11	boundary	boundary	1
chr1	247080000	3,4,5,6,7,13,14,15,16	boundary,domain	domain	9
chr1	247360000	3,4,5,6,7,8,9,10,11,12	boundary,domain	boundary,domain	10
chr1	247480000	7	boundary	domain	1
chr1	247560000	3	domain	domain	1
chr1	247880000	3,4,5,6,7,8,9,10,11,12,13,14,15,16,17,18,19,20,21,22,23,24,25,26,27,28,29,30,31,32	domain	gap	30
chr1	247920000	3,4,5,6,7,8,9,10,11,12,13,14,15,16,17,18,19,20,21,22,23,24,25,26,27,28,29,30,31,32	gap	domain	30
chr1	248160000	3,4,5,6,7,8,9,10,11,12,13,14,15,16,17,18,19,20,21,22,23,24,25,26,27,28,29,30,31,32	domain,gap	gap	30
chr1	248680000	3,4,5,6,7,8,9,10,11,12,13,14,15,16,17,18,19,20,21,22,23,24,25,26,27,28,29,30,31,32	gap	domain	30
chr1	248956422	3,4,5,6,7,8,9,10,11,12,13,14,15,16,17,18,19,20,21,22,23,24,25,26,27,28,29,30,31,32	domain	domain	30
chr10	40000	3,4,5,6,7,8,9,10,11,12,13,14,15,16,17,18,19,20,21,22,23,24,25,26,27,28,29,30,31,32	gap	gap	30
chr10	80000	3,4,5,6,7,8,9,10,11,12,13,14,15,16,17,18,19,20,21,22,23,24,25,26,27,28,29,30,31,32	gap	domain	30
chr10	480000	3,4,5,6	domain	domain	4
chr10	800000	3,4,5,6,7	domain	domain	5
chr10	1080000	3,4,5,6,7,8,9,10,11,12,13,14,15,16,17,18,19,20,21,22,23,24	domain	domain	22
chr10	1760000	3,4,5,6,7,8,9,10,11,12,13,14,15,16	domain	domain	14
chr10	2640000	3	domain	domain	1
chr10	2840000	6,7,8	domain	domain	3
chr10	3160000	3,4,5,6,7,8,9,10,11,12,13,14,15,16,17,18,19,20,21,22,23,24,25,26,27,28,29,30,31,32	domain	domain	30
chr10	3760000	3,4,5,6,7	domain	domain	5
chr10	4800000	3	domain	domain	1
chr10	4960000	3,4,5,6,7,8,9,10,11,12,13,14,15,16,17,18,19,20,21,22,23,24,25,26,27,28,29,30,31,32	domain	gap	30
chr10	5000000	3,4,5,6,7,8,9,10,11,12,13,14,15,16,17,18,19,20,21,22,23,24,25,26,27,28,29,30,31,32	gap	domain	30
chr10	5440000	3,4,5,6,7,8,9,10	domain	boundary,domain	8
chr10	5640000	3,4,5,6,7,8,9,10,11,12,13,14,15	boundary,domain	boundary,domain	13
chr10	6000000	3,4,5,6,7,8,9,10,11,12,13,14,15,16,17,18,19	domain	domain	17
chr10	6440000	3,4,5,6,7,8	domain	domain	6
chr10	6800000	3,4,5,6,7,8,9,10,11,12,13,14,15,16,17,18,19,20,21,22,23,24,25,26,27,28,29,30,31,32	domain	gap	30
chr10	6840000	3,4,5,6,7,8,9,10,11,12,13,14,15,16,17,18,19,20,21,22,23,24,25,26,27,28,29,30,31,32	gap	domain	30
chr10	7120000	4	domain	domain	1
chr10	7440000	5,6,7,8,9	domain	boundary,domain	5
chr10	7520000	4,5,9,10,11,12,13,14,15,16	boundary,domain	boundary,domain	10
chr10	7760000	8,12,14,15,16,17,18,21,22	boundary,domain	boundary,domain	9
chr10	7840000	4,5,6,7,8,9,10,12,13,14,19,20	boundary,domain	domain	12
chr10	8880000	5,6,7	domain	domain	3
chr10	9320000	3,4,5,6,7,8,9,10,11,12,13,14,15,16,17,18,19,20,21,22,23,24,25,26,27,28,29,30,31,32	domain	domain	30
chr10	9640000	3,4,5,6,7	domain	boundary,domain	5
chr10	9720000	7	boundary	domain	1
chr10	9880000	3,4,5,6	domain	domain	4
chr10	10120000	3,4,5,6,7,8,9,10,11	domain	domain	9
chr10	10360000	3,4,5,6	domain	domain	4
chr10	10680000	3,4,5,6	domain	domain	4
chr10	11040000	4,5,6,7,8,9,16	domain	domain	7
chr10	11320000	3,10	domain	boundary,domain	2
chr10	11400000	5,6,7,8,9,11,12,13,14,15,16,17	boundary,domain	boundary,domain	12
chr10	11480000	3,4,10,11,16,17,18,19,20,21,22,23,24,25,26,27,28,29,30,31,32	boundary,domain	boundary,domain	21
chr10	11800000	3,4,5,6,7,8,9,10,11,12,13,14,15,16,17,18,19,20,21,22,23,24,25,26,27,28,29,30,31,32	boundary,domain	boundary,domain	30
chr10	12080000	4,11,12,13,14,15,16,17,18,19,20,21,22,23,24,25,26,27,28,29,30,31,32	boundary	domain	23
chr10	12200000	3,4,5,6,7,8,9,10,11	boundary,domain	domain	9
chr10	12400000	3	domain	domain	1
chr10	12720000	3,4,5,6,7,8,9,10,11,12	domain	domain	10
chr10	12920000	3	domain	domain	1
chr10	13120000	3,4,5,6,7,8,9,10,11,12,13,14,15,16,17,19,25,27,28,29,30,31,32	domain	boundary,domain	23
chr10	13320000	3,4,5,7,8,9,10,11,12,13,14,15,16,17,18,19,20,21,22,23,24,25,26,27,28,29,30,31,32	boundary,domain	boundary,domain	29
chr10	13560000	3,4,5,6,7,8,9,10,11,12,13,14,15,16,17,18,19,20,21,22,23,24,25,26,27,28,29,30,31,32	boundary,domain	domain	30
chr10	13760000	3,4,8	domain	domain	3
chr10	14200000	4,5,6,7,8,9,10,11,13,14,15	domain	domain	11
chr10	14480000	3,4,5,6,7,8,9,10,12,13,16,17	domain	domain	12
chr10	14840000	3,4,5,6,7	domain	domain	5
chr10	15000000	8,9,14	domain	boundary,domain	3
chr10	15160000	3,4,5,6,7,8,9,10,11,12,13,14,15,16,17,18,19,20,21,22,23,24,25,26,27,28,29,30,31,32	boundary,domain	boundary,domain	30
chr10	15400000	3,4,5,6,7,8,9,10,11,12,13,14,15,16,17,18,19,20,21,22,23,24,25,26,27,28,29,30,31,32	boundary,domain	boundary,domain	30
chr10	15720000	3	domain	domain	1
chr10	15880000	3,4,5,6,7,8,9,10,11,12,13,14,15,16,17,18,19,20,21,22,23,24,25,26,27,28,29,30,31,32	boundary,domain	domain	30
chr10	16520000	3	domain	domain	1
chr10	16800000	3,4,5,6,7,8,9,10,11,12,13,14,15,16,17,18,19,20,21,22,23	domain	domain	21
chr10	17280000	3,4,5,6,7,8,9,10,11,12	domain	boundary,domain	10
chr10	17560000	3,5,6,7,8,9,11,12,13,14,15,16,17,18,19,20,21,22,23,24,26	boundary,domain	domain	21
chr10	17800000	3,4,5,6,7,8	domain	domain	6
chr10	18120000	3	domain	domain	1
chr10	18280000	4,5,6	domain	domain	3
chr10	18560000	3,4,5,6,7,8,9,10,11,12,13,14,15,16,17,18,19,20,21,22,23,24,25,26,27,28,29,30,31,32	domain	gap	30
chr10	18600000	3,4,5,6,7,8,9,10,11,12,13,14,15,16,17,18,19,20,21,22,23,24,25,26,27,28,29,30,31,32	gap	domain	30
chr10	18840000	3	domain	domain	1
chr10	19080000	3,4,5,6,7,8	domain	domain	6
chr10	19360000	4,5,6,7,8,9,10,11,12,13,14,15,16,17	domain	domain	14
chr10	19800000	3,4,5,6,7,8,9,10,11,12	domain	domain	10
chr10	20840000	3,4,5,6,7,8,9,10,11,12,13,14,15,16,17,18,19,20,21,22,23,24,25,26	domain	domain	24
chr10	21080000	3,4	domain	domain	2
chr10	21280000	3,4,5,6	domain	domain	4
chr10	21520000	3,4,5,6,9,10	domain	domain	6
chr10	21920000	3,4,5,6,7,8,9,10,11,12,13,14,15,16,17,18,19,20,21,22,23,24,25,26,27,28,29,30,31,32	domain	gap	30
chr10	21960000	3,4,5,6,7,8,9,10,11,12,13,14,15,16,17,18,19,20,21,22,23,24,25,26,27,28,29,30,31,32	gap	domain	30
chr10	22120000	3,4,5,6,7,8,9,10,11,12,13,14,15,16,17,18,19,20,21,22,23,24,25,26,27,28,29,30,31,32	domain	gap	30
chr10	22160000	3,4,5,6,7,8,9,10,11,12,13,14,15,16,17,18,19,20,21,22,23,24,25,26,27,28,29,30,31,32	gap	domain	30
chr10	23120000	3,4,5,6,7,8,9,10,11,12,13,14,15,16,17,18,19,20,21,22,23	domain	domain	21
chr10	23720000	3,4,5,7,8,9	domain	domain	6
chr10	23960000	3,4	domain	domain	2
chr10	24200000	3,4	domain	domain	2
chr10	24560000	3,4,5,6,7,8,9,10,11,12,13,14,15,16,17,18,19,20,21,22,23,24,25,26,27,28,29,30	domain	domain	28
chr10	25120000	4,5,6,7,9,10,11,12,13,14,15,17,18,19,20,21,22,23,24,25,29	domain	boundary,domain	21
chr10	25240000	3,4,5,6,7,8,9,10,11,12,13,14,15,16,17,18,19,20,21,22,23,24,25,26,27,28,29,30,31,32	boundary,domain	boundary,domain	30
chr10	25360000	17,18	boundary	domain	2
chr10	25480000	14,15,19,20,21,23,25,26,27	boundary	domain	9
chr10	25600000	13,16,22,24,29	boundary,domain	domain	5
chr10	25680000	3,4,5,6,7,8,9,10,11,12,14,15	boundary,domain	boundary,domain	12
chr10	25840000	7	boundary	domain	1
chr10	25960000	5,6,8,9,10,11,12,13,14,15,16	domain	boundary,domain	11
chr10	26080000	3,4,6,10	boundary,domain	domain	4
chr10	26240000	3,5,6,7,8	domain	boundary,domain	5
chr10	26360000	3,4,5,6,15,22,23,25	boundary,domain	boundary,domain	8
chr10	26480000	4	domain	domain	1
chr10	26680000	3,4,5,6,7,8,9,10,11,12,13,14,15,16,17,18,19,20,21,22,23,24,25,26,27,28,29,30,31,32	boundary,domain	boundary,domain	30
chr10	26880000	3,4,5,12,13,14,21,22,24,27,28,29,30,31	boundary,domain	boundary,domain	14
chr10	27240000	3,4,6,9,10,20,21,22,23,24,25,26,27,28,32	boundary,domain	boundary,domain	15
chr10	27360000	5,6,7,8,9,10,11,12,13,14,15,16,17,18,19,25	boundary,domain	domain	16
chr10	27720000	7	domain	domain	1
chr10	28240000	3,4,5,6,7,8,9	domain	domain	7
chr10	28440000	3,4,5,6,7,8,9,10,11,12,13,14,15,16,17,18,19,20,21,22,23,24,25,26,27,28,29,30,31,32	domain	boundary,domain	30
chr10	28600000	3,4,5,6,7,8,9,10,11,12,13,14,22	boundary	domain	13
chr10	29120000	3	domain	domain	1
chr10	29360000	3,4,5,6,7,8,9,10,11,12,13,14,15,16,17,18,19,20,21,22,23,24,25,26,27,28,29,30,31,32	domain	boundary,domain	30
chr10	29760000	3,4,5,6,7,8,24	boundary,domain	boundary,domain	7
chr10	29920000	4,5,6,7,8,9,10,11,12,13,14,15,16,17,18,19,28,29,30,31,32	domain	domain	21
chr10	30360000	3,4,5,6,7,8,9,10,11,16,17,18,19,20,21,22,23,24,25,26,27,28,29,30,31,32	domain	boundary,domain	26
chr10	30680000	3,4,5,6,7,8,9,10,11,12,13,14,15,16,17,18,19,20,21,22,23,24,25,26,27,28,29,30,31,32	boundary,domain	domain	30
chr10	31040000	3,5	domain	domain	2
chr10	31840000	3,4,5,6,7,8,9,10,11,12,13,14,15,16,17,18,19,20,21,22,23,24,25,26,27,28,29,30,31,32	domain	boundary,domain	30
chr10	32040000	3,4,21,23,24,25	boundary,domain	boundary,domain	6
chr10	32240000	3,4,5,6,7,8,9,10,11,12,13,14,15,16,17,18,19,20,21,22,23,24,26,27,28,30,31	boundary,domain	boundary,domain	27
chr10	32400000	3,4,5,6,7,8,9,10,11,12,13,14,15,16,17,18,19,20,21,22,23,24,25,26,27,28,29,30,31,32	boundary,domain	boundary,domain	30
chr10	32480000	4,5,6,7,8	boundary,domain	domain	5
chr10	32760000	29	boundary	boundary	1
chr10	33040000	3,4,5,22,23,24,25,26,27,28,29,30,31,32	boundary,domain	boundary,domain	14
chr10	33160000	3,4,5,6,7,8,9,10,11,12,13,14,15,16,17,18,19,20,21,22,23	boundary,domain	domain	21
chr10	33320000	5	domain	domain	1
chr10	34680000	3,4,5,6,7,8,9,10,11,12,13,14,15,16,17,18,19,20,21,22,23,24,25,26,27,28,29,30,31,32	domain	boundary	30
chr10	35040000	4,5,6,7,8,9,10,11,12,13,14,15,16,17,18,19,20,21,22,23,24,25,26,27,28,29,30,31,32	boundary,domain	boundary,domain	29
chr10	35240000	14	boundary	domain	1
chr10	35600000	3,4,5,6,7,8,9,10,11,12,13,14,15,16,17,18,19,20,21,22,23,24,25,26,27,28,29,30,31,32	domain	domain	30
chr10	35960000	4,5,6,7,8,9	domain	domain	6
chr10	37040000	3,4,5,6,7,8,9,10,11,12,13,14,15,16,17,18,19,20,21,22,23,24,25,26,27,28,29,30,31,32	domain	gap	30
chr10	37240000	3,4,5,6,7,8,9,10,11,12,13,14,15,16,17,18,19,20,21,22,23,24,25,26,27,28,29,30,31,32	gap	domain	30
chr10	37560000	3	domain	domain	1
chr10	37640000	6,7	domain	boundary,domain	2
chr10	37760000	3,4,5,6,7,8,9,10	domain	domain	8
chr10	38200000	3,4,5,6,7,8,9,10,11,12,13,14,15,16,17,18,19,20,21,22,23,24,25,26,27,28,29,30,31,32	domain	gap	30
chr10	42440000	3,4,5,6,7,8,9,10,11,12,13,14,15,16,17,18,19,20,21,22,23,24,25,26,27,28,29,30,31,32	gap	domain	30
chr10	42840000	3,4,5,6,7,9	domain	domain	6
chr10	43080000	3,4	domain	boundary,domain	2
chr10	43160000	4,5,6,7,8,9,10,11,12,13,14,15,16	boundary,domain	domain	13
chr10	43480000	3,4,13,17,18,19,20,21,22,25	domain	boundary,domain	10
chr10	43640000	3,4,5,6,7,8,9,10,11,12,13,14,15,16,17,18,19,20,21,22,23,24,25,26,27,28,29	boundary,domain	domain	27
chr10	44280000	3,4,5,6,7,8,9,10,11,12,13,14	domain	domain	12
chr10	44920000	3,4,5,6,7,8,9,10,11,12,13,14,15,16,17	domain	boundary,domain	15
chr10	45000000	3,13	boundary,domain	domain	2
chr10	45240000	3,4,5	domain	domain	3
chr10	45680000	3,4,5,6,7,8,9,10,11,12,13,14,15,16,17,18,19,20,21,22,23,24,25,26,27,28,29,30,31,32	domain	gap	30
chr10	47000000	3,4,5,6,7,8,9,10,11,12,13,14,15,16,17,18,19,20,21,22,23,24,25,26,27,28,29,30,31,32	gap	domain	30
chr10	47440000	3,4,5,6,7,8,9,10,11,12,13,14,15,16,17,18,19,20,21,22,23,24,25,26,27,28,29,30,31,32	domain	gap	30
chr10	48200000	3,4,5,6,7,8,9,10,11,12,13,14,15,16,17,18,19,20,21,22,23,24,25,26,27,28,29,30,31,32	gap	domain	30
chr10	48560000	3,8	domain	domain	2
chr10	48680000	5,6,10,11	domain	domain	4
chr10	49280000	5,6	domain	domain	2
chr10	49360000	3,4,5,6,7,8,9	domain	domain	7
chr10	49560000	3,4,5,6	domain	domain	4
chr10	49840000	3,4,5,6,7,8,9,10,11,12,13,14,15,16,17,18,19,20,21,22,23,24,25,26,27,28,29,30,31,32	domain	gap	30
chr10	50200000	3,4,5,6,7,8,9,10,11,12,13,14,15,16,17,18,19,20,21,22,23,24,25,26,27,28,29,30,31,32	gap	domain	30
chr10	50640000	3,4,5,6,7,8,9,10,11,12,13,14,15,16,17,18,19,20,21,22,23,24,25,26,27,28,29,30,31,32	domain	gap	30
chr10	50800000	3,4,5,6,7,8,9,10,11,12,13,14,15,16,17,18,19,20,21,22,23,24,25,26,27,28,29,30,31,32	gap	domain	30
chr10	51040000	3,4	domain	domain	2
chr10	51320000	3,4,5	domain	domain	3
chr10	51560000	5	domain	domain	1
chr10	52200000	3	domain	domain	1
chr10	52320000	9	domain	domain	1
chr10	52400000	5,6,7,8	domain	domain	4
chr10	52600000	3,4	domain	domain	2
chr10	52800000	3,4,5,6,7,8,9,10,11,12,13,14,15,16,17,18,19,20,21,22,23,24,25,26,27,28,29,30,31,32	domain	domain	30
chr10	53640000	7,8,9,10	domain	domain	4
chr10	54080000	4	domain	domain	1
chr10	54200000	4	domain	domain	1
chr10	54560000	3,4	domain	domain	2
chr10	54760000	3,4	domain	domain	2
chr10	54960000	4,7,8,9,10,11,12,13,14,15,23,24,25,27,28,29	boundary,domain	domain	16
chr10	55200000	27	domain	domain	1
chr10	55360000	8,9,18,26,27,28,29,30,31,32	boundary,domain	boundary,domain	10
chr10	55560000	7,8,9,10,11,12,13,14,15,16,17,18,19,20,21,22,23,24,25,26,30,32	boundary,domain	boundary,domain	22
chr10	55760000	16	boundary	domain	1
chr10	56000000	3	domain	domain	1
chr10	56440000	4,5,6,7	domain	boundary,domain	4
chr10	56560000	6,7,8,9,10,11,12,13	boundary,domain	boundary,domain	8
chr10	56720000	4,5,6,7,9,11,12,13,14,15,16,17,18,19	boundary,domain	domain	14
chr10	57080000	4	domain	domain	1
chr10	57160000	3,6	domain	domain	2
chr10	57280000	3,4,5,6,7,8,9,10,11,12,13,14,15,16,17,18,19,20	domain	domain	18
chr10	57640000	3,4,5,6,7,8,9	domain	domain	7
chr10	57880000	3	domain	domain	1
chr10	58200000	5,6,7,8,9,10,11,12,13,14,15,16,17,18,19,20,21,22,23,24,25,26,27,28,29,30,31,32	domain	boundary,domain	28
chr10	58360000	3,4,5,6,7,10,11,12,16,17	boundary	domain	10
chr10	59200000	3,4,5,6,7	domain	domain	5
chr10	59640000	3,4,5,6,7,8,9,10,11,12,13,14,15,16,17,18,19,20,21,22,23,24,25,26,27,28,29,30,31,32	domain	boundary,domain	30
chr10	59800000	17,18,19,20,21,23,27,31	boundary,domain	boundary,domain	8
chr10	60080000	3,4,5,6,7,8,9,10,11,12,13,14,15,16,17,18,19,20,21,22,23,24,25,26,27,28,29,30,31,32	boundary,domain	boundary,domain	30
chr10	60200000	28,29	boundary	domain	2
chr10	60480000	3,4,21,22,23,24,25,26,27,28,29,30,31,32	boundary,domain	boundary	14
chr10	60800000	3,4,5,6,7,8,9,10,11,12,13,14,15,16,17,18,19,20,21,22,23,24,25,26,27,28,29,30,31,32	boundary,domain	domain	30
chr10	61280000	4	domain	domain	1
chr10	61720000	9,10	domain	domain	2
chr10	61880000	3,4,5,6,9,10	domain	domain	6
chr10	62320000	4,5,6,7,8,9,10,11,12,13,14,15,16,17,18,19,20,21,22,23,24,25,26,27,28,29,30,31,32	domain	boundary,domain	29
chr10	62440000	4,7,8,9,23,25,27	boundary,domain	domain	7
chr10	63120000	3,4,5,6,7,8,9,10,11,12,13,14,15,16,17,18,19,20,21,22,23	domain	domain	21
chr10	63840000	3,4,5,6,7,8,9,10,11,12,13,14,15,16,17,18,19,20,21,22,23,24,25,26,27,28,29,30,31,32	domain	boundary,domain	30
chr10	64000000	3,4,5,6,7,8,9	boundary,domain	domain	7
chr10	64720000	4,5,6,7,10	domain	domain	5
chr10	65280000	3	domain	domain	1
chr10	65520000	5	domain	domain	1
chr10	66200000	4,5,6,7,8,9,10,11,12,13,14,15,16,17,18,19	domain	domain	16
chr10	66560000	5	domain	domain	1
chr10	66640000	4	domain	domain	1
chr10	67000000	3,4,5,6,7,8,9,10,11,12,13,14,15,16,17,18,19	domain	domain	17
chr10	67360000	3,4,5	domain	domain	3
chr10	67560000	4	domain	domain	1
chr10	67680000	6,7,9,10,11,12,13,14,15,16,17,18,19,20,21,22,23,24,27,29,30,31	domain	boundary,domain	22
chr10	67800000	3,4,5,6,7,8,9,12,15,16,17,18,19,20,21,22,23,24,25,26,27,28,29,30,31,32	boundary,domain	boundary,domain	26
chr10	68320000	3,4,5,6,7,8,9,10,11,12,13,14,15,16,17,18,19,20,21,22,23,24,25,26,27,28,29,30,31,32	boundary,domain	boundary,domain	30
chr10	68640000	23,24,26	boundary	boundary,domain	3
chr10	69000000	3,4,9,10,16,18,19,21,22,23,24,27,28,29,30,31,32	boundary,domain	boundary,domain	17
chr10	69200000	7,9,10,11,12,13,14,15,16,17,18,19,20,21,22,23,24,25,26,27,28,29,30,31,32	boundary,domain	boundary,domain	25
chr10	69400000	3,4,5,6,7,8,9,10,11,12,13,14,15,16,17,18,19,20,21,22,23,24,25,26,27,28,29,30,31,32	boundary,domain	boundary,domain	30
chr10	69520000	6,7,8,9,10,11,12,14,17,18,20,21	boundary,domain	boundary,domain	12
chr10	69640000	8,12,29	boundary,domain	boundary,domain	3
chr10	69720000	21,22,23,24,25,27,28,30,31,32	boundary	boundary	10
chr10	69840000	7,9,10,12,13,14,15,16,17,18,19,20,21,25,29	boundary,domain	boundary,domain	15
chr10	69960000	3,4,6,7,8,9,10,11,12,13,14,15,16,18,19,23,25,26,27,28,29,30,31,32	boundary,domain	boundary,domain	24
chr10	70080000	8,10,11,12,15,16,18,20,21,22,23,24,26,29	boundary	boundary,domain	14
chr10	70160000	4,5,6,7,9,10,13,14,17,19,21,22	boundary,domain	boundary,domain	12
chr10	70400000	3,5,6,7,8,9,10,11,12,13,14,15,16,17,18,19,20,21,22,23,24,25,26,27,28,29,30,31,32	boundary,domain	domain	29
chr10	70560000	3	domain	domain	1
chr10	70800000	3,4,5,6	domain	boundary,domain	4
chr10	70880000	4,5,6,7,8,9,10	boundary,domain	domain	7
chr10	71200000	3,4,5	domain	boundary,domain	3
chr10	71280000	3,5,6,7,8,9,10,11,12,13	boundary,domain	domain	10
chr10	71640000	4	domain	domain	1
chr10	71880000	3,4,5,6,7,8,9,10,11,12,13,14,15,16,17,18,19,20,21,22,23,24,25,26,27,28,29,30,31,32	domain	boundary	30
chr10	72040000	3,12,13,14,18,21,22,25,27,28,29,30,31,32	boundary,domain	boundary,domain	14
chr10	72240000	3,14,16	boundary,domain	boundary	3
chr10	72360000	3,4,5,6,7,8,9,10,11,12,13,14,15,16,17,18,19,20,21,22,23,24,25,26,27,28,29,30,31,32	boundary,domain	domain	30
chr10	73080000	8,9,10,11,14	domain	boundary,domain	5
chr10	73200000	11	boundary	domain	1
chr10	73480000	4	domain	domain	1
chr10	73680000	3,4,5,6,7,8,9,10,11,12,13,14,15,16,17,18,19,20,21,22,23,24,25,26,27,28,29,30,31,32	domain	gap	30
chr10	73720000	3,4,5,6,7,8,9,10,11,12,13,14,15,16,17,18,19,20,21,22,23,24,25,26,27,28,29,30,31,32	gap	domain	30
chr10	74240000	3,4,5,6,7,8,9,10	domain	domain	8
chr10	75000000	3	domain	domain	1
chr10	75160000	3,4,5,7,9,12	domain	boundary	6
chr10	75240000	3,5,6,7,8,9,10,11,12,13,14,15,16,17,18,19,20,21,22,23,24,25,26,27,28,29,30,31,32	domain	domain	29
chr10	75360000	4,6	boundary,domain	domain	2
chr10	77120000	3,4,5,6,7,8,9,10,11,12,13,14,15,16,17,18,19,20,21,22,23,24,25,26,27,28,29,30,31,32	boundary,domain	domain	30
chr10	77720000	3,4,5,6,7,8,9,11	domain	boundary,domain	8
chr10	77800000	10,11,12,16,22,27,29,30,31,32	boundary,domain	boundary,domain	10
chr10	78040000	3,4,5,6,7,8,9,10,11,12,13,14,15,16,17,18,19,20,21,22,23,24,25,26,27,28,29,32	boundary,domain	domain	28
chr10	78680000	3	domain	domain	1
chr10	78760000	4	domain	domain	1
chr10	79320000	3,4	domain	domain	2
chr10	79520000	3,4,5,6,7,8,9,10,11,12,13,14,15,16,17,18,19,20,21,22,23,24,25,26,27,28,29,30,31,32	domain	gap	30
chr10	79920000	3,4,5,6,7,8,9,10,11,12,13,14,15,16,17,18,19,20,21,22,23,24,25,26,27,28,29,30,31,32	gap	domain	30
chr10	80200000	3,4,5,6,7,8,9,10,11,12,13,14,15,16,17,18,19,20,21,22,23,24,25,26,27,28,29,30,31,32	domain	gap	30
chr10	80240000	3,4,5,6,7,8,9,10,11,12,13,14,15,16,17,18,19,20,21,22,23,24,25,26,27,28,29,30,31,32	gap	domain	30
chr10	80560000	3,4,5,6,7	domain	domain	5
chr10	81080000	12,18	domain	domain	2
chr10	81200000	6,7,8,9,10,11,12,15,16,17,18,19,20,21,22,23	domain	boundary,domain	16
chr10	81280000	9,12,13,14,15,16,17,19,25	boundary,domain	domain	9
chr10	81600000	4,5,6,7,8,9,10,11,12,13,14,15,21,22,23,24,25,26,29,30	domain	domain	20
chr10	81720000	6	boundary	domain	1
chr10	81800000	7	boundary	domain	1
chr10	81920000	4	domain	domain	1
chr10	82000000	5,9,10,11,12	domain	domain	5
chr10	82080000	3,5,6,7,8	domain	domain	5
chr10	82480000	4,5,6	domain	domain	3
chr10	82640000	3,4,8,16	domain	boundary,domain	4
chr10	82760000	3,5,6,7,8,9,10,11,12,13,14,15,16,17,18,19,20,21,22,23,24,25	boundary,domain	domain	22
chr10	83000000	4	domain	domain	1
chr10	83880000	3,4	domain	domain	2
chr10	84120000	4,5,6,7,8,9,10,11,12,13,14,15,16,17,18,19,20,21,22,23,24,25,26,27,28,29,30,31,32	domain	boundary,domain	29
chr10	84240000	5,7	boundary,domain	domain	2
chr10	84560000	3,4,5,6,7,8,9,10,11,24,25,26,27,28,29,30,31,32	boundary,domain	boundary,domain	18
chr10	84640000	9	boundary	domain	1
chr10	84760000	3,4,5,6,7,8,9,10,11,12,13,14,15,16,17,18,19,20,21,22,23,24,26,27,28,29	boundary,domain	domain	26
chr10	85120000	3,4,6	domain	domain	3
chr10	85520000	4,8	domain	domain	2
chr10	85600000	4	domain	domain	1
chr10	85760000	5,8	domain	domain	2
chr10	85880000	4,5,6,7,8,9	domain	domain	6
chr10	86080000	4	domain	domain	1
chr10	86240000	4	domain	domain	1
chr10	86360000	3,4,5,6,7,8,9,10,11,12,13,14	domain	domain	12
chr10	86680000	3,4,5,6,7	domain	domain	5
chr10	87000000	3,4,5,6,7,8,9,10,11,12,13,14,15,16,17,18,19,20,21,22,23,24,25,26,27,28,29,30,31,32	domain	gap	30
chr10	87520000	3,4,5,6,7,8,9,10,11,12,13,14,15,16,17,18,19,20,21,22,23,24,25,26,27,28,29,30,31,32	gap	domain	30
chr10	87840000	3,4,5,6,7	domain	domain	5
chr10	88600000	3,4,5,6,7,8,9,11,13,15	domain	boundary,domain	10
chr10	88680000	13	boundary	boundary	1
chr10	88800000	3,4,5,6,7,8,9,10,11,12,13,14,15,16,17,18,19,20,21,26,27	boundary,domain	boundary,domain	21
chr10	88920000	3,4,5,10,11,13,16,17,18,19,20,21,22,23,24,25,26,27,28,29,30,31,32	boundary,domain	boundary,domain	23
chr10	89240000	3,4,5,6,7,8,9,10,11,12,13,14,15,16,19,20,21,22,23,24,25,26,27,28,29,30,31,32	boundary,domain	boundary,domain	28
chr10	89400000	25,27,28,29,30,31,32	boundary	boundary,domain	7
chr10	89680000	4,5,6,7,8,9,10,11,12,13,14,15,16,17,18,19,20,21,22,23,24,25,26	boundary,domain	boundary,domain	23
chr10	90160000	4,5	domain	domain	2
chr10	90520000	4	domain	domain	1
chr10	90760000	4,5	domain	boundary	2
chr10	90840000	3,4,5,6,7,8,9,10,11,12,13,14,15,16,17,18,19,20,21,22,23,24,25,26,27,28,29,30,31,32	domain	boundary,domain	30
chr10	91000000	24,25,29	boundary	boundary	3
chr10	91280000	6,7,8,9,10,11,12,24,25,26,27,28,29,30,31,32	boundary,domain	boundary,domain	16
chr10	91760000	4,5,6,7,8,9,10,11,12,13,14,15,16,17,18,19,20,21,22,23,24,25,26,27,28,29,30,31,32	boundary,domain	boundary,domain	29
chr10	91920000	8,10,12,18,19,20,21,22,24,25,26,27,28,29,30,31,32	boundary,domain	domain	17
chr10	92000000	5	domain	domain	1
chr10	92480000	3,8,9,10	domain	boundary	4
chr10	92600000	3,5,6,7,8,9,10,11,12,13,14,15,16,17,18,19,20,21,22,23,24,25,26,27,28,29,30,31,32	boundary,domain	boundary,domain	29
chr10	92880000	4,6,21,22,23,24,25,26,27,28	boundary,domain	domain	10
chr10	93360000	4,5,6,13,14,32	domain	domain	6
chr10	93520000	3,4,5,6,8,9,10,11,12,13,14,15,16,17,18,19,20,21,22,23,24,25,26,27,28,29,30	domain	boundary,domain	27
chr10	93680000	3,4,12,13,14,15,16,17,18,21,22	boundary,domain	boundary,domain	11
chr10	93880000	4,5,6,7,8,9,10,11,12,13,14,15,16,17,19,20,22	boundary,domain	domain	17
chr10	94320000	4,5,6,7,8	domain	domain	5
chr10	94560000	3,4,5	domain	domain	3
chr10	94800000	3,4,5,6,7,8,9,10,11,12,13,14,15,16,17,18,19,20,21,22,23,24,25,26,27,28,29,30,31,32	domain	gap	30
chr10	94840000	3,4,5,6,7,8,9,10,11,12,13,14,15,16,17,18,19,20,21,22,23,24,25,26,27,28,29,30,31,32	gap	domain	30
chr10	95120000	3,4,5	domain	domain	3
chr10	95400000	3,4,5	domain	domain	3
chr10	95680000	3,4,5,6,7,8,9,10,11,12,13,14,15,16,17,18,19,20	domain	domain	18
chr10	96000000	3,4,5,6,7,8,14,15,17,18,19,20,21,22,23,25,26	domain	boundary,domain	17
chr10	96200000	3	domain	domain	1
chr10	96320000	3,4,5,6,7,8,9,10,11,12,13,14,15,16,17,18,19,20,21,22,23,24,25,26,27,28,29,30,31,32	boundary,domain	domain	30
chr10	96640000	3	domain	domain	1
chr10	97040000	3,5	domain	domain	2
chr10	97280000	3,4,5,6,7,8,9,10	domain	boundary	8
chr10	97400000	3,4,5,6,7,8,9,10,11,12,13,14,15,16,17,18,19,20,21,23,25,27,28,29,30,31,32	boundary,domain	boundary,domain	27
chr10	97680000	4,5,6,7,8,9,10,11,12,13,14,15,16,17,18,19,20,21,22,23,24,25,26,27,28,29,30,31,32	boundary,domain	boundary,domain	29
chr10	97760000	3,4,5,6,7,8,9,10,11,12,13,14,15,16,19,20,21,22,23,24,25,26,27,28,32	boundary,domain	boundary,domain	25
chr10	97880000	5,7,8,9,12	boundary,domain	domain	5
chr10	98040000	19,23,24	boundary	domain	3
chr10	98120000	5,6,7,8	domain	domain	4
chr10	98440000	3,4,5,6,7,8,9,10,11,12,13,14,15,16	domain	domain	14
chr10	98680000	3,4	domain	domain	2
chr10	98880000	3	domain	domain	1
chr10	99200000	5	domain	domain	1
chr10	99360000	4,5,6,7,8,9,10,11,12,13,14,15,16,17,18,19,22,23,24,25,26,27,28,29	domain	boundary,domain	24
chr10	99640000	4,5,6,7,8,9,10,11,12,13,14,15,16,17,18,19,20,21,22,23,24,25,26,27,28,29,30,31,32	boundary,domain	domain	29
chr10	100240000	6,7,8,9,10,11,12,13,14,15,16,17,18,19,20,21	domain	domain	16
chr10	100520000	3,4,5,6,7,8,9,10	domain	domain	8
chr10	100920000	3,4,5,7,8,9,12,14,15,16,21,23,24,26,27	domain	domain	15
chr10	101040000	3,4,5,6,7,8,9,10,11,12,13,16,17,18,19,20,21,22,23,24,25,27,28,29,30,31,32	boundary,domain	domain	27
chr10	101160000	3,4,5,6	domain	domain	4
chr10	101440000	3	domain	domain	1
chr10	101640000	7,10	domain	domain	2
chr10	101800000	3,4,5,6,7,8,9,11,12,13,14,15,16,17,18,19,20,21,22,23,24,25,26,27,28,29,30,31,32	domain	boundary,domain	29
chr10	102120000	3,4,5,6,7,8,9,10,11,12,13,14,15,16,17,18,19,20,21,22,23,24,25,26,27,28,29,30,31,32	boundary,domain	boundary,domain	30
chr10	102400000	3,5	domain	domain	2
chr10	102640000	3,4,5,6,7,8,9,10,11,12,13,14,15,16,17,18,19,20,21,22,23,24,25,26,27,28,29,30,31,32	boundary,domain	boundary,domain	30
chr10	102920000	3,4	domain	domain	2
chr10	103080000	27	boundary	boundary	1
chr10	103400000	3,4,5,6,7,8,9,10,11,12,13,14,15,16,17,18,19,20,25,26,27,28,29,30,31,32	boundary,domain	boundary,domain	26
chr10	103480000	7	boundary	domain	1
chr10	103560000	3,4,5,11,13,21,25,30,31,32	boundary	boundary,domain	10
chr10	103680000	3,6,7,8,16,18,19,20,21,22,23,24,25,26,27,28,29,30,31,32	boundary,domain	boundary,domain	20
chr10	103880000	3,4,5,6,7,20,21,22,23,24,25,29,30,31,32	boundary,domain	boundary,domain	15
chr10	104280000	3,4,6,7,8,9,10,11,12,13,14,15,16,17,20,21,25,26,27,28,29,30,31,32	boundary,domain	boundary,domain	24
chr10	104360000	3,4,5,6,7,8,9,10,11,12,13,14,15,16,17,18,19,20,21,22,23,24,25,26,27,28,29,30,31,32	boundary,domain	domain	30
chr10	104680000	4,5,6,7	domain	domain	4
chr10	105000000	4,5,6	domain	domain	3
chr10	105600000	4,5,7	domain	boundary,domain	3
chr10	105680000	6,7	boundary,domain	domain	2
chr10	105920000	3,4,5,6,7,8,9	domain	domain	7
chr10	106040000	5,8	domain	domain	2
chr10	106240000	3,4,6	domain	boundary,domain	3
chr10	106360000	7,9	domain	boundary	2
chr10	106520000	3,5,6,7,8,9,10,11,12,13,14,15,16,17,18,19,20,21,22,23,24,25,26,27,28,29,30,31,32	boundary,domain	domain	29
chr10	106880000	4	domain	domain	1
chr10	107040000	3	domain	domain	1
chr10	107200000	3,6,7,8,9,10	domain	domain	6
chr10	107600000	7	domain	domain	1
chr10	107840000	5,6,8	domain	domain	3
chr10	108240000	3,4,5,6	domain	domain	4
chr10	108880000	7,8,9,10,11,12,13,14,15,16,17,18,19,20	domain	boundary,domain	14
chr10	109240000	3,4	domain	domain	2
chr10	109400000	4,5,6,7	domain	domain	4
chr10	109800000	3,4,5,6,7,8,9,10,11,12,13,14,15,16,17,18,19,20,21,22,23,24,25,26,27,28,29,30,31,32	domain	gap	30
chr10	109840000	3,4,5,6,7,8,9,10,11,12,13,14,15,16,17,18,19,20,21,22,23,24,25,26,27,28,29,30,31,32	gap	domain	30
chr10	110120000	3,4,5	domain	domain	3
chr10	110280000	3,4,5,6,7,8,9,10	domain	domain	8
chr10	110600000	3,4,5,6,7,8,9,10,11,12,13,14,15,16,17,18	domain	boundary,domain	16
chr10	110720000	3,4,8	boundary,domain	domain	3
chr10	110920000	3,4,25,26	domain	domain	4
chr10	111040000	5,6,7	domain	domain	3
chr10	112160000	3,4,5,6,7,8,9,10,11,12,13,14,15,16,17,18,19,20,21,22,23,24,25,26,27,28,29,30,31,32	domain	boundary,domain	30
chr10	112320000	3,11,12,13,14,16,17,18,19,20,21,22,23,24,25,26,27,28,29,30,31,32	boundary,domain	boundary,domain	22
chr10	112440000	3,4,5,6,7,8,9,10,11,12,13,14,15,16,17,18,19,20,21,22,23,24,25,26,27,28,29,30,31,32	boundary	domain	30
chr10	113160000	3,4,5	domain	domain	3
chr10	113360000	4	domain	domain	1
chr10	113680000	3,4,5,6,7,8,9,10,11,12,13,14,15,16,17,18,19,20,21,22,23,24,25,26,27,28,29,30,31,32	domain	boundary,domain	30
chr10	114120000	3,4	domain	domain	2
chr10	114280000	3,4,5,6,7,8,9,10,11,12,13,14,15,16,17,18,19,20,21,22,23,24,25,26,27,28,29,30,31,32	domain	boundary,domain	30
chr10	114440000	3,4,5,6,7,9,10,11,12,13,14,16,18,19,20,22,31	boundary,domain	domain	17
chr10	114840000	5,6,7,8,28,29,30,31	domain	domain	8
chr10	115160000	3,4,5,6,7,8,14,15,16,17,18	domain	domain	11
chr10	115440000	6	domain	domain	1
chr10	116320000	3,5	domain	domain	2
chr10	116440000	3,4,6,9,10,11,17	domain	boundary,domain	7
chr10	116560000	3,4,5,6,7,8,9,10,11,12,13,14,15,16,17,18,19,20,21,22,23,24,25,26,27,28,29,30,31,32	boundary,domain	domain	30
chr10	116800000	3,4,5	domain	domain	3
chr10	117040000	3	domain	domain	1
chr10	117200000	3,4,5,6,7,8,9,10,11,12,13,14,15,17,18,19,20,30,31,32	domain	boundary,domain	20
chr10	117360000	3,4,5,6,7,8,9,10,11,12,13,14,15,16,17,18,19,20,21,23,24,25,26,28,29,31,32	boundary,domain	boundary,domain	27
chr10	118240000	3,4,5,6,7,8,9	domain	domain	7
chr10	118560000	3,4,5,6,7,8,9,10,11,12,13,14,15,16,17,18,19,20,21,22,23,24,25,26,27,28,29,30,31,32	domain	boundary,domain	30
chr10	118880000	7	domain	domain	1
chr10	119040000	3,4,5,6,7,8,9,10,11,12,13,14,15,16,17,18,19,20,21,22,23,24,25,26,27,28,29,30,31,32	boundary,domain	boundary,domain	30
chr10	119200000	3,4,5	boundary,domain	domain	3
chr10	119440000	3	domain	domain	1
chr10	119600000	3,4,5,6,7,8,9,10,13,16,17,18,19,20,21,22,23,24,25,26,27,28,29,30,31,32	boundary,domain	boundary,domain	26
chr10	119680000	10,11,12,18,20,26	boundary,domain	boundary	6
chr10	119880000	3,4,5,6,7,8,9,10,11,12,13,14,15,16,17,18,19,20,21,22,23,24,25,26,27,28,29,30,31,32	boundary,domain	domain	30
chr10	120400000	3,4,5,6,7,8	domain	domain	6
chr10	120920000	3,4,5,6,7,8,9,10,11,12,13,14,15,16,17,18,19,20,21,22,23,24,25,26,27	boundary,domain	domain	25
chr10	121760000	4,5,6,7	domain	boundary	4
chr10	121960000	3,4,5,6,7,8,9,10,11,12,13,14,15,16,17,18,19,20,21,22,23,24,25	domain	boundary	23
chr10	122120000	3,5,6,7,8,9,10,11,12,13,14,15,16,17,18,19,20,21,22,23,24,25,26,27,28,29,30,31,32	boundary,domain	boundary,domain	29
chr10	122240000	3,6,7,8,9,10,11,12,13,14,15,21,22,31	boundary	boundary,domain	14
chr10	122600000	3,4,5,6,7,8,9,10,11,12,17,18,19,20,21,22,23,24,25,26,27,28,29,30,31,32	boundary,domain	boundary,domain	26
chr10	122760000	14,18,19,20,21,24,25,26,27,28,31,32	boundary	domain	12
chr10	122920000	3,5,6,7,8,9,10,11,12,13,14,15,16,17	boundary,domain	domain	14
chr10	123400000	3,5	domain	domain	2
chr10	123560000	3,4,5,6,7,8,9,10,11,12	domain	domain	10
chr10	124000000	4,5,6,7,8,9,10	domain	domain	7
chr10	124440000	3,4,5,6,7,8,9,10,11,12,13,14,15,16,17,18,19,20,21,22,23,24,25,26,27,28,29,30,31,32	domain	boundary,domain	30
chr10	124840000	3,4,5,6,8,9,10,11,12,13,14,15,16,17,18,19,20,21,22,23,24,25,26,27,28,29,30,31,32	boundary,domain	domain	29
chr10	125160000	3,4,5,6,7,8,9,10,11	boundary,domain	domain	9
chr10	125760000	3,4,5,6,7,10	domain	boundary	6
chr10	125840000	8,9,11,12,13,14,15,16,17,18,19,20,21,22,23,24,25,26,27,28,29,30,31,32	domain	boundary,domain	24
chr10	125920000	4,5,6,7,10,11,12	boundary,domain	domain	7
chr10	126520000	7,8	domain	domain	2
chr10	126880000	4,5,6,7,8,9,10,11,12,13,14,15,16,17	domain	domain	14
chr10	127440000	4,5	domain	domain	2
chr10	127520000	5,6,7,8,12	domain	domain	5
chr10	127680000	11,12,13,14,17,18,19	domain	boundary,domain	7
chr10	127880000	3,4,5,6,7,8,9,16,17,18,19,20,21,22,23,24,25,26,27,29,30,31,32	boundary,domain	boundary,domain	23
chr10	128080000	22	boundary	boundary	1
chr10	128200000	3,4,5,6,7,8,9,10,11,12,13,14,15,16,17,18,19,20,21,22,23,24,25,26,27,28,29,30,31,32	boundary,domain	domain	30
chr10	128520000	3,4	domain	domain	2
chr10	128960000	4,5,6,7,8,9,10,11,12,13,14,15,16,17,18,19	domain	domain	16
chr10	130120000	3,4,5,6,7,8,9,10,11,12,13,14,15,16,17,18,19,20,21,22,23,24,25,26,27,28,29,30,31,32	domain	domain	30
chr10	130320000	3,4,16	boundary	domain	3
chr10	130600000	3,4,5,6,7,8,9,10,11,12,13,14,15	domain	domain	13
chr10	131320000	3,4,5,6,7,8,9,10,11,12	domain	boundary,domain	10
chr10	131400000	7,8	boundary	domain	2
chr10	131880000	3,4,5,6,7,8,9,10,11,12,13,14,15,16,17,18,19,20,21	domain	boundary,domain	19
chr10	132160000	3,4,5,6,7,8,9,10,11,12	boundary,domain	boundary,domain	10
chr10	132360000	3,4,5,6,7,8,9	boundary,domain	domain	7
chr10	132760000	3,4,5,6,7,8,9,10,11,12,13,14,15,16,17,18,19,20,21,22,23,24,25,26,27,28,29,30,31,32	domain	gap	30
chr10	132800000	3,4,5,6,7,8,9,10,11,12,13,14,15,16,17,18,19,20,21,22,23,24,25,26,27,28,29,30,31,32	gap	domain	30
chr10	133400000	3,4,5,6,7,8,9,10,11,12,13,14,15,16,17,18,19,20,21,22,23,24,25,26,27,28,29,30,31,32	domain	gap	30
chr10	133797422	3,4,5,6,7,8,9,10,11,12,13,14,15,16,17,18,19,20,21,22,23,24,25,26,27,28,29,30,31,32	gap	gap	30
chr11	80000	3,4,5,6,7,8,9,10,11,12,13,14,15,16,17,18,19,20,21,22,23,24,25,26,27,28,29,30,31,32	gap	gap	30
chr11	200000	3,4,5,6,7,8,9,10,11,12,13,14,15,16,17,18,19,20,21,22,23,24,25,26,27,28,29,30,31,32	gap	domain	30
chr11	520000	3,4,5,6,7	domain	domain	5
chr11	840000	3,4,5,6,7	domain	domain	5
chr11	1160000	3,4,5,6,7,8,9,10,11,12,13,14,15,16,17,18,19,20,21,22,23,24,25,26,27,28,29,30,31,32	domain	gap	30
chr11	1200000	3,4,5,6,7,8,9,10,11,12,13,14,15,16,17,18,19,20,21,22,23,24,25,26,27,28,29,30,31,32	gap	domain	30
chr11	1440000	3,4,5,6,7,8,9,10,11,12,13,14,15,16,17,18,19,20,21,22,23,24,25,26,27,28,29,30,31,32	domain	gap	30
chr11	1480000	3,4,5,6,7,8,9,10,11,12,13,14,15,16,17,18,19,20,21,22,23,24,25,26,27,28,29,30,31,32	gap	domain	30
chr11	1920000	3,4,5,6,7,8,9,10,11,12,13,14,15,16,17,18,19,20,21,22,23,24,25,26,27,28,29,30,31,32	domain	gap	30
chr11	2080000	3,4,5,6,7,8,9,10,11,12,13,14,15,16,17,18,19,20,21,22,23,24,25,26,27,28,29,30,31,32	gap	domain	30
chr11	2520000	3,4,5,6,7,8	domain	domain	6
chr11	2920000	3,4,5,6,7	domain	domain	5
chr11	3240000	3,4,5,6,7,8,9,10,11,12,13,14,15,16,17,18,19,20,21,22,23,24,25,26,27,28,29,30,31,32	domain	gap	30
chr11	3600000	3,4,5,6,7,8,9,10,11,12,13,14,15,16,17,18,19,20,21,22,23,24,25,26,27,28,29,30,31,32	gap	domain	30
chr11	3840000	3,4,5	domain	domain	3
chr11	4200000	3,4,5,6,7,8,9,10,11,12,13,14,15,16,17,18,19,20,21,22,23,24,25,26,27,28,29,30,31,32	domain	gap	30
chr11	4360000	3,4,5,6,7,8,9,10,11,12,13,14,15,16,17,18,19,20,21,22,23,24,25,26,27,28,29,30,31,32	gap	domain	30
chr11	4600000	3,4,5	domain	domain	3
chr11	4880000	3,4,6	domain	domain	3
chr11	5040000	7,8,9,10,11,12,13,14,15,16	domain	domain	10
chr11	5120000	3,6	domain	domain	2
chr11	5440000	3,5,6,7,8	domain	domain	5
chr11	5760000	3,4	domain	domain	2
chr11	5960000	4,5,6,7,8,9,10,11,12,13,14,15,16,17,18,19,20,21,22,23,24,25,26,27,28	domain	domain	25
chr11	6200000	3	domain	domain	1
chr11	6360000	3,4,5,6,7,8,9,10	domain	domain	8
chr11	6520000	3	domain	domain	1
chr11	6760000	3,4,5,6,7,8,9,10,11,12,13,14,15,16,17,18,19,20,21,22,23,24,25,26,27,28,29,30,31,32	domain	boundary,domain	30
chr11	7040000	4,5,6,7,8,9,10,26,28,29	domain	domain	10
chr11	7480000	3,4,5,6,7,8	domain	domain	6
chr11	7720000	3,4,5,6,7,8,9,10	domain	boundary,domain	8
chr11	7960000	4,6,7,8,9,10,11,12,13,14,15,16,17,18,19,20,21,22	boundary,domain	boundary,domain	18
chr11	8120000	3,4,6,7,8,9,10,11,12,13,14,15,16,17,18,19,20,21,22,23,24,25,26,27,28,29,30,31,32	boundary,domain	boundary,domain	29
chr11	8640000	3,4,5,6,7,8,9,10,11,12,20,21,22,23,24,25,26,27,28,29,30,31,32	boundary	boundary	23
chr11	8960000	3,4,5,6,7,8,9,10,11,12,13,14,15,16,17,18,19,20,21,22,23,24,25,26,27,28,29,30,31,32	boundary,domain	boundary,domain	30
chr11	9160000	3,4,5,6,7,11,12,13,14,15,16,17,18,19,20,21,22,23,24,25,26,27,28,29,30,31,32	boundary,domain	boundary,domain	27
chr11	9520000	5,6,7,8,9,10,11,12,13,14,15,16,17,18,19,20,22,24,25,27,32	boundary,domain	boundary,domain	21
chr11	9760000	3,4,5,6,7,8,9,10,12	boundary,domain	domain	9
chr11	10000000	3	domain	domain	1
chr11	10400000	3,4,5,6,7,8,9,10,11,12,13,14,15,16,17,18,19,20,21,22,23,24,25,26,27,28,29,30,31,32	domain	boundary,domain	30
chr11	10760000	3,4,5,6,7,8,9,10,11,12,13,14,15,16,17,18,19,20,21,22,23,24,25,26,27,28,29,30,31,32	boundary,domain	boundary,domain	30
chr11	10920000	11,12,13	boundary	domain	3
chr11	11040000	4,5,6	domain	domain	3
chr11	11320000	4,5,6	domain	domain	3
chr11	11640000	3	domain	domain	1
chr11	11800000	3,4,5,6,7,8,9,10,11,12,13,14,15,16,17,18	domain	boundary,domain	16
chr11	11880000	18	boundary	domain	1
chr11	12040000	3,4,5,6,18,19,20,21,22,23,24,25,26	domain	domain	13
chr11	12320000	3,4,5,6,7,8,9,10,11,12,13,14,15,16,17,18,19,20,21,22,23,24,25,26,27,28,29,31,32	domain	domain	29
chr11	12960000	3,4,5,6,7,8,9,10,11,12,13,14,15,16	domain	domain	14
chr11	13200000	3,4,5,6	domain	domain	4
chr11	13480000	21,24,30,32	domain	boundary,domain	4
chr11	13600000	14,15,16,19,20,21,22,23,24,25,26,27,28,29,30,31,32	boundary,domain	domain	17
chr11	13680000	8,9,10,11,16	boundary,domain	domain	5
chr11	14280000	3,4,5,6,7,8,9,10,11,12,13,14,15,16,17,18,19,20,21,22,23,24,25,26	domain	boundary,domain	24
chr11	14480000	3,4,5,6,7,8,9,10,11,12,13,14,15,16,17,18,19,20,21,22	boundary,domain	domain	20
chr11	14920000	3,4,5,6,7,8,9,12,13,14,16,32	domain	boundary,domain	12
chr11	15080000	19,20,24,25,27	domain	boundary	5
chr11	15240000	3,4,5,6,7,8,9,10,11,12,13,14,15,16,17,18,19,20,21,22,23,24,25,26,27,28,29,30,31,32	boundary,domain	domain	30
chr11	15640000	3,4	domain	domain	2
chr11	16720000	4,5,6,7,8,9,10,11,12,13,14,15,16,17,18,19,20,21,22,23,24,25,26,27,28,29,30,31,32	domain	boundary,domain	29
chr11	17080000	3,4,5,6,11,12,17,18,19,20,21,22,23,24,25,26,27,28,29,30,31,32	boundary,domain	boundary,domain	22
chr11	17200000	7,8,9,10,11,12,13,16,19,20,21	boundary,domain	boundary,domain	11
chr11	17360000	3,4,5,6,7,8,9,10,11,12,13,14,15,16,17,18,19,20,21,22,24,27,28,29,30	boundary,domain	boundary,domain	25
chr11	17520000	3,4,5,6,7,8,9,10,11,12,13,14,15,16,17,18,19,20,21	boundary,domain	domain	19
chr11	17720000	3	domain	domain	1
chr11	18000000	4,5,6	domain	domain	3
chr11	18160000	3	domain	domain	1
chr11	18520000	5,6,31	domain	boundary,domain	3
chr11	18800000	4,5,6,7,12	domain	boundary	5
chr11	18880000	3,4,5,6,7,8,9,10,11,12,13,14,15,16,17,18,19,20,21,22,23,24,25,26,27,28,29,30,31,32	boundary,domain	domain	30
chr11	19320000	3,4,5,6	domain	domain	4
chr11	19560000	3,4,5	domain	domain	3
chr11	19760000	3	domain	domain	1
chr11	19920000	3,4,5,6,7,8,9,10,11,12,13,14,15,16,17,19,20,21,22,23	domain	domain	20
chr11	20160000	3,4,5,6,13,14,15,16,17,18,19,20,21,22,23,24,25,26,27,28,29,30,31,32	domain	boundary,domain	24
chr11	20400000	3,4,5,6,19,20,21,22,23,24,25,26,27,28,29,30,31,32	boundary,domain	boundary	18
chr11	20640000	3,4,5,6,7,8,9,10,11,12,13,14,15,16,17,18,19,20,21,22,23,24,25,26,27,28,29,30,31,32	boundary,domain	domain	30
chr11	21000000	4,5,6	domain	domain	3
chr11	21200000	4	domain	domain	1
chr11	21360000	4	domain	domain	1
chr11	21560000	3,4,5	domain	domain	3
chr11	21840000	9,11,14	domain	boundary,domain	3
chr11	21920000	3,4,5,9,10	boundary,domain	boundary,domain	5
chr11	22040000	3,4,5,6,7,8,9,12,16,17,18,19	boundary,domain	boundary,domain	12
chr11	22160000	10,15	boundary,domain	boundary	2
chr11	22280000	3,4,5,6,7,8,9,10,11,12,13,14,15,16,17,18,19,20,21,22,23,24,25,26,27,28,29,30,31,32	boundary,domain	boundary,domain	30
chr11	22560000	30	boundary	boundary	1
chr11	22640000	26,28	boundary	boundary	2
chr11	22840000	4,5,6,7,8,9,10,11,12,13,14,15,16,17,18,19,20,21,22,23,24,25,26,27,28,29,30,31,32	domain	domain	29
chr11	23120000	3,4,5,6	domain	domain	4
chr11	24320000	5,7	domain	domain	2
chr11	24440000	4,5,6,7,8,9,10,11,12,13,14,15,16,17,18,19,20,21,22,23,24,25,26	domain	domain	23
chr11	24720000	3,4	domain	domain	2
chr11	24960000	3	domain	domain	1
chr11	25880000	9	domain	domain	1
chr11	25960000	4,8,16,17,18	domain	domain	5
chr11	26280000	3,4,5,6,7,8,9,10,11,12,13,14,15,23,24,25,26,27,28,29,30,31,32	domain	domain	23
chr11	26680000	4,5,6,7,8,9,10,11,12,13,14,15,16,17,18,19,20	domain	domain	17
chr11	27160000	3,4,5,6,7,8,9,10,11,12	domain	domain	10
chr11	27240000	32	domain	boundary	1
chr11	27520000	3,4,5,6,7,8,9,10,11,12,13,14,15,16,17,18,19,20,21,22,23,24,25,26,27,28,29,30,31,32	boundary,domain	domain	30
chr11	28080000	3,4	domain	domain	2
chr11	28720000	3	domain	domain	1
chr11	29240000	6,9	domain	boundary	2
chr11	29360000	5,6,7,8,9,10,11,12,13,14,15,16,17,18,19,20,21,22,23,24,25,26,27,28,29,30,31,32	domain	domain	28
chr11	29640000	4,5	domain	domain	2
chr11	29960000	3	domain	domain	1
chr11	30080000	3,4,5,6,7,8,9,10,11,12,13,14,15,16,17,18	domain	domain	16
chr11	30280000	3,4,5,6,7,8,9,10,11,12,13,14	boundary	domain	12
chr11	30960000	3,4,5,6,7,8,9,10,11,12,13,14,15,17,19,20,21,22,23,24,25,26,27,28,29,30,31,32	domain	boundary,domain	28
chr11	31080000	3,4,5,6,7,8,12,13,14,15,16,17,18,19,20,22,23,24,25,32	boundary,domain	domain	20
chr11	31320000	3,4,5,6,7,8	domain	domain	6
chr11	31800000	3	domain	domain	1
chr11	31960000	4,5	domain	domain	2
chr11	32040000	15	domain	boundary	1
chr11	32280000	3,4,5,6,7,8,9,10,11,12,13,14,15,16,17,18,19,20,21,22,23,24,25,26,27,28,29,30,31,32	domain	domain	30
chr11	32800000	4,5,6,7,8,9,10,11,13,17,18,20,21,23,24,26,27,28,30	domain	boundary,domain	19
chr11	32880000	6,9,10,11,12,13,14,15,16,17,19,20,22,23,24,25,26,27,28,29,30,31,32	boundary,domain	boundary,domain	23
chr11	33120000	3,5,15,16,17,18,19,20,23,24,31	domain	domain	11
chr11	33360000	3,4,5,6,7	domain	domain	5
chr11	33760000	4,5,6,7,8,9,10,11,12,13,14,15,16,17,18,19	domain	domain	16
chr11	34000000	3	domain	domain	1
chr11	34120000	3,4,5	domain	domain	3
chr11	34360000	3,4	domain	domain	2
chr11	34520000	3,4,5,6,7,8,9,10,11,12,13,14,15,16,17,18,19,20,21,22,23,24,25,26,27,28,29,30	domain	domain	28
chr11	34920000	3,4,5,6,7,8,9,10,11,12,13,14,15,16,17,18,19,20,21,22,23,26,27,28,29,30,31,32	domain	domain	28
chr11	35520000	3,4,5,6,7,8,9,10,11,12,13,14,15,16,17,18,19,20,21,22,23,24,25,26,27,28,29,30	boundary,domain	domain	28
chr11	36280000	3,4,5,6,7,8,9,10,11,12	domain	boundary,domain	10
chr11	36520000	3,4,5,6,7,8,9,10,11,12,13,14,15,16,17,18,19,20,21,22,23,24,25,26,27,29,30,31,32	boundary,domain	boundary,domain	29
chr11	36680000	17,18,22	boundary	boundary,domain	3
chr11	36760000	4,5,6,7,8,9,10,11,12,13,14,15,16,19,20,21,22,23,24,25,26,27,28,29,30,31,32	boundary,domain	domain	27
chr11	37000000	3,4,5,6	domain	domain	4
chr11	37440000	4,5,6,7	domain	boundary,domain	4
chr11	37520000	4,6,7,8,9,10,11	boundary,domain	domain	7
chr11	37760000	3	domain	domain	1
chr11	37880000	4,5,6,7,8,9,10,11,12,13,14,15,16,17,18,19,20,21	domain	domain	18
chr11	38080000	3,9	domain	domain	2
chr11	38320000	4,5,6,7,8	domain	domain	5
chr11	38840000	4,5,6,7,8,9,10,11,12,13,14,15,16,17,18,19,20,21,22,23,24,25	domain	domain	22
chr11	39360000	7,8,9,10,11	domain	domain	5
chr11	39800000	3	domain	domain	1
chr11	40200000	3,4,5,6,7,8,9,10,11,12,13,14,15,16,17,18,19,20,21,22,23,24,25,26,27,28,29,30,31,32	domain	domain	30
chr11	40640000	3,4	domain	domain	2
chr11	40800000	3	domain	domain	1
chr11	40880000	5,6,7,8,9,10	domain	boundary,domain	6
chr11	41440000	4,5,6,7,8,9,10,11,12,13,14,15,16,17,18,19	domain	domain	16
chr11	41760000	3	domain	domain	1
chr11	42200000	3,4	domain	domain	2
chr11	42560000	5,6,7,8,9,10,11,12,13,14,15,16,17,18	domain	boundary,domain	14
chr11	43320000	3,4,5,6,7,8,9,10,11,12,13,14,15,16,17,18,19,20,21,22,23,24,25,26,27,28,29,30,31,32	domain	boundary,domain	30
chr11	43480000	3,4,5	domain	domain	3
chr11	43880000	3,4,5,6,7,8,9,10,11,12,13,14,15,16,17,18,19,20,21,22,23,24,25,26,27,28,29,30,31,32	boundary,domain	boundary,domain	30
chr11	44080000	3,4,5,6,7,8,9,10,11,12,13,14,15,16,17,18,19,27,30	boundary,domain	domain	19
chr11	44280000	3,4,5	domain	domain	3
chr11	44560000	3,4,5,6	domain	domain	4
chr11	44920000	3,4,5,6,7	domain	domain	5
chr11	45120000	3,4	domain	domain	2
chr11	45360000	3,4,5,6,7,8,9,10,11,12	domain	domain	10
chr11	45840000	3,4,5,6,7,8,9,10,11,12,13,14,15,16,17,18,19,20,21,22,23,24,25,26,27,28,29,30,31,32	domain	boundary,domain	30
chr11	46240000	8	domain	domain	1
chr11	46320000	3,4,5,6,7,8,9,10,11,12,13	domain	domain	11
chr11	46600000	3,4,5,18,28,30,31	domain	domain	7
chr11	46840000	3,4,5,6	domain	domain	4
chr11	47200000	3,4,5,6,7,8	domain	domain	6
chr11	47280000	9	domain	domain	1
chr11	47400000	4,6,9,10,11,12,17	domain	domain	7
chr11	47640000	4,11,13	domain	boundary,domain	3
chr11	47880000	3,4,5,6,7,8,9,10,11	boundary,domain	domain	9
chr11	48160000	3,4	domain	domain	2
chr11	48360000	3,4,5,6,7,8,9,10,11,12,13,14,15,16,17,18,19,20,21,22,23,24,25,26,27,28,29,30,31,32	domain	gap	30
chr11	55320000	3,4,5,6,7,8,9,10,11,12,13,14,15,16,17,18,19,20,21,22,23,24,25,26,27,28,29,30,31,32	gap	domain	30
chr11	55600000	3,4,5,6,7,8,9,10,11,12,13,14,15,16,17,18,19,20,21,22,23,24,25,26,27,28,29,30,31,32	domain	gap	30
chr11	55720000	3,4,5,6,7,8,9,10,11,12,13,14,15,16,17,18,19,20,21,22,23,24,25,26,27,28,29,30,31,32	gap	domain	30
chr11	56000000	3,4,5,6	domain	domain	4
chr11	56120000	6	domain	domain	1
chr11	56240000	4,5,12	domain	domain	3
chr11	56320000	6,10	domain	domain	2
chr11	56480000	3,4,5,6,7,8,10	domain	domain	7
chr11	56840000	3,4,5,6,7,8,9,10,11,12,13,14,15,16,17,18,19,20,21,22,23,24,25,26,27	domain	boundary	25
chr11	57080000	3,4	domain	domain	2
chr11	57320000	3,4,5,6,7,8,9,10,11,12,13,14,15,16,17,18,19,20,21,22,23,24,25,26,27,28,29,30,31,32	boundary,domain	boundary,domain	30
chr11	57680000	3,5,6,7,9,10,11,12,13,14,15,16,17,18,19,20,21,23,24,25,26,27,28,29,30,31,32	boundary,domain	boundary,domain	27
chr11	57840000	3,4,5,6,7,8,9,10,11	boundary,domain	domain	9
chr11	58560000	3,4,5,6,7,8,9,10,11,12,13,14,15,16,17,18,19,20,21,22,23,24,25,26,27,28	domain	domain	26
chr11	59200000	3,4,5,6,7,8,9,10,11,12,13,15,17,22,24,25,26,27,29,30,31	domain	boundary	21
chr11	59360000	25	boundary	boundary	1
chr11	59480000	3,4,5,6,7,8,9,10,11,12,13,14,15,16,17,18,19,20,21,22,23,24,25,26,27,28,29,30,31,32	boundary,domain	boundary,domain	30
chr11	59680000	3,4,22,23,25,26,27,28,29,30	boundary,domain	domain	10
chr11	59840000	3,5,6,7,8,9,10	domain	domain	7
chr11	59920000	4	domain	domain	1
chr11	60240000	3,4,5,6,7,8,9,10,11,12,13,14,15,16,17,18,19,20,21,22,23	domain	boundary,domain	21
chr11	60320000	12,15	boundary,domain	domain	2
chr11	60640000	3,4,5,6	domain	boundary,domain	4
chr11	60760000	6,7,8,9,10	boundary,domain	domain	5
chr11	60920000	3,4,5	domain	domain	3
chr11	61200000	3,4,5,6,7,8,9,10,11,12,13,14,15,16,17,18,19,20,21,22,23,24,25,26,27,28,29,30,31,32	domain	gap	30
chr11	61240000	3,4,5,6,7,8,9,10,11,12,13,14,15,16,17,18,19,20,21,22,23,24,25,26,27,28,29,30,31,32	gap	domain	30
chr11	61440000	3,4	domain	domain	2
chr11	61640000	3	domain	domain	1
chr11	61760000	3,4,5,6,7,8,9,10,11,12	domain	domain	10
chr11	62160000	3,4,5,6,7,8,9,10,11,12,13,14,15,16,17,18,19,20,21,22	domain	boundary,domain	20
chr11	62360000	3,4,6,7,8,9,10,11,12,13,14,15,16,17,18,19,20,21,22,23,24,25,26	boundary	boundary	23
chr11	62600000	4,5,9	boundary,domain	boundary,domain	3
chr11	62720000	21,24,25,26,27,28,29,30,31,32	boundary,domain	boundary	10
chr11	62880000	3,4,5,6,7,8,9,10,11,12,13,14,15,16,17,18,19,20,21,22,23,24,25,26,27,28,29,30,31,32	boundary,domain	boundary,domain	30
chr11	63040000	3,7,8,9	boundary,domain	domain	4
chr11	63440000	3,4,5,6,7,8	domain	domain	6
chr11	63640000	3,4,5,8,9,10,11,12,13,14	domain	domain	10
chr11	63800000	15,16,17,18,22,23,24,25,26,27,28,29	domain	boundary	12
chr11	63960000	3,4,12,13,14,15,18,19	boundary,domain	boundary,domain	8
chr11	64200000	3,4,11,12,13,17,19,21,22,24,25,26,30,32	boundary,domain	boundary	14
chr11	64320000	3,4,5,6,7,8,9,10,11,12,13,14,15,16,17,18,19,20,21,22,23,24,25,26,27,28,29,30,31,32	boundary,domain	boundary,domain	30
chr11	64720000	3,4,5,6,7,8,9,10,11,12,13,14,15,16,17,18,19,20,21,22,23,24,25,26,27,28,29,30,31,32	boundary	boundary	30
chr11	65080000	10,15,16,17,18,19,26,31	boundary	boundary	8
chr11	65200000	6,7,8	domain	domain	3
chr11	65360000	3,4,5,9,10,11,12,13,14,15,17,20,21,22,23,24,25,27,28,29,30,32	boundary,domain	boundary,domain	22
chr11	65520000	3	domain	domain	1
chr11	65640000	4,5,6,7,8,9,10,11,12,13,14,15,16,17,18,19,20,21,22,23,24,25,26,27,28,29,30,31,32	boundary	boundary	29
chr11	65920000	30	boundary	boundary	1
chr11	66040000	3,4,5,6,7,8,9,10,11,12,13,14,15,16,17,18,19,20,21,22,23,24,25,26,27,28,29,30,31,32	boundary,domain	boundary,domain	30
chr11	66200000	3	domain	domain	1
chr11	66280000	3,4,5,6,7,8,9,10,11,12,13,14,15,16,17,18,19,20,21,22,23,24,25,26,27,28,29,30,31,32	boundary,domain	domain	30
chr11	66680000	3,4	domain	domain	2
chr11	66880000	3,4,8	domain	domain	3
chr11	67000000	9	domain	domain	1
chr11	67080000	10,11	domain	domain	2
chr11	67240000	6,7,8,9	domain	domain	4
chr11	67520000	3,4	domain	domain	2
chr11	67720000	3,4,5,6,7,8,9,10,11,12,13,14,15,16,17,18,19,20,21,22,23,24,25,26,27,28,29,30,31,32	domain	gap	30
chr11	68000000	3,4,5,6,7,8,9,10,11,12,13,14,15,16,17,18,19,20,21,22,23,24,25,26,27,28,29,30,31,32	gap	domain	30
chr11	68200000	3,4	domain	domain	2
chr11	68440000	3,4,5,6,7,8,9,10	domain	domain	8
chr11	68760000	16	domain	boundary	1
chr11	68920000	16,17,18,19,21	domain	boundary	5
chr11	69080000	3,4,5,6,7,8,9,10,11,12,13,14,15,16,17,18,19,20,21,22,23,24,25,26	boundary,domain	domain	24
chr11	69680000	3,4,5,6,7,8,9,10,11,12,13,14,15,16,17,18	domain	domain	16
chr11	69880000	3,4,5,17,18,19,21,23,24,25	domain	domain	10
chr11	70240000	3,4,5,6,7,8,9,10,11,12,13,14,15,16	domain	domain	14
chr11	70440000	3	domain	domain	1
chr11	70960000	3,4,5,6,7,8,9,10,11,12,13,14,15,16,17,18,19,20,21,22,23,24,25,26,27,28,29,30,31,32	domain	gap	30
chr11	71080000	3,4,5,6,7,8,9,10,11,12,13,14,15,16,17,18,19,20,21,22,23,24,25,26,27,28,29,30,31,32	gap	domain	30
chr11	71600000	3,4,5,6,7,8,9,10,11,12,13,14,15,16,17,18,19,20,21,22,23,24,25,26,27,28,29,30,31,32	domain	gap	30
chr11	71880000	3,4,5,6,7,8,9,10,11,12,13,14,15,16,17,18,19,20,21,22,23,24,25,26,27,28,29,30,31,32	gap	domain	30
chr11	72200000	4,5	domain	domain	2
chr11	72440000	3,4,5,6,7,10,11	domain	domain	7
chr11	72720000	3,5,6,11,13,16,17,18,19,20	domain	domain	10
chr11	72800000	3,4,5,6,7,8,9,10,11,21,22	domain	domain	11
chr11	73200000	3,4,5,6,7	domain	domain	5
chr11	73320000	7,8,9,10,11,24,27,29,31,32	domain	boundary,domain	10
chr11	73440000	20,30,31	boundary,domain	boundary	3
chr11	73680000	6,7,8,12,13,14,15,16,17,18,20,21,22,23,24,25,26,27,28,29,30,31,32	boundary,domain	boundary,domain	23
chr11	73800000	7,8,9,10,11,13,14,15,16,17,18,19,20,21,22,23,24,25,26,27,28,29,30,31,32	boundary,domain	boundary,domain	25
chr11	73920000	6,11,12,13,21,23	boundary,domain	domain	6
chr11	74240000	3,4,5,6,7,8	domain	domain	6
chr11	74600000	5,6,7,8,10,11,12,13,14,15,18,19,20,22,25	domain	boundary,domain	15
chr11	74760000	5,7,8,9,10,11,12,13,14,16,17,18,22	boundary,domain	boundary,domain	13
chr11	74880000	4,5,6,9,14,15,16,17,19,20,21,23,24,25,26,27,29,31,32	boundary,domain	boundary,domain	19
chr11	75120000	12,13,14,15,16,19,20,21,23,24,25,26,27,30,31,32	boundary,domain	boundary,domain	16
chr11	75280000	3,4,5,6,7,8,9,10,11,12,13,14,15,16,17,18,19,20,21,22,23,24,25,26,27,28,29,30,31,32	boundary,domain	boundary,domain	30
chr11	75400000	3,4,5,6,7,8,9,10,11,12,13,14,15,16,17,18,19,20,21,22,23,24,25,26,27,28,29,30,32	boundary,domain	boundary,domain	29
chr11	75560000	3,4,5,6,7,8,9,10,11,12,13,14,15,16,17,18,19,21,22,23,24,28,31	boundary,domain	domain	23
chr11	75800000	8	domain	domain	1
chr11	75880000	3,4,5,6	domain	domain	4
chr11	76160000	3,4,5	domain	domain	3
chr11	76360000	3	domain	domain	1
chr11	76720000	3,4,5,6,7,8,9,10,11,12,13,14,15,16,17,18,19,20,21,22,23,24,25,26,27,28,29	domain	boundary,domain	27
chr11	76920000	15,16,17,18,19,20,21,22,24	boundary,domain	boundary,domain	9
chr11	77040000	13,14,17,18,19,21	boundary,domain	boundary,domain	6
chr11	77120000	4,5,6,7,8,9,10,11,12,19	boundary,domain	domain	10
chr11	77200000	3	domain	domain	1
chr11	77640000	3,4,5	domain	domain	3
chr11	77920000	3,4,5,6,7,8,9,10,11,12,13,14,15,16,17,18,19,20,21,22,23,24,25,26,27,28,29,30,31,32	domain	gap	30
chr11	77960000	3,4,5,6,7,8,9,10,11,12,13,14,15,16,17,18,19,20,21,22,23,24,25,26,27,28,29,30,31,32	gap	domain	30
chr11	78200000	3	domain	domain	1
chr11	78600000	3,4,5,6,7,8,9,10,11,12,13,14,15	domain	domain	13
chr11	78960000	3,4,5	domain	domain	3
chr11	79120000	3	domain	domain	1
chr11	79200000	5	domain	domain	1
chr11	79560000	3,4,5,6,7,8,9,10,11,12,13,14,15,16,17,18,19,20,21,22,23	domain	boundary,domain	21
chr11	81040000	3,4,5,6,7,8,9,10	domain	boundary,domain	8
chr11	81200000	9	boundary	boundary	1
chr11	81320000	4,5,6,7,8,9,10,11,12,13,14,15,16,17,18,19,20,21,22,23,24,25,26,27,28,29,30,31,32	boundary,domain	boundary,domain	29
chr11	81560000	3,4,5,6,7,10,11,12,13	boundary	domain	9
chr11	82240000	6	domain	domain	1
chr11	82480000	3,4	domain	domain	2
chr11	82720000	4,5,6,7,8,9,10,11,12,13,14,15,16,17,18,19,20,21,22,23,24,25,26,27,28,29,30,31,32	domain	boundary,domain	29
chr11	82880000	3,4,5,6,7,8,12,13,14,15,30	boundary,domain	domain	11
chr11	83280000	3,4,5,6,7,8,9,10,11,12,13,14	domain	domain	12
chr11	83840000	3,4,5,6,7,8,9,10,11,12,13,14,15	domain	domain	13
chr11	84440000	27	domain	domain	1
chr11	84520000	3,4,5,6,7,8,9,10,11,12,13,14,15,16,17,18,19,20,21,22,26	domain	domain	21
chr11	84720000	3,4,5,6,7	domain	domain	5
chr11	85600000	3,5,6,7,8,9,10,11,12,13,14,15,16,17,18,19,20,21,22,23,24,25,26,27,28,29,30,31,32	domain	boundary,domain	29
chr11	85760000	24	boundary	domain	1
chr11	85840000	3,21,22,23,25,26,28,29,30,31,32	boundary,domain	domain	11
chr11	86240000	3,4	domain	boundary,domain	2
chr11	86320000	3,4,5,6,7,8,9,10,11,12,13,14,15,16,17,18,19	boundary,domain	domain	17
chr11	86880000	3,4,5,6,7,8,9,10,11,12,13,14,15,16,17,18,21,22,24	domain	domain	19
chr11	87360000	3,4,6,7,9,10	domain	boundary,domain	6
chr11	87440000	4,5,8,9,10,11,12	boundary,domain	domain	7
chr11	87800000	3	domain	domain	1
chr11	87960000	3,4,5,6,7,8,9,10,11,12,13,14,15,16,17,18,19,20,21,22,23,24,25,26,27,28,29,30,31,32	domain	gap	30
chr11	88000000	3,4,5,6,7,8,9,10,11,12,13,14,15,16,17,18,19,20,21,22,23,24,25,26,27,28,29,30,31,32	gap	domain	30
chr11	88520000	3,4,5,6,7	domain	domain	5
chr11	88840000	3,4,5,6,7,8,9,10,11,12,13,14,15,16,17,18,19,20,21,22,23,24,25,26,27,28,29,30,31,32	domain,gap	gap	30
chr11	90120000	3,4,5,6,7,8,9,10,11,12,13,14,15,16,17,18,19,20,21,22,23,24,25,26,27,28,29,30,31,32	gap	domain	30
chr11	90520000	3,4,5	domain	domain	3
chr11	90640000	3,6,7,8	domain	domain	4
chr11	90960000	4,5,6,7,8	domain	domain	5
chr11	91160000	3,4,5	domain	domain	3
chr11	91240000	4	domain	domain	1
chr11	91480000	3,5,6	domain	domain	3
chr11	91920000	3	domain	domain	1
chr11	92040000	3	domain	domain	1
chr11	92200000	4,5	domain	domain	2
chr11	92920000	3,4,5,6,7,8,9,10,11,12,13,14,15,16,17,18,19,20,21,22,23,24,25,26,27	domain	boundary,domain	25
chr11	93080000	17	boundary	domain	1
chr11	93200000	3,4,5,6,7,9,30,31,32	domain	domain	9
chr11	93800000	3,4,5,6,7,8,9,10,11,12,13,14,15,16,17,18,19,20,21,22,23,24,25,26,27,28,29,30,31,32	boundary,domain	domain	30
chr11	94520000	3,4,5,6,7,8,9,10,11,12,13,14,15,16,18,19,20,22,23,24,25,26,27,28,29,30,31,32	domain	boundary,domain	28
chr11	94600000	16,17,18,19,20,21,23	boundary,domain	boundary,domain	7
chr11	94960000	3,4,5,6,7,8,9,10,11,12,13,14,15,16,17,18,19,20,21,22,23,24,25,26,27,28,29,30,31,32	boundary,domain	domain	30
chr11	95800000	3,4,5,6,7,8,9,10,11,12,13,14,15,16,17,18,19,20,21,22,23,24,28,29,30	domain	domain	25
chr11	96440000	3,4,5,6,7,8,9,10,11,12,13,14,15,16,17,18,19,20,21,22,23,24,25,26,27,28,29,30,31,32	domain	domain	30
chr11	97200000	5	domain	domain	1
chr11	97440000	4,5,6,7,8,9,10,11,12	domain	domain	9
chr11	97600000	3	domain	domain	1
chr11	98800000	15	domain	domain	1
chr11	99000000	3,4,5,6,7,8,9,10,11,12,13,14,15,16,17,18,19,20,21,22,23,24,25,26,27,28,29,30,31,32	domain	domain	30
chr11	99720000	10	domain	domain	1
chr11	100560000	3,4,5,6,7,8,9,10,11,12,13,14,15,16,17,18,19	domain	domain	17
chr11	100960000	3,4,5,6,7,8,9,10,11,12,13,14,15,16,17,18,19,20,21,22,23,24,25,26,27,28,29,30,31	domain	domain	29
chr11	101480000	7	domain	domain	1
chr11	101840000	3,4,5,6,7,8,9,10,11,12,17,27,28,29,31	domain	boundary,domain	15
chr11	101920000	19	domain	boundary	1
chr11	102040000	3,4,5,8,9,10,11,12,13,14,15,16,17,18,19,20,21,22,23,24,25,26,27,28,29,30,31,32	boundary,domain	boundary,domain	28
chr11	102280000	3,4,5,6,7,8,9,10,11,12,13,14,15,16,17,18,19,20,21,22,23,24,25,26,27,28,29,30,31,32	boundary,domain	domain	30
chr11	102520000	4	domain	domain	1
chr11	102720000	3,4,5,6,7,8,9,10,11,12,13,14,15,16,17,18,19,20,21,22,23,24,25,26,27,28,29,30,31,32	domain	boundary,domain	30
chr11	102800000	14,15	boundary,domain	boundary	2
chr11	103000000	14	boundary	boundary	1
chr11	103080000	3,4,5,6,7,8,9,10,11,12,13,14,15,16,17,18,19,20,21,22,23,24,25,26,27,28,29,30,31,32	boundary,domain	boundary,domain	30
chr11	103640000	3,4,5,6,7,8,9,10,11,12,13,14,15,16,17,18,19,20,21,22,23,24,25,26,27,28,29,30,31,32	boundary,domain	domain	30
chr11	104000000	4,5,6	domain	boundary,domain	3
chr11	104200000	3,4,5,6,7,8,9,10,11,12,13,14	boundary,domain	boundary,domain	12
chr11	104280000	10,13,14,16	boundary,domain	domain	4
chr11	104400000	3,4,5,9,10,11,16,17	domain	domain	8
chr11	104480000	4,15	domain	boundary,domain	2
chr11	104560000	3,4,5,6,7,8,9,10,11,12,13,14,15,17	boundary,domain	domain	14
chr11	105280000	4,5,8,9	domain	domain	4
chr11	105920000	3,4,5,6,7,8,9,10,11,12,13,14,15,16,17,18,19,20,21,22,23,24,25,26,27,28,29,30,31,32	domain	domain	30
chr11	106680000	3,4,5,6,7,8,9	domain	domain	7
chr11	107080000	5,6,8	domain	domain	3
chr11	107480000	5,6,7,8,9,10,11,12,13,14,15,16,17,18,19,20,21,22,23,24,25,26,27,28,29,30,31,32	domain	boundary,domain	28
chr11	107720000	3,20,21,22,23,24,25,26,27,28,29,30	boundary,domain	boundary,domain	12
chr11	107880000	3,21,22,26	boundary,domain	domain	4
chr11	108000000	7,8,9,10,11,12,13,14,15,16,17,18,19	domain	domain	13
chr11	108680000	3,4,5,6,7,8,9,10,11,12,13,14,15,16,17,18,19,20,21,22,23,24,25,26,27,28,29,30,31,32	domain	boundary,domain	30
chr11	108960000	3,13,23,24	boundary	domain	4
chr11	109440000	3,4,5,6	domain	domain	4
chr11	109800000	3	domain	domain	1
chr11	109920000	3,4,5,6,7,8,9,10,11,12,13,14,15,16,17,18,19,20,21,22,23,24,25,26,27,28,29,30,31,32	domain	boundary,domain	30
chr11	110080000	14,15,16,19,20,21,23,24,25,26,27	boundary	boundary,domain	11
chr11	110160000	17,18,22,28,29,30,31,32	boundary	boundary,domain	8
chr11	110440000	3,4,5,6,7,8,9,10,11,12,13,14,15,16,17,18,19,20,21,22,23,24,25,26,27,28,29,30,31,32	boundary,domain	domain	30
chr11	111280000	5,6,7,8,9,10,11,12,13,14,15,16,17,18,19,22,27,28,29	domain	boundary,domain	19
chr11	111560000	3,5,6,7,8,9,10,11,12,13,14,15,16,17,18,19,20,21,22,23,24,25,26,27,28,29,30,31,32	boundary,domain	boundary,domain	29
chr11	111880000	3,4,5,6,7,8,9,10,11,12,13,14,15,16,17,18,19,20,21,22,23,24,25,26,27,28,29,30,31,32	boundary,domain	boundary,domain	30
chr11	112120000	3,4,5,6,7,8,9,10,11,12,13,14,15,16,17,18,19,20,21,22,23,24,25,26,27,28,29,30,31	boundary,domain	domain	29
chr11	112560000	3,4	domain	domain	2
chr11	113000000	3,4	domain	domain	2
chr11	113160000	3	domain	domain	1
chr11	113280000	3,4,5,6,7,8,9,10,11,12	domain	domain	10
chr11	113840000	3,4,5,6,7,8,9,10,11,12,13,14,15,16,17,18	domain	domain	16
chr11	114280000	3,4,5	domain	domain	3
chr11	114640000	3,4,5,6,7,8,9,10,11,12,13,14,15,16,17,18,19,20,21,22,23,24,25,26,27,28,29,30,31,32	domain	domain	30
chr11	115160000	8,9	domain	domain	2
chr11	115280000	4,5,6,7	domain	domain	4
chr11	115520000	3,4,5,6,7,8,9	domain	domain	7
chr11	116320000	3,5,6,7,8,26	domain	domain	6
chr11	116720000	3,4,5,6,7,8,9,10,11,12,13,14,15,16,17,18,19,20,21,22,23,24,25,26,27,28,29,30,31,32	boundary,domain	domain	30
chr11	117120000	3	domain	domain	1
chr11	117360000	3,4,5,6,7,8,9,10,11,12,13,14,15,16,17,18,19,20,21,22,23,24,25	domain	domain	23
chr11	117800000	3,4,5,6,7,8	domain	domain	6
chr11	118120000	3,4,5,6,7,8,9,10,11,12,13,14,15,16,17,18,19,20,21,22,23,24,25,26,27,28,29,30,31,32	domain	boundary,domain	30
chr11	118360000	3,4,11,12,13,14,15,16,17,18,19,20,21,22,23,24,25,27	boundary,domain	boundary,domain	18
chr11	118560000	3,4,5,6,7,8,9,10,11,12,13,14,16,17,18,19,20,24,25,26,27,28,29,30,31,32	domain	domain	26
chr11	119080000	4,5,6,7,8,9,10,11,12,14,15,16,21,23,24,26,27,28,29,30,31,32	boundary,domain	boundary,domain	22
chr11	119320000	4,7,8,9,10,11,12,13,14,15,16,17,18,19,20,21,22,23,24,25,26,27,28,29,30,31,32	boundary,domain	domain	27
chr11	119480000	7,8	boundary	domain	2
chr11	119640000	3	domain	domain	1
chr11	120160000	3,4,5,6,7,8,9,10,11,12,13,14,15,16,17,18,21,23,24,25,28,29,30,31,32	domain	boundary,domain	25
chr11	120320000	3,4,5,6,7,8,9,10,13,14,16,17,18,19,20,21,22,23,24,25,26,27,28,29,30,31,32	boundary,domain	domain	27
chr11	120480000	3,4,5,6,7	domain	domain	5
chr11	121000000	3,31	domain	boundary	2
chr11	121240000	4,5,6,7,8,9,10,11,12,13,14,15,16,17,18,19,20,21,22,23,24,25,26,27,28,29,30,31,32	boundary,domain	boundary,domain	29
chr11	121640000	3,4,5,6,7,8,9,10,11,12,13,14,15,16,17,18,19,20,21,22,23,24,25,26,27,28,29,30,31,32	boundary,domain	domain	30
chr11	122200000	3,4,5,6	domain	domain	4
chr11	122560000	3,4,5,6,7,8,9,10,11,12,13,14,15,16,17,18,19,20,21,22,23,24,25,26,27,28,29,30,31,32	domain	domain	30
chr11	122840000	3,4,5,15,17,18,19,21,22	boundary,domain	boundary,domain	9
chr11	123080000	3,4,5,6,7,8,9,10,11,12,13,14,15,16,17,18,19,20,21,22,23,24,25,26,27,28,29,30,31,32	boundary,domain	boundary,domain	30
chr11	123280000	3,4,5,10,11,12,13,14,15	boundary,domain	boundary,domain	9
chr11	123520000	4,5	domain	domain	2
chr11	123600000	6,7,8,9,10,11,12,13,14,15,19,20,21,22,23,24,25,26,27,28,29,31,32	boundary,domain	boundary,domain	23
chr11	123760000	3,4,5,6,7,8,9,10,11,12,13,14,15,16,17,18,19,20,21,22,23,24,25,26,27,28,29,30,31,32	boundary,domain	boundary,domain	30
chr11	123920000	5,6,7,9,10,11,14,19	boundary,domain	domain	8
chr11	124040000	16	boundary	domain	1
chr11	124120000	3	domain	domain	1
chr11	124400000	3,4,5,6,7,10,11,12,13,14,17,18,20,23,29,30,31	boundary,domain	boundary,domain	17
chr11	124600000	3,4,5,6,7,8,9,10,11,12,13,14,15,16,17,18,19,20,21,22,23,24,25,26,27,28,29,30,31,32	boundary,domain	boundary,domain	30
chr11	124920000	3,4,5,6,7,8,9,10,11,12,13,14,15,16,17,18,19,20,21,22,23,24,25,26,27,28,29,32	boundary,domain	domain	28
chr11	125160000	3,4	domain	domain	2
chr11	125440000	4,5,6,7,8,9,10	domain	boundary,domain	7
chr11	125640000	4	domain	domain	1
chr11	125880000	3,4,5,6,7,8,9,10,11,12,13,14,15,16,17,18,19,20,21,22,23,24,25,26,27,28,29,30,31,32	domain	boundary,domain	30
chr11	126200000	3	domain	domain	1
chr11	126280000	4,5,6,7,8,9,10,11,12,13,14,15,16,17,18,19,20,21,22,23,24,25,26,27,28,29,30,31,32	boundary,domain	boundary,domain	29
chr11	126480000	3,4,5,8,9,11,12,15,17	domain	domain	9
chr11	126600000	7	domain	domain	1
chr11	127040000	3,4,5,6,7,8,9,10,11,12,13,14,15	domain	domain	13
chr11	127200000	3	domain	domain	1
chr11	127400000	3,6,9,10,11,12,13,14	domain	domain	8
chr11	127520000	3,5,6,7,8	domain	domain	5
chr11	127800000	3	domain	domain	1
chr11	128000000	4,5,6,7,8,9,10,11,12,13,14,15,16,17,18,19,20,21,22,23,24,25,26,27,28,29,30,31,32	domain	domain	29
chr11	128640000	3,4,5,6	domain	domain	4
chr11	128880000	3,4,5,6,7,8,9,10,11,12,13,14,15,16,17,18,19,20,21,22,23,24,25,26,27,28,29,30,31,32	domain	boundary,domain	30
chr11	128960000	8,19,20,23	boundary	domain	4
chr11	129360000	3,4,5,6,7,8,9,10,11,29,32	boundary,domain	domain	11
chr11	129760000	3,4,5,6,7,8,9,10,11,12,14,18,19,20,22,23,24,25,26,27,28,29,30,31,32	domain	boundary,domain	25
chr11	129880000	3,5,6,10,11,12,13,14,15,16,17,18,19,20,21,22,23,24,29,30,31,32	boundary,domain	boundary,domain	22
chr11	130200000	3,4,5,6,7,8,9,10,11,12,13,14,15,16,17,18,19,20,21,22,23,24,25,26,27,28,29,30,31,32	boundary,domain	boundary,domain	30
chr11	130320000	16	boundary	domain	1
chr11	130400000	3,4,5,6,7,8,9,10,11,15,17	boundary	domain	11
chr11	130920000	3,4,5,6,7,8,9,10,11,12,13,14,15,16,17,18,19,20,21,22,23,24,25,26,27,28,29,30,31,32	domain	domain	30
chr11	131240000	3	domain	domain	1
chr11	131560000	4,5	domain	domain	2
chr11	131720000	3,4,5,6,7,8,9,10,11,12,13,14,15,16,17,18,19,20,21,22,23,24,25,26,27,28,29,30,31,32	domain	domain	30
chr11	132080000	4,5,7	domain	domain	3
chr11	132200000	9	domain	domain	1
chr11	132400000	3,4	domain	domain	2
chr11	132760000	3	domain	domain	1
chr11	133040000	3,4,5,6,7,8,9,10,11,12,13,14,15,16,17,18,19,20,21,22,23,24,25,26,27,28,29,30,31,32	domain	domain	30
chr11	133880000	3,4,5,6,7,8,9,10,11,12,13,14,15,16,17,18,19,20,21,22,23,24,25,26,27,28,29,30,31,32	domain	boundary,domain	30
chr11	134200000	3,4,5,6,7,8,9,10,11,12,13,14,15,16,17,18,19,20,21,22,23,24,25,26,27,28,29,30,31,32	boundary,domain	boundary,domain	30
chr11	134600000	3,4,5	domain	domain	3
chr11	134840000	4,5	domain	domain	2
chr11	135080000	3,4,5,6,7,8,9,10,11,12,13,14,15,16,17,18,19,20,21,22,23,24,25,26,27,28,29,30,31,32	domain	gap	30
chr12	0	3,4,5,6,7,8,9,10,11,12,13,14,15,16,17,18,19,20,21,22,23,24,25,26,27,28,29,30,31,32	domain	gap	30
chr12	40000	3,4,5,6,7,8,9,10,11,12,13,14,15,16,17,18,19,20,21,22,23,24,25,26,27,28,29,30,31,32	gap	boundary,domain	30
chr12	320000	3,5,6,7,8,9,10,12,13,14,15,16,17,18,19,20,21,22,23,24,25	boundary,domain	boundary,domain	21
chr12	400000	4,5,6,7,10,11	boundary,domain	domain	6
chr12	560000	3,4,5,6,14,17	boundary,domain	domain	6
chr12	760000	3,4	domain	domain	2
chr12	960000	7,8,9,10,11,12,13,15,19,20	domain	domain	10
chr12	1080000	3,4,6,15,17	boundary,domain	domain	5
chr12	1600000	3,4,5,6,7,8,9,10,11,12,13,14,15,16,17,18,19,20,21,22,23,24,25,26,27,28,29,30,31,32	domain	boundary,domain	30
chr12	1800000	3,11,12,13	boundary,domain	boundary,domain	4
chr12	1920000	4,5,7,8,9,11,12,13,14,15,16,22,23,24,25,26,27,28	boundary	domain	18
chr12	2600000	4	domain	domain	1
chr12	2680000	4,5,6,7,8,11	domain	boundary,domain	6
chr12	2840000	8,9,10,15,21	domain	boundary	5
chr12	3040000	3,4,5,6,7,8,9,10,11,12,13,14,15,16,17,18,19,20,21,22,23,24,25,26,27,28,29,30,31,32	boundary,domain	boundary,domain	30
chr12	3280000	3,4,5,6,7,8,9,10,11,12,13,14,15,16,17,18,19,20,21,22,23,24,25,26,27,28,29,30,31,32	boundary,domain	domain	30
chr12	3640000	3,4	domain	domain	2
chr12	3880000	3,4,5,6,7,8,9,10,11,12,13,14,15,16,17,18,19,20,21,22,23,24,25,26,27,28,29,30,31,32	domain	boundary,domain	30
chr12	4080000	3,4,16,17,18,21	boundary,domain	domain	6
chr12	4320000	3,4,5,6,7,8,9,10,11,12,23,24,25,26,27,28,29,30,31,32	boundary,domain	domain	20
chr12	4560000	3	domain	domain	1
chr12	4800000	3,4,5,6,7,8,9,10,11,12,13,14,15,16,17,18,19,20,21,22,23,24,25,26,27,28,29,30	domain	domain	28
chr12	5000000	3,12,13,14,16,17,18,19	domain	domain	8
chr12	5120000	3,4,5,6,7,8,9,10,11,12	domain	domain	10
chr12	5480000	3,4,5,6,7	domain	domain	5
chr12	5920000	3,6,7,8,9,10,11,12,13,14,15,20	domain	boundary,domain	12
chr12	6040000	9,12,15	boundary	boundary	3
chr12	6200000	13,15,16,17,21,22,23,24,25,30,31,32	boundary,domain	boundary	12
chr12	6320000	3,4,5,6,7,8,9,10,11,12,13,14,15,16,17,18,19,20,21,22,23,24,25,26,27,28,29,30,31,32	boundary,domain	boundary,domain	30
chr12	6560000	4,20,21,26,27,28,29,30	boundary	boundary	8
chr12	6880000	3,4,5,6,7,8,9,13,16,17,18,19,21,23,24,25,26,27,28,29,30,31	boundary,domain	boundary,domain	22
chr12	7040000	15,20,21,22,24	boundary	boundary	5
chr12	7160000	3,4,5,6,7,8,9,10,11,12,13,14,15,16,17,18,19,20,21,22,23,24	boundary,domain	domain	22
chr12	7560000	7	domain	domain	1
chr12	7840000	3,4,5,6,7	domain	domain	5
chr12	8160000	3,4,5,6,7,8,9,10,11,12,13,14,15,16,17,18,19,20,21,22,23,24,25,26,27,28,29,30,31,32	domain	gap	30
chr12	8440000	3,4,5,6,7,8,9,10,11,12,13,14,15,16,17,18,19,20,21,22,23,24,25,26,27,28,29,30,31,32	gap	domain	30
chr12	8640000	3,4	domain	domain	2
chr12	8880000	3,4	domain	domain	2
chr12	9080000	3,4	domain	domain	2
chr12	9280000	3,4,5,6,7,8,9,10,11,12,13,14,15,16,17,18,19,20,21,22,23,24,25,26,27,28,29,30,31,32	domain	gap	30
chr12	9600000	3,4,5,6,7,8,9,10,11,12,13,14,15,16,17,18,19,20,21,22,23,24,25,26,27,28,29,30,31,32	gap	domain	30
chr12	9760000	3	domain	domain	1
chr12	10200000	3,4	domain	domain	2
chr12	10400000	3,4,5,6,7,8,9,10,11,12,13,14,15,16,17,18,19,20,21,22,23,24,25,26,27,28,29,30,31,32	domain	gap	30
chr12	10440000	3,4,5,6,7,8,9,10,11,12,13,14,15,16,17,18,19,20,21,22,23,24,25,26,27,28,29,30,31,32	gap	domain	30
chr12	10760000	3,4,5,6,7	domain	domain	5
chr12	11280000	3,4,5,6,7,8,9,10,11,12,13,14,15,16,17,18,19,20,21,22,23,24,25,26,27,28,29,30,31,32	domain	gap	30
chr12	11400000	3,4,5,6,7,8,9,10,11,12,13,14,15,16,17,18,19,20,21,22,23,24,25,26,27,28,29,30,31,32	gap	domain	30
chr12	12040000	3,4,5,6,7,8,9,10,11,12,13,14,15	domain	boundary,domain	13
chr12	12360000	3,4,5,6,7,8,9,10,11,12,13,14,15,16,17,18,19,20,21,22,23	boundary,domain	boundary,domain	21
chr12	12760000	3,4,5,6,7,8,9,10,11,12,13,14,15,16,17,18,19,20,21,22,23,24,25,26,27,28,29,30,31,32	boundary,domain	boundary,domain	30
chr12	13000000	4,14,15,16,21,29	boundary,domain	boundary,domain	6
chr12	13240000	3,4,5,6,7,8,9,10,11,12,13,14,15,16,17,18,19,20,21,22,23,24,25,26,27,28,29,30,31,32	boundary,domain	boundary,domain	30
chr12	13560000	9,10,11,13,14,19	boundary,domain	boundary,domain	6
chr12	13680000	3,4,5,6,7,8,9,10,11,12,13,15	boundary,domain	domain	12
chr12	14160000	3,4,5,6,7,8,9,10,11,12,13,14,15,16,17,18,19,20,21,22,23,24,25,26,27,28,29,30	domain	domain	28
chr12	14440000	3	domain	domain	1
chr12	14680000	3,4,5,7,8,9,10,11,12,13,14,15,16,17,18,20,21,22,23,24,25,26,27,28,29,30,31,32	domain	domain	28
chr12	15000000	3,4,5	domain	domain	3
chr12	15240000	3,4,5,6,8	domain	domain	5
chr12	15520000	3,4,5,6,7,8,9,10	domain	domain	8
chr12	15960000	3,4,5,6,7,8,9,10,11,12,13,14,15,16,17,18,19,20,21,22,23,24,25,26,27,28,29,30,31,32	domain	domain	30
chr12	16280000	4	domain	domain	1
chr12	16400000	5	domain	domain	1
chr12	16520000	6,7,8	domain	domain	3
chr12	16600000	3,6	domain	boundary,domain	2
chr12	16760000	3,5,11,12,13,14,15,16,17	domain	boundary,domain	9
chr12	16880000	3,4,6,7,8,9,10,11,12	boundary,domain	boundary,domain	9
chr12	16960000	4	boundary	domain	1
chr12	17160000	3,5	domain	domain	2
chr12	17640000	3,4,5	domain	boundary	3
chr12	17760000	5,6,7,8,9,10,11,12,13,14,15,16,17,18,19,20,21,22,23,24,25,26,27,28,29,30,31,32	boundary,domain	boundary,domain	28
chr12	17880000	3,4,5,6,7,8,9,10,11,12,13,14,15,16,17,18,19,20,21,22,23,24,25,26,27,28,29,30,31,32	boundary,domain	boundary,domain	30
chr12	18120000	3,4,7,8,9	boundary,domain	domain	5
chr12	18840000	3,4,5,6,7,8,9,10,11,12,13	domain	domain	11
chr12	19120000	3,4	domain	domain	2
chr12	19240000	5,6,7,8	domain	domain	4
chr12	19320000	9,10,11,12,13,14,15,16,17,18,19,20,23,24,25,26,31,32	domain	boundary,domain	18
chr12	19440000	13,16,19,20,21,22,26,27,29	boundary,domain	boundary,domain	9
chr12	19600000	16,17,18	boundary	domain	3
chr12	19680000	8,9,10,11,12,13,14,15,16,17,25	boundary,domain	domain	11
chr12	20600000	3	domain	domain	1
chr12	20760000	3,4,5,6,7,8,9,10,11,12,13,14,15,16,17,18,19,20,21,22,23,24,25,26,27,28,29,30,31,32	domain	gap	30
chr12	20800000	3,4,5,6,7,8,9,10,11,12,13,14,15,16,17,18,19,20,21,22,23,24,25,26,27,28,29,30,31,32	gap	domain	30
chr12	21240000	5,6,7,8,9,10	domain	domain	6
chr12	21480000	16	domain	domain	1
chr12	21680000	3,5,6,7,8,9	domain	domain	6
chr12	22040000	3,4,5,6,7,8	domain	domain	6
chr12	22400000	3,4,5,6,7,8,9,10,11,12,13,14,15,16,17,18,19,20,21,22,23,24,25,26,27,28,29,30,31,32	domain	gap	30
chr12	22440000	3,4,5,6,7,8,9,10,11,12,13,14,15,16,17,18,19,20,21,22,23,24,25,26,27,28,29,30,31,32	gap	domain	30
chr12	22680000	3,5	domain	domain	2
chr12	23240000	3,5,6,7,8,9,10,11	domain	domain	8
chr12	23640000	4,6,7	domain	domain	3
chr12	23960000	4,5,6,7,8,9,10,11,12,13,14,15,16,17	domain	boundary,domain	14
chr12	24280000	4	domain	domain	1
chr12	24360000	4	domain	domain	1
chr12	24480000	4	domain	domain	1
chr12	24640000	3,4,5	domain	domain	3
chr12	24720000	7,8	domain	boundary	2
chr12	24920000	3,4,5,6,7,8,9,10,11,12,13,14,15,16,17,18,19,20,21,22,23,27,29,30,31,32	boundary,domain	boundary,domain	26
chr12	25160000	4,5,6,7,8,9,10,11,12,13,14,15,16,17,18,19,20,21,22,23,24,25,26,27,28,29,30,31,32	boundary,domain	boundary,domain	29
chr12	25400000	3,4,5,6,8,9,10,11,12,13,14,15,16,17,18,19,20,21,22,23,24,25,26,27,28,29,30,31,32	boundary,domain	domain	29
chr12	26040000	3,4,5,6,7,8,9,10,11,12,13,14,15,16,17,18,19,20,21,22,23,24,25,26,27,28,29,30,31,32	domain	domain	30
chr12	26280000	3	domain	domain	1
chr12	26720000	4,5,7,10,11,13,14	domain	boundary	7
chr12	26840000	3,4,5,6,7,8,9,10,11,12,13,14,15,16,17,18,19,20,21,22,23,24,25,26,27,28,29,30,31,32	boundary,domain	boundary,domain	30
chr12	27360000	3,4,5,6,7,8,9,10,20,21,22,23,24,25,26,27,28,29,30,31,32	domain	domain	21
chr12	27720000	3,4,5,6,7,8,9,10,11,12,13,14,15,16,17,18,19,20,21,22,23,24,25,26,27,28,29,30,31,32	boundary,domain	boundary,domain	30
chr12	27960000	3,4,5,6,11,12,14,15,16	boundary,domain	domain	9
chr12	28160000	3,4	domain	domain	2
chr12	28960000	5	domain	boundary	1
chr12	29040000	3,4,5,6,7,8,9,10,11,12,13,14,15,16,17,18,19,20,21,22,23,24,25,26,27,28,29,30,31,32	boundary,domain	boundary,domain	30
chr12	29280000	3,4,5,6,15,16,17,18,19,20,21,22,23,24,25,27,29,30,31,32	boundary	domain	20
chr12	29520000	3,4,5,6,7,8,9,10,11,12,13,14,15,16,17,18	boundary,domain	domain	16
chr12	30840000	3	domain	domain	1
chr12	31040000	3,4,5,6,7,8,9,10,11,12,13,14,15,16,17,18,19,20,21,22,23,24,25,26,27,28,29,30,31,32	domain	gap	30
chr12	31200000	3,4,5,6,7,8,9,10,11,12,13,14,15,16,17,18,19,20,21,22,23,24,25,26,27,28,29,30,31,32	gap	domain	30
chr12	31640000	3,4,5,6,7,8,9,10	domain	domain	8
chr12	32000000	7	domain	domain	1
chr12	32360000	3,4,5,6,7,8,9,10,11,13,14,15,16,23,24,25,27	domain	boundary,domain	17
chr12	32440000	23	domain	boundary	1
chr12	32720000	3,4,5,6,7,8,9,10,11,12,13,14,15,16,17,18,19,20,21,22,23,24,25,26,27,28,29,30,31,32	domain	domain	30
chr12	32960000	4,5	domain	domain	2
chr12	33240000	3,4	domain	domain	2
chr12	34000000	3,4,5,6,7,8	domain	domain	6
chr12	34360000	3,4,5,6,7,8,9,10,11,12,13,14,15,16,17,18,19,20,21,22,23,24,25,26,27,28,29,30,31,32	domain	gap	30
chr12	38040000	3,4,5,6,7,8,9,10,11,12,13,14,15,16,17,18,19,20,21,22,23,24,25,26,27,28,29,30,31,32	gap	domain	30
chr12	38320000	3,4,5,6,7,8,9,10,11,12,13,14,15,16,17,18,19,20,21,22,23,24,25,26,27,28,29,30,31,32	domain	gap	30
chr12	38360000	3,4,5,6,7,8,9,10,11,12,13,14,15,16,17,18,19,20,21,22,23,24,25,26,27,28,29,30,31,32	gap	domain	30
chr12	38520000	3	domain	domain	1
chr12	38920000	3,4	domain	domain	2
chr12	39280000	4,5,6,7,8,9,10,11,12,13,14,15,16,17,18,19,20,21,22,23	domain	domain	20
chr12	39480000	24	domain	domain	1
chr12	39720000	4,5,6,7,8,9	domain	domain	6
chr12	40000000	4	domain	domain	1
chr12	40160000	3,4,5,6,7,8,9,10,11,12,13,14,15,17,18,19,21,23,25,26,28,30,31,32	domain	boundary,domain	24
chr12	40320000	3,7,8,11,13,15	boundary,domain	boundary,domain	6
chr12	40440000	14	boundary	boundary	1
chr12	40520000	3,4,5,6,7,8,9,10,11,13,14,15,16,17,18,19,20,21,22,23,24,25,26,27,28,29,30,31,32	boundary,domain	boundary,domain	29
chr12	40600000	16,25	boundary,domain	boundary	2
chr12	40880000	3,4,5,6,7,8,9,10,11,12,13,14,15,16,17,18,19,20,21,22,23,24,25,27,29,32	boundary,domain	domain	26
chr12	41280000	3,4,5,6,7,8,9,10	domain	domain	8
chr12	41440000	3	domain	domain	1
chr12	41640000	4	domain	domain	1
chr12	42080000	4,5,6,7,8,9,10,11,12,13,14,15,16,17,18,19,20,21,22,23,24	domain	boundary,domain	21
chr12	42440000	4,5,7,8,9,10,11,12,13,14,15,16,17,18,19,20,21,22,23,24,25,26,27	domain	domain	23
chr12	42560000	7,9	boundary,domain	domain	2
chr12	42880000	3	domain	domain	1
chr12	43360000	3,4,5,6,7,8,9,10,11,12,13,14,15,16,17,18,19,20,21,22,23,24,25,26,27,28,29,30,31,32	domain	domain	30
chr12	43720000	3,4,5,6,7,8,9,10,14,15,16,17,18,19,20,21,22,23,24,25,26,27,28,29,30,31,32	boundary,domain	boundary,domain	27
chr12	43920000	3,4,5,6,7,8,9,10,11,12,13,14,15,16,17,18,19,20,21,22,24,26,27,32	boundary,domain	domain	24
chr12	44960000	6,7,8,9,10,14,15,16,18	domain	boundary,domain	9
chr12	45120000	3,4,5,6,7,8,9,10,11,12,13,14,15,16,17,18,19,20,21,22,23,24,25,26,27,28,29,30,31,32	boundary,domain	boundary,domain	30
chr12	45360000	29,31,32	boundary	boundary,domain	3
chr12	45480000	30	domain	domain	1
chr12	45720000	3,4,5,6,25,27,28,29,30,31,32	boundary,domain	boundary,domain	11
chr12	46000000	3,4,5,6,7,8,9,10,11,12,13,14,15,16,17,18,19,20,21,22,23,24,25,26,27,28,29,30,31,32	boundary,domain	domain	30
chr12	46360000	5,6	domain	domain	2
chr12	46720000	3,4	domain	domain	2
chr12	47000000	5,6,7,8,9,10,11,12,15	domain	domain	9
chr12	47440000	4,5,6	domain	domain	3
chr12	47680000	3,4,5,6,7,8,9,10,11,12,13,14,15,16,17,18,19,20,21,22,23,24,25,26,27,28,29,30,31,32	domain	boundary,domain	30
chr12	47840000	3,4,5,6,9,10,11,12,15,17,18,19,20,26	boundary	domain	14
chr12	48200000	3,5,6,7,8,9,10,11,12,13,14,26,27,28,29,30,31,32	boundary,domain	boundary,domain	18
chr12	48680000	3,4,5,6,7,8,9,10,11,12,13,14,15,16,17,18,19,20,21,22,23,24,25,26,27,28,29,30,31,32	domain	boundary,domain	30
chr12	48840000	6,11,14,16,17,18,19,20,21,22,23,24,25,26,27	boundary	boundary,domain	15
chr12	48920000	11	boundary	domain	1
chr12	49000000	3,4,5,6,7,8,9,10,12,19,22,23,24,25,26,29,30	boundary	boundary,domain	17
chr12	49160000	7,8	boundary	domain	2
chr12	49240000	3,4,5,6,9,10,13	boundary	domain	7
chr12	49640000	5,6,7,8,9,10,11,12,13,16,17,18,19,20,21,22,23,24,25,26,27,28,29,30,31,32	boundary,domain	boundary,domain	26
chr12	49760000	5,6,7,8,9,10,11,12,13,14,15,16,18,19,20,21,22,24,26,29,30,32	boundary,domain	boundary,domain	22
chr12	49960000	17	boundary	boundary	1
chr12	50080000	3,4,5,6,7,8,9,10,11,12,13,14,15,16,17,18,19,20,21,22,23,24,25,26,27,28,29,30,31,32	boundary,domain	boundary,domain	30
chr12	50360000	5,6,7,8,9,10,11,12,13,14,15,16,17,18,19,20,21,22,23,24,25,26,27,28,29,30,31,32	boundary,domain	domain	28
chr12	50760000	3,4,5,6,7,8,9,13,14,15,16,17,18,19,20,21,22,23,24,25,26,27,28,29,30,31,32	domain	domain	27
chr12	51040000	5,6,7,20,21,22,23,26	domain	domain	8
chr12	51360000	3,4,5,6,7,8,9,10,11,12,13,14,15,22,23,24,25,26,27,28,29,30,31,32	domain	boundary,domain	24
chr12	51800000	4	domain	boundary	1
chr12	51880000	4,5,6,7	boundary,domain	boundary,domain	4
chr12	52000000	3,5,6,7,8,9,10,11,12,13,15,16,17,18,19,21,22,23,24,25,27,30,31	boundary,domain	boundary	23
chr12	52120000	3,4,5,6,7,8,9,10,11,12,13,14,15,16,17,18,19,20,21,22,23,24,25,26,27,28,29,30,31,32	boundary,domain	domain	30
chr12	52360000	3,4,5	domain	domain	3
chr12	52560000	3,4	domain	domain	2
chr12	52880000	3,4,5,6,7,8,9,10	domain	boundary,domain	8
chr12	53000000	3,4,5,6,7,8,9,10,11,12,13,14,15,16,17,18,19,20,21,22,23,24,25	boundary,domain	boundary,domain	23
chr12	53320000	3,4,5,6,7,8,9,10,11,13,14,15,16,17	boundary,domain	boundary,domain	14
chr12	53520000	3,4,5,6,7,8,9,10,11,12,13	boundary,domain	boundary,domain	11
chr12	53760000	3,4,5,6,7	boundary,domain	domain	5
chr12	54080000	3,4,5,6,7,8,9,10,11,12,13,14,15,16,17,18,19,20,21,22,23,24,25,26,27,28,29,30,31,32	domain	gap	30
chr12	54120000	3,4,5,6,7,8,9,10,11,12,13,14,15,16,17,18,19,20,21,22,23,24,25,26,27,28,29,30,31,32	gap	domain	30
chr12	54400000	3,4	domain	domain	2
chr12	54480000	5,6,7,8	domain	boundary,domain	4
chr12	54600000	7	boundary	domain	1
chr12	55000000	3,4,5,6	domain	domain	4
chr12	55080000	8	domain	domain	1
chr12	55160000	3,4,8,9,10,11	domain	domain	6
chr12	55720000	3,4,5,6,7,8,9,10,11,12,13,14,15,16,17,18,19,20,21,22,23,24,25,26,27,28,29,30,31,32	domain	boundary,domain	30
chr12	55960000	3,4,5,9,10,11,12,13,14,15,16,17,18,19,20,21,22,23,24,25,26,27,28,29,30,31,32	boundary,domain	boundary,domain	27
chr12	56120000	3,4,5,6,7,8,9	boundary,domain	domain	7
chr12	56480000	3,4,5,10,11,12,13,14,15,16,17,19,20	boundary,domain	boundary,domain	13
chr12	56640000	3,4,5,8,9,10,11,12,13,14,15,16,17,18,19,20,21,22,23,24,25,26,27,28,29,30,31,32	boundary,domain	boundary,domain	28
chr12	56720000	3,4,5,6,7,8,24,32	boundary,domain	domain	8
chr12	57040000	3,4,5,6,7,8,9,10	domain	boundary,domain	8
chr12	57200000	5,6,9,10	boundary,domain	domain	4
chr12	57480000	3,4,5	domain	domain	3
chr12	57560000	6,7,12	domain	boundary,domain	3
chr12	57760000	3,4,5,6,7,8,9,10,11,12,13,14,15,16,17,18,19,20,21,22,23,24,25,26,27,28,29,30,31,32	boundary,domain	boundary,domain	30
chr12	57920000	4,5,6,7,8,9,10,11,12,13,14,15,16,17,18,19,20,21,22,23,24,25,26,27,28,29,30,31,32	boundary	domain	29
chr12	58320000	3,4,5,6,8	domain	domain	5
chr12	59160000	3,4,5,6,7,8	domain	domain	6
chr12	59360000	3	domain	domain	1
chr12	59520000	3,4,5,6,7,8,9,10,11,12,13,14,15,16,17,18,19,20,21,22,23,24,25,26,27,28,29,30,31,32	domain	gap	30
chr12	59560000	3,4,5,6,7,8,9,10,11,12,13,14,15,16,17,18,19,20,21,22,23,24,25,26,27,28,29,30,31,32	gap	domain	30
chr12	59800000	3,4,5	domain	domain	3
chr12	59880000	7	domain	domain	1
chr12	60000000	4	domain	domain	1
chr12	60480000	3,6,7,8,9,10,11,12,13,14,15,16,17	domain	boundary,domain	13
chr12	60600000	17,18	boundary,domain	domain	2
chr12	60680000	4,9	boundary,domain	domain	2
chr12	61160000	6	domain	domain	1
chr12	61680000	4	domain	domain	1
chr12	61840000	4	domain	domain	1
chr12	62040000	3,4	domain	domain	2
chr12	62240000	4,5,6,7,8,9,10,11,12,13,14,15,16,17,18,19,20,21,22,23,24,25,26,27,28,29,30	domain	domain	27
chr12	62800000	3,4,5	domain	domain	3
chr12	63080000	3,4,5,6,7,8,9,10	domain	domain	8
chr12	63520000	3,4,5,6,7,8,9,10,11,12,13,14,15,16,17,18,19,20,21,22,23,24,25,26,27,28,29,30,31,32	domain	gap	30
chr12	63760000	3,4,5,6,7,8,9,10,11,12,13,14,15,16,17,18,19,20,21,22,23,24,25,26,27,28,29,30,31,32	gap	domain	30
chr12	64280000	3,4,5,6,7	domain	boundary,domain	5
chr12	64400000	7,8,9,10,11,12,13,14,15	boundary,domain	domain	9
chr12	64760000	3,4,5,6,7,8	domain	domain	6
chr12	65120000	3,4,5,6,7,8,9,10,11,12,13,14,15,16,17,18,19,20,21,22,23,24,25,26,27,28,29,30,31,32	domain	gap	30
chr12	65160000	3,4,5,6,7,8,9,10,11,12,13,14,15,16,17,18,19,20,21,22,23,24,25,26,27,28,29,30,31,32	gap	domain	30
chr12	65720000	3,4	domain	domain	2
chr12	65960000	3	domain	domain	1
chr12	66120000	3,4,5,6,7,8,9,10,11,12,13,14,15,16,17,18,19,20,21,22,23	domain	domain	21
chr12	66680000	3,4	domain	domain	2
chr12	66840000	6	domain	domain	1
chr12	66960000	18,19,20,21,22,23,24,26,27,28,29,30,31	domain	boundary,domain	13
chr12	67280000	4,5,6,7,8,9,10,11,12,13,14,15,16,17,18,19,20,21,22,23,24,25,26,27,28,29,30,31,32	boundary,domain	domain	29
chr12	68000000	3,4,5,6,7,8,9,10	domain	domain	8
chr12	68200000	11,12,13,14,15,16,17,18,19,20	domain	boundary,domain	10
chr12	68320000	3,4,5,6,7,8,9,10,11,12,13,14,19,20,21,22,23,24	boundary,domain	domain	18
chr12	68600000	3,4	domain	domain	2
chr12	68720000	7	domain	boundary	1
chr12	68840000	3,4,5,6,7,8,9,10,11,12,13,14,15,16,17,18,19,20,21,22,23,24,25,26,27,28,29,30,31,32	boundary,domain	boundary,domain	30
chr12	69120000	3,4,5,11,12	domain	boundary,domain	5
chr12	69240000	3,5,6,7,8,9,10,11,12,13,14,15,16,17,18,19,20,21,22,23,24,25,26,27,28,29,30,31,32	boundary,domain	boundary,domain	29
chr12	69640000	3,4,5,6,7,8,9,10,12,13,14,15,16,17,18,19,20,21,22,23,24,25,26,27,28,29,30,31,32	boundary,domain	domain	29
chr12	69760000	5,6,7,8,9,10,11,12,13,14,15,16,17,18,19,20	boundary,domain	domain	16
chr12	70560000	3,4	domain	domain	2
chr12	70720000	3	domain	domain	1
chr12	71120000	3	domain	domain	1
chr12	71400000	3,4	domain	domain	2
chr12	71640000	3,4,5,8,9	domain	boundary,domain	5
chr12	71760000	3,4,5,6,7,8,10,11,12,13,14,15,16,17,18,20,21,22,24,26,27,28,29,30,31,32	boundary,domain	boundary,domain	26
chr12	71920000	3,4,5,6,7,8,9,10,11,12,13,14,15,16,17,18,19,20,21,22,23,24,25,26,27,28,29,30,31,32	boundary	domain	30
chr12	72320000	3,4,5,6,7,8,12,14,15,16,17,18,19,20,21,22,23,24,25,26,27,29	domain	domain	22
chr12	73880000	3	domain	domain	1
chr12	74520000	22	domain	boundary	1
chr12	74680000	3,4,5,6,7,8,9,10,11,12,13,14,15,16,17,18,19,20,21,22,23,24,25,26,27,28,29,30,31,32	boundary,domain	domain	30
chr12	75320000	3,27,28,29,30,32	domain	boundary	6
chr12	75400000	9,10,11,21,22,23,24,25,26,27,28,29,30,31,32	boundary,domain	boundary,domain	15
chr12	75520000	3,4,5,6,7,8,9,10,11,12,13,14,15,16,17,18,19,20,21	boundary,domain	domain	19
chr12	76040000	3,4,5,6,7,8,9,10,11	domain	domain	9
chr12	76520000	5,6,8,11	domain	boundary	4
chr12	76600000	3,4,5,6,7,8,9,10,11,12,13,14,15,16,17,18,19,20,21,22,23,24,25,26,27,28,29,30,31,32	boundary,domain	boundary,domain	30
chr12	76880000	4,14,15,16,17,18,19,20,21,22,23,24,25,26,27,28,29,30,31,32	boundary,domain	boundary,domain	20
chr12	76960000	16,18	boundary	domain	2
chr12	77040000	3,4,6,7,8,9,10,11,12,13,27,28,29,30,31,32	boundary,domain	domain	16
chr12	77720000	3,4,5,6,7,8,9,10,11,12,13,14,15,16,17,18,19,20,21,22,23,24,25,26,27,28,29,30,31,32	domain	boundary,domain	30
chr12	77960000	3,4,5,6,7,8,9,10,11,12,13,14,15,16,17,18,19,20,21,22,23,24,25,26,27,28,29,30,31,32	boundary,domain	boundary,domain	30
chr12	78120000	3,4,5,6,7,8,9,10,11,12,13,14,15,17	boundary	domain	14
chr12	78400000	3,5	domain	domain	2
chr12	79200000	3	domain	domain	1
chr12	79440000	3,4,5,6,7,8,9,10,11,12,13,14,15,16,17,18,19,20,21,22,23,24,25,26,27,28,29,30,31,32	domain	gap	30
chr12	79480000	3,4,5,6,7,8,9,10,11,12,13,14,15,16,17,18,19,20,21,22,23,24,25,26,27,28,29,30,31,32	gap	domain	30
chr12	79760000	3,4,5	domain	domain	3
chr12	80200000	3	domain	domain	1
chr12	80320000	3,4,5,6,7,8,9,10,11,12,13,14,15,16,17,18,19,20	domain	domain	18
chr12	80680000	3	domain	domain	1
chr12	80800000	3,6	domain	domain	2
chr12	81120000	3	domain	domain	1
chr12	81280000	3,4,5,6,7,8,9,10,11,12,13,14,16,17,18,19,20,21,22,23,24,25,26,27,28	domain	domain	25
chr12	81640000	3,4,5,6,7,8,9,10,11,12,13,14,15,16,17,18,19,20,21,22	domain	domain	20
chr12	81960000	3,4	domain	domain	2
chr12	82360000	3,4,5,6,7,8,9,10,11,12,13,14,15,16,17,18,19,20,21,22,23,24,25,26,27,28,29,30,31,32	domain	boundary,domain	30
chr12	82640000	3,4,5,6,7,8,9,10,11,12,13,14,15,16,17,23	boundary,domain	domain	16
chr12	84520000	4,5,6,8,9,10,11	domain	boundary,domain	7
chr12	84600000	3,7,8,17,20	domain	boundary,domain	5
chr12	84760000	5,6,7,8,9,10,11,12,13,14,15,16,17,18,19,20,21,22,23,24,25,26,27,28,29,30,31,32	boundary,domain	boundary,domain	28
chr12	85080000	3,4,5,19,20,21,23,24,25,26,27,28,29,30,31,32	domain	domain	16
chr12	85440000	3,4,5,6,7,8,9,10,11,12,13,14,15,16,17,18,31,32	domain	domain	18
chr12	85960000	3,4,5,6,7,8,9,10,11,12,13,14,15,16,17,18,19,20,21,22,23,24,25,26,27,28,29,30,31,32	domain	domain	30
chr12	86200000	3,4,5	domain	domain	3
chr12	86880000	4,8	domain	domain	2
chr12	87000000	5,6	domain	domain	2
chr12	87600000	3,4	domain	domain	2
chr12	87800000	3,4	domain	domain	2
chr12	88040000	3,4,5,6,7,8,9,10,11,12,13,14,15,16,17,18,19,20,21,22,23,24,25,26,27,28,29,30,31,32	domain	domain	30
chr12	89000000	3,4,5,6,7,8,9,10,11,12,13,14,15,16,17,18,19,20,21,22,23	domain	domain	21
chr12	89520000	4,5,6,7,8,9,10,11,12,13,14,15,16,17,18,19,20,21	domain	domain	18
chr12	90120000	11	domain	domain	1
chr12	90960000	5,6,7,8,9,10,11,12,13,14,15,16,17,18,19,20,21,22,23,24,25,26,27,28,29,30,31,32	domain	boundary,domain	28
chr12	91120000	16,19,24,26,31,32	boundary,domain	boundary,domain	6
chr12	91360000	3,4,5,6,7,8,9,10,11,12,13,14,15,16,17,18,19,20,21,22,23,25,26,27,28,29,31	boundary,domain	domain	27
chr12	91800000	3	domain	domain	1
chr12	92160000	3,4	domain	domain	2
chr12	92600000	3	domain	domain	1
chr12	92720000	3,4,5,6,7,8,9,10,11,12,13,14,15,16,17,18,19,20,21,22,23,24,25,26,27,28,29,30,31,32	domain	boundary,domain	30
chr12	92920000	3,4,5,6,7,9,12,14,15,16,20,21,23	boundary,domain	domain	13
chr12	93440000	3,4,5,6,7,8,9,10,11,12,13,14,15,16,17,18,19	domain	domain	17
chr12	93560000	3	domain	domain	1
chr12	94120000	3,4,5,6,7,8,9,10,11,12,13,14,15,16,17,18,19,20,21,22,23,24,25,26,27,28,29,30,31,32	domain	domain	30
chr12	94560000	4,5,6,7,8,9,10	domain	domain	7
chr12	95080000	3,5,6,7,8,9,10,11,12,13,14,15,16,17,18,19,20,21,22,23,24,25,26,27,28,29,30,31,32	domain	boundary,domain	29
chr12	95320000	3,4	domain	domain	2
chr12	95560000	3,4,5,6,7,8,9,10,11,12,13,14,15,16,17,18,19,20,21,22,23,24,25,26,27,28,29,30,31,32	boundary,domain	boundary,domain	30
chr12	95880000	3,4,5,6,7,8,9,10,11,12,13,14,15,16,17,18,19,20,21,22,23,24,25,26,27,28,29,30,31,32	boundary,domain	boundary,domain	30
chr12	96000000	3,12	boundary	domain	2
chr12	96520000	3,4,5,6,7,8,9,10,11,12,13,14,15,16,17,18,19,20,21,22,23,24,25,26,27,28,29,30,31,32	boundary,domain	domain	30
chr12	97000000	3,4,5,6,7,8,9	domain	domain	7
chr12	97120000	3	domain	domain	1
chr12	97320000	3	domain	domain	1
chr12	98040000	4,5,6,7,8,9,10	domain	domain	7
chr12	98200000	3	domain	domain	1
chr12	98400000	3,4,5,6,7,8,9,10,11,12,13,14,15,16,17,18,19,20,21,22,23,24,25,26,27,28,29,30,31,32	domain	domain	30
chr12	98680000	4,5,6,7	domain	domain	4
chr12	99040000	3,4,5,6,7,8,9,10,11,12,13,14,15,16	domain	domain	14
chr12	99800000	6,7,8,9,10,11,12	domain	domain	7
chr12	100040000	3	domain	domain	1
chr12	100200000	3,7,8,9,10,11,12,13,14,15,16,17,18,19,20,21,22,23,24,25,26,27,28,29,30,31,32	domain	domain	27
chr12	100360000	3	domain	domain	1
chr12	100760000	4,5,6,7,8,9,10,11,12,13,14,15,16	domain	domain	13
chr12	101360000	3,4,5,6,7,8,9,10,11,12,13,14,15,16,17,18,19,20,21,22,23,24,25,26,27,28,29,30,31,32	domain	domain	30
chr12	101760000	16,22,27,31,32	boundary,domain	boundary	5
chr12	101880000	3,4,5,6,7,8,9,10,11,12,13,14,15,16,17,18,19,20,21,22,23,24,25,26,27,28,29,30,31,32	boundary,domain	boundary,domain	30
chr12	102080000	15,16	boundary	domain	2
chr12	102200000	3,4,6	domain	domain	3
chr12	102320000	3	domain	domain	1
chr12	102480000	3,4	domain	domain	2
chr12	102760000	3,4,5,6	domain	boundary,domain	4
chr12	102840000	4,5,6,7,8,9,10,11,12,13,14,15,16,17,18,19,20,21,22,23	boundary,domain	domain	20
chr12	103600000	3,4,5,6,7,8,9,10,11,12,13,14,15,16,17,18,19,20,21,22,23,24,25,26,27,28,29,30,31,32	domain	boundary,domain	30
chr12	103720000	12,13,14,17,18,19,20,29	boundary	boundary,domain	8
chr12	103920000	7,15,16,19,20,21,22,23,24,25,26,27,28,29,30,31,32	boundary,domain	boundary,domain	17
chr12	104120000	3,4,5,6,7,8,9,10,11,12,13,14,15,16,17,18,19,20,21,22,23,24,26,27,29,30,31,32	boundary,domain	domain	28
chr12	104360000	3,4,5,6,7,8,9,10,11,12	boundary	domain	10
chr12	105120000	3,4,5,6,7,8,9,10,11,12,13,14,15,16,17,18,19,20,21,22,23,24,25,26,27,28,29,30,31,32	domain	boundary,domain	30
chr12	105400000	3,4,5,6,7,8,9,10,11,12,13,14,15,16,17,18,19,20,21,22,23,24,25,26,27,28,29	boundary,domain	domain	27
chr12	105680000	3	domain	domain	1
chr12	106320000	3,4,5,6,7,8,9,10,11,12,13,14,15,16,17,18,19,20,21,22,23,24,25,26,27,28,29,30,31,32	boundary,domain	domain	30
chr12	106960000	3,4,5,7,10,11,12,13,14,17,18,19	domain	boundary	12
chr12	107120000	3,4,5,6,7,8,9,10,11,12,13,15,16,17,18,19	boundary,domain	domain	16
chr12	107680000	3,4,5,6,7,8,9,10,11,12,13,14,15,16,17,18,19,20,21,22,23,24,25	domain	boundary,domain	23
chr12	107920000	3,4,5,6,7,8,9,10,11,12,13,14,15,16,17,18,19	boundary,domain	domain	17
chr12	108520000	3,4,5,6,7,8,9,10,11,12,13,14,15,16,17,18,19,20,21,22,23,24,25,26,27,28,29,30,31,32	domain	boundary,domain	30
chr12	108840000	3,4,5,6,21,22,23,24,25	boundary,domain	boundary,domain	9
chr12	109000000	16	domain	boundary	1
chr12	109080000	3,4,5,6,7,8,9,10,11,12,13,14,15,16,17,18,19,20,21,22,23,24,25,26,27,28,29,30,31,32	boundary,domain	boundary,domain	30
chr12	109440000	3,4,5,6,7,8,10,11,12,13,14,15,16,17,18,19,20,21,22,23,24,25,26,27,28,29,30,31,32	boundary,domain	boundary,domain	29
chr12	109680000	20	boundary	boundary	1
chr12	109880000	3,4,7,8,9,10,11,12,13,14,15,16,19,20,21,22,23,24,25,26,27,28,29,30,31,32	boundary,domain	boundary,domain	26
chr12	110000000	3,5,6,9,11,12,16,17,18,29	boundary,domain	domain	10
chr12	110080000	3,4	domain	domain	2
chr12	110480000	3,4,5,6,7,8,9,10,11,12,13,14,15,16,17,18,19,20,21,22,23,24,25,26,27,28,29,30,31,32	domain	domain	30
chr12	110600000	3,4,6,10,11,12,13,14,15,16,17,20,21	boundary,domain	domain	13
chr12	110920000	3,4,5,6,7,8,9,10,11,12,13,14,15,16,17	domain	domain	15
chr12	111360000	3,4,5,6,7,8,9,10,11,12,13,14,15,16,17,18,19,20,21,22,23,24,25,26,27,28,29,30	domain	boundary,domain	28
chr12	111680000	9,10,11,12,13,14,15,28	boundary	boundary,domain	8
chr12	111840000	3,4,5,6,7,8,9,10,12,16,17,18,19,20,21,22,23,24,25,26,27,28,29,30,31,32	boundary,domain	boundary,domain	26
chr12	112440000	3,4,5,6,7,8,9,10,11,12,13,14,15,16,17,18,19,20,21,22,23,24,25,26,27,28,29,30,31,32	boundary,domain	boundary,domain	30
chr12	112880000	3,4,5,6,7,8,9,10,11,15,16,17	domain	boundary,domain	12
chr12	113000000	10	boundary	domain	1
chr12	113200000	3,4,5,6,7,8	domain	domain	6
chr12	113400000	3,4,5,6,7,8,9,10,11,12,13,14	domain	domain	12
chr12	113960000	3,4,5,6,7,8,9,10	domain	domain	8
chr12	114320000	3	domain	domain	1
chr12	114560000	3,4,5,6,7,8,9,10,11,12,13,14,15,16,17,18,19,20,21,22,23,24,25,26,27,28,29,30,31,32	domain	boundary,domain	30
chr12	115800000	3,4,5,6,7,9,10,11,12,13,14,15,16,17,18,19,20,21,22	domain	boundary	19
chr12	115920000	3,4,5,6,7,8,9,10,11,12,13,14,15,16,17,18,19,20,21,22,23,24,25,26,27,28,29,30,31,32	boundary,domain	domain	30
chr12	116280000	3,4,5,6,7,8	domain	domain	6
chr12	116720000	3,4,5,6,7,8,9,10,12,19,20,22,23,24,25,26,27,28,29,30,31,32	domain	domain	22
chr12	117000000	3,4,5,6,7,9,10,11,12,13,14,15,16,17,18,19,20,21,22	boundary,domain	boundary,domain	19
chr12	117200000	3,4,5,6,7,8,9,10,11,12,13,14,15,16,17,18,19,20,21,22,23,24,25,26,27,28,29,30,31,32	boundary,domain	domain	30
chr12	117600000	3	domain	domain	1
chr12	117880000	3,5,6,7,8,9,10,11,12,13,19,20,21	domain	boundary,domain	13
chr12	117960000	17	domain	boundary	1
chr12	118040000	3,4,5,6,7,8,12,13,14,15,16,17,18,19,20,21,22,23,24,25,26,27,28,29,30,31	boundary,domain	boundary,domain	26
chr12	118400000	3,4,5,6,7,8,9,10,11,12,13,14,15,16,17,18,19,20,21,22,23,24,25,26,27,28,29,30,31,32	boundary,domain	domain	30
chr12	118840000	4	domain	domain	1
chr12	119080000	3,4	domain	domain	2
chr12	119440000	4,5	domain	domain	2
chr12	119520000	7	domain	domain	1
chr12	119680000	3,4,5,6,7,8,9,10,11,12,13,14,15,16,17,18,19,20,21,22,23,29,30,31	domain	boundary	24
chr12	119880000	3	domain	domain	1
chr12	120000000	3,4,5,6,7,10,11,12,13,14,15,17,18,19,21,22,23,24,25,26,27,28,29,30	boundary,domain	boundary,domain	24
chr12	120120000	4,8,9,10,11,12,13,14,15,16,17,19,20,21,22,24,28,29,30,31,32	boundary,domain	boundary,domain	21
chr12	120200000	6,7,11,12,13,14,17,18	boundary	boundary,domain	8
chr12	120280000	3,4,5,6,7,8,9,10,11,12,13,14,15,16,17,20	boundary	boundary,domain	16
chr12	120440000	7,8,9,10	boundary	domain	4
chr12	120560000	3,4,5	domain	domain	3
chr12	121240000	3,4,5,6,7,8,9,10,11,12,13,14,15,16,17,21,22,23,24,25,26,27,28,29,30,31,32	domain	boundary	27
chr12	121480000	4,5,6,7,8,9,10,11,12,13,14,15,16,17,18,19,20,21,22,23,24,25,26,27,28,29,30,31,32	boundary,domain	boundary,domain	29
chr12	121680000	3,4,5,6,7,8,9,10,11,12,13,14,15,16,17,18,19,20,21,22,23,24,25,26,27,28,29,30,31,32	boundary,domain	boundary,domain	30
chr12	121880000	3,4,5,6,7,8,9,10,11,12,13,14,15,16,17,18,19,20,21,22	boundary	boundary	20
chr12	122040000	8,9,10,11,13,14,15,21	boundary,domain	boundary,domain	8
chr12	122200000	3,4,5,6,7,8,9,10,11,12,13,14,15,16,17,18,19,20,21,22,23,24,25,26,27,28,29,30,31,32	boundary,domain	boundary,domain	30
chr12	122520000	4,5,6,7,8,10,11,12,13,14,15,16,17,18,19,20,21,22,23,24,25,26,27,28,29,30,31,32	boundary,domain	boundary	28
chr12	122760000	3,12,13,14,15,16,17,18,19,20,21,22,23,24,25,26,27,28,29,30,31,32	boundary,domain	boundary,domain	22
chr12	122960000	3,4,5,6,7,8,9,10,11,12,13,14,15,16,17,18,19,20,21,22,23,24,25,26,27,28,29,30,31,32	boundary,domain	boundary,domain	30
chr12	123240000	4,5,6,7,8,9,10,11,12,24,25,26,27,28,29,30,31,32	boundary,domain	boundary,domain	18
chr12	123640000	3,4,6,7	domain	boundary	4
chr12	123720000	3,4,5,6,7,8,9,10,11,12,13,14,15,16,17,18,19,20,21,22,23,24,25,26,27,28,29,30,31,32	boundary,domain	boundary,domain	30
chr12	124000000	3,4,5,6,7,14,23,24,25,26,27,28,29,30,31,32	boundary,domain	domain	16
chr12	124360000	3,4,5,6,7,8,9,10,11,12,32	domain	boundary	11
chr12	124560000	4	domain	domain	1
chr12	124800000	3,4	domain	domain	2
chr12	124960000	4,5,6,7,8,9,10,11,12,13,14,15,16,17,18,19,20,21,22,23,24,25,26,27,28,29,30,31,32	boundary,domain	boundary,domain	29
chr12	125080000	4	boundary	domain	1
chr12	125200000	3,4,5,6	boundary,domain	domain	4
chr12	125560000	3,4,5,6,7,8	domain	domain	6
chr12	126040000	3,6,7	domain	domain	3
chr12	126200000	8,10,11	domain	domain	3
chr12	126520000	4	domain	domain	1
chr12	126680000	3,4	domain	domain	2
chr12	126880000	3	domain	domain	1
chr12	127080000	3,4,5,7,8	domain	domain	5
chr12	127600000	3,4,5,6,7,8,9	domain	domain	7
chr12	128080000	4,6,7,8,9,10	domain	boundary,domain	6
chr12	128200000	3,4,5,10,11,12,13,14,15,16,17,18,19,20,21,22,24,25,26,27,28,29,30,31,32	domain	domain	25
chr12	128320000	19,23	boundary,domain	domain	2
chr12	128400000	3,21,27	boundary,domain	domain	3
chr12	128640000	10,13,14	domain	domain	3
chr12	128720000	5,6,7,8,9,11,12	domain	domain	7
chr12	129800000	3	domain	domain	1
chr12	130000000	3,4,5,6,7,8,9,10,11,12,13,14,15,16,17,18,19,20,21,22,23,24,25,26,27,28,29,30,31	domain	domain	29
chr12	130200000	3	domain	domain	1
chr12	130400000	3,4,5,6,7,8,9,10	domain	domain	8
chr12	130640000	3	domain	domain	1
chr12	130760000	3,6	domain	boundary,domain	2
chr12	130880000	3,4,5,6,7,8,9	domain	domain	7
chr12	131080000	3	domain	domain	1
chr12	131280000	3,4,5,6,7,8,9,10,11,12,13,14,15,16,17,18,19,20,21,22,23,24,25,26,27,28,29,30,31,32	domain	gap	30
chr12	131320000	3,4,5,6,7,8,9,10,11,12,13,14,15,16,17,18,19,20,21,22,23,24,25,26,27,28,29,30,31,32	gap	domain	30
chr12	131640000	3,4,5,6,7,8,9,10,11,12,13,14,15,16,17,18,19,20,21,22,23,24,25,26,27,28,29,30,31,32	domain	gap	30
chr12	131680000	3,4,5,6,7,8,9,10,11,12,13,14,15,16,17,18,19,20,21,22,23,24,25,26,27,28,29,30,31,32	gap	domain	30
chr12	131840000	3	domain	domain	1
chr12	132200000	3,4,5,6,7,8,9,10,11,12,13,14,15,16,17,18,19,20,21,22,23,24,25,26,27,28,29,30,31,32	domain	gap	30
chr12	132240000	3,4,5,6,7,8,9,10,11,12,13,14,15,16,17,18,19,20,21,22,23,24,25,26,27,28,29,30,31,32	gap	domain	30
chr12	132440000	3,4,5,6,7,8,9,10,11,12,13,14,15,16,17,18,19,20,21,22,23,24,25,26,27,28,29,30,31,32	domain,gap	gap	30
chr12	132480000	3,4,5,6,7,8,9,10,11,12,13,14,15,16,17,18,19,20,21,22,23,24,25,26,27,28,29,30,31,32	gap	domain	30
chr12	132680000	3	domain	domain	1
chr12	132880000	3,4,5,6,7	domain	domain	5
chr12	133275309	3,4,5,6,7,8,9,10,11,12,13,14,15,16,17,18,19,20,21,22,23,24,25,26,27,28,29,30,31,32	domain	gap	30
chr13	16000000	3,4,5,6,7,8,9,10,11,12,13,14,15,16,17,18,19,20,21,22,23,24,25,26,27,28,29,30,31,32	domain	gap	30
chr13	18920000	3,4,5,6,7,8,9,10,11,12,13,14,15,16,17,18,19,20,21,22,23,24,25,26,27,28,29,30,31,32	gap	domain	30
chr13	19200000	3,4,5,6,7,8,9,10,11,12,13,14,15,16,17,18,19,20,21,22,23,24,25,26,27,28,29,30,31,32	domain	gap	30
chr13	19560000	3,4,5,6,7,8,9,10,11,12,13,14,15,16,17,18,19,20,21,22,23,24,25,26,27,28,29,30,31,32	gap	domain	30
chr13	20000000	4,5,6,7,8	domain	boundary	5
chr13	20160000	3,4,5,6,7,8,9,10,11,12,13	boundary,domain	domain	11
chr13	20480000	3,4,5,6,7	domain	domain	5
chr13	20920000	3,4,5,6,7,8,9,10,11,12,13,14,15,16,17,18,19,20,21,22,23,24,25,26,27,28,29,30,31,32	domain	domain	30
chr13	21240000	3,4,5,6,7,8,15,16,18,24,31,32	boundary,domain	boundary,domain	12
chr13	21600000	3,4,5,6,7,8,9,10,11,12,13,14,15,16,17,18,19,20,21,22,23,24,25,26,27,28,29,30,31,32	boundary,domain	domain	30
chr13	22920000	3,4,5,6,7,8,9,10,11,12,13,14,15,16,17,18,19,20,21,22,23,24,25,26,27,28,29,30,31,32	domain	gap	30
chr13	22960000	3,4,5,6,7,8,9,10,11,12,13,14,15,16,17,18,19,20,21,22,23,24,25,26,27,28,29,30,31,32	gap	domain	30
chr13	23360000	3,4,5,6,7,8,9	domain	domain	7
chr13	23920000	3,4,5,6,7,8,9,10	domain	domain	8
chr13	24360000	3,4,5,6,7,8,9,10,11,12,13,14,15,16,17,18,19,20,21,22,23,24,25,26,27,28,29,30,31,32	domain	gap	30
chr13	24400000	3,4,5,6,7,8,9,10,11,12,13,14,15,16,17,18,19,20,21,22,23,24,25,26,27,28,29,30,31,32	gap	domain	30
chr13	24560000	3,4,5,6,7,8,9,10,11,12,13,14,15,16,17,18,19,20,21,22,23,24,25,26,27,28,29,30,31,32	domain	gap	30
chr13	24600000	3,4,5,6,7,8,9,10,11,12,13,14,15,16,17,18,19,20,21,22,23,24,25,26,27,28,29,30,31,32	gap	domain	30
chr13	24760000	3	domain	domain	1
chr13	25080000	6,7	domain	domain	2
chr13	25320000	5,6,7,8,9,10,11,12,13,14,15	domain	boundary,domain	11
chr13	25480000	6,8	boundary,domain	domain	2
chr13	26120000	3,4,5,6,7,8,9,10,11,12,13,14,15,16,17,18,19,20,21,22,23,24,25,26	domain	domain	24
chr13	26480000	5	domain	domain	1
chr13	26760000	3,4,5,13,14,24,25,27,28,29,30,32	domain	boundary	12
chr13	26920000	3,4,5,6,7,8,9,10,11,12,13,14,15,16,17,18,19,20,21,22,23,24,25,26,27,28,29,30,31,32	boundary,domain	domain	30
chr13	27360000	3,4,5,6,7,8,9,10,11	domain	domain	9
chr13	27760000	5	domain	domain	1
chr13	28040000	3,4,5,6,7,8,9,10,11,12,13,14,15,16,17,18,19,20,21,22,23,24,25,26,27,28,29,30,32	domain	domain	29
chr13	28320000	4,5,6	domain	domain	3
chr13	28680000	3,4,5,6,7,8,14,15,16,17,18,19	domain	boundary,domain	12
chr13	28800000	5,6,7,8,9,10,11,12,13,14,16,18,19	boundary,domain	domain	13
chr13	29240000	3,4	domain	domain	2
chr13	29440000	3,4,5,6,7,8,9,10,11,12,13,14,15,16,17,18,19,20,21,22,23,24,25,26,27,28,29,30,31,32	domain	boundary,domain	30
chr13	29720000	3,4,5,6,7,8,9,10,11,16,17,18,19,20,22,23,24,25,26,27,28,29,30,31	boundary,domain	domain	24
chr13	30120000	3,4,5,6,7,8,9,10,11,12,13,14,15,16,17,18,19,20,21,22,23,24,25	domain	domain	23
chr13	30480000	3	domain	domain	1
chr13	30600000	3,4,6,8,9,10,11	domain	domain	7
chr13	31120000	3,4,5,6,7,8,9,10,11,12,13,14,15,16,17,18,19,20,21,22,23,24,25,26,27,28,29,30,31,32	domain	domain	30
chr13	31400000	29,30,32	boundary	domain	3
chr13	31880000	3,4,5,6,7,8,9,10,11,12,13,14,15,16,17,18,19,20,21,22,23,24,25,26,27,28,29,30,31,32	domain	boundary,domain	30
chr13	32320000	5,6,7,8,9,10,11,12,13,14,15,16,17,18,19,20,21,22,23,24,25,26,27,28,29,30,31,32	boundary,domain	boundary,domain	28
chr13	32560000	12,13,14,15,16,18	boundary	domain	6
chr13	32720000	3	domain	domain	1
chr13	33560000	3,4,5,6,7,9,11,12,13,15	domain	boundary,domain	10
chr13	33760000	3,4,5,6,7,8,9,10,11,12,13,14,15,16,17,18,19,20,21,22,23,24,25,26,27,28,29,30,31,32	boundary,domain	domain	30
chr13	34120000	3,4	domain	domain	2
chr13	35160000	3,4,5,6,7,8,9,10,11,12,13,14,15,16,17,18,19,20,21,22,23,24,25,26,27,28,29,30,31,32	domain	domain	30
chr13	35840000	12,13,14,16,18,19,20,21,22,23,24,25,26,28,29,30	domain	boundary	16
chr13	35960000	3,4,5,6,7,8,9,10,11,12,13,14,15,16,17,18,19,20,21,22,23,24,25,26,27,28,29,30,31,32	boundary,domain	boundary,domain	30
chr13	36280000	3,4,5,6,7,32	boundary,domain	boundary,domain	6
chr13	36400000	3,8,9,10,28,29,30,31,32	boundary,domain	boundary,domain	9
chr13	36800000	3,4,5,6,7,8,9,10,11,12,14,15,16,17,18,19,20,21,23,24,26,27,28,29,30,32	domain	domain	26
chr13	37040000	3,4,5,6,7,8,9,10,11,12,13,14,15,16,17,18,19,20,21,22,23,24,25,26,27,28,29,30,31,32	boundary,domain	domain	30
chr13	37640000	3,5,6,7,8,9,10,11,12,13,14,15,16,17,18,19	domain	domain	16
chr13	38400000	3	domain	domain	1
chr13	38680000	3,4,5,6,7,8,9,11,13,14,15	domain	boundary	11
chr13	38960000	4,5,6,7,8,9,10,11,12,13,14,15,16,17,18,19,20,21,22,23,24,25,26,27,28,29,30,31,32	domain	domain	29
chr13	39120000	3,6	domain	domain	2
chr13	39680000	3,4,5,6,7,8,9,10,11,12,13,14,15,16,17,18,19,20,21,22,23,24,25,26,27,28,29,30,31,32	domain	domain	30
chr13	39920000	3	domain	domain	1
chr13	40040000	4,5,6	domain	domain	3
chr13	40680000	3,4,5	domain	boundary,domain	3
chr13	40760000	4,5,6,7,8,9,10,11,12,13,14,15,16,17,18,19,20,21,22,25,26,30	boundary,domain	boundary,domain	22
chr13	41040000	3,4,6,7,12,13,14,15,16,17,18,19,20,23,24,25,27,28,29,30,31,32	boundary	boundary,domain	22
chr13	41280000	3,4,5,6,7,8,9,10,11,12,13,14,15,17,20,23,26,30,31,32	boundary,domain	domain	20
chr13	41680000	4,5,6	domain	domain	3
chr13	42120000	3	domain	domain	1
chr13	42280000	5,6,7,8,9,10,11,12,13,14,15,16,17,18,19,20,21,22,23,24,25,26,27,28,29,30,31,32	domain	boundary,domain	28
chr13	42560000	5,6,7,25,26,31	boundary	domain	6
chr13	43080000	3	domain	domain	1
chr13	43160000	12	domain	domain	1
chr13	43880000	3,4,5,6,7,8,9,10,11,12,13,14,15,16,17,18,19,20,21,22,23,24,25,26,27,28,29,30,31,32	domain	domain	30
chr13	44480000	3,4,5,6,7,8,9,10,11,12,13,14,15	domain	domain	13
chr13	45040000	3,4,5,6,7,8,9,10,11,12,15,17,18,19,20,21,22,23,25,27,30,31	domain	boundary,domain	22
chr13	45360000	3,4,5,6,7,8,9,10,11,12,13,14,15,16,17,18,19,20,21,22,23,24,25	boundary,domain	boundary,domain	23
chr13	45520000	3,4,5,6,7,8,9,10,11,13,14,15,16,17,19	boundary,domain	domain	15
chr13	46120000	3	domain	domain	1
chr13	46400000	3,4,5,6,7,8,9,10,11,12,13,14,15,16,17,18,19,20,21,22,23,24,25,26,27,28,29,30,31,32	domain	gap	30
chr13	46480000	3,4,5,6,7,8,9,10,11,12,13,14,15,16,17,18,19,20,21,22,23,24,25,26,27,28,29,30,31,32	gap	domain	30
chr13	46800000	3,4,5,6,7	domain	domain	5
chr13	47240000	3	domain	domain	1
chr13	47640000	4	domain	domain	1
chr13	47840000	6	domain	boundary	1
chr13	47920000	4,5,6,7,8,9,10,11,12,13,14,15,16,17,18,19,20,21,22,23,24,25,26,27,28,29,30,31,32	domain	domain	29
chr13	48320000	4	domain	domain	1
chr13	48600000	3,4,6,31	domain	boundary,domain	4
chr13	48840000	9,10,11,12,13,15,16,18,21,23,24,25,26,27,29,30,31,32	boundary,domain	boundary,domain	18
chr13	48960000	11,12,13,14,15,16,18,19,20,21,22,27,28,29,30,31	boundary,domain	boundary,domain	16
chr13	49040000	17,25,29	boundary,domain	boundary,domain	3
chr13	49280000	7,8,9,10,11,12,13,14,15,17,18,19,20,22,26,27,28,29,30	boundary,domain	boundary,domain	19
chr13	49480000	8,9,10,11,23,27,28,30	boundary,domain	boundary,domain	8
chr13	49640000	3,4,5,6,7,8,9,10,11,12,13,14,15,16,17,18,19,20,21,22,23,24,25,26,27,28,29,30,31,32	boundary,domain	boundary,domain	30
chr13	49800000	24	boundary	domain	1
chr13	49920000	4,5,6,7,8,9,10,11,12,13,14,15,16,17,18,19,20,21,22,23	boundary,domain	domain	20
chr13	50520000	3	domain	domain	1
chr13	51080000	3,4,5,6,7,8,9,10,11,12,13,14,15,16,17,18,19,20,21,22,23	domain	domain	21
chr13	51320000	3,4,5	domain	domain	3
chr13	51800000	3,4,5,6,7,8,9	domain	domain	7
chr13	52200000	3,4,5,6,7,8,9,10,11,12,13,14,15,16,17,18,19,20,21,22,23,24,25,26,27,28,29,30,31,32	domain	gap	30
chr13	52320000	3,4,5,6,7,8,9,10,11,12,13,14,15,16,17,18,19,20,21,22,23,24,25,26,27,28,29,30,31,32	gap	domain	30
chr13	52480000	3,4,5,6,7,8,9,10,11,12,13,14,15,16,17,18,19,20,21,22,23,24,25,26,27,28,29,30,31,32	domain	gap	30
chr13	52600000	3,4,5,6,7,8,9,10,11,12,13,14,15,16,17,18,19,20,21,22,23,24,25,26,27,28,29,30,31,32	gap	domain	30
chr13	52840000	3,4	domain	domain	2
chr13	53200000	4,5,6,7,8,9,10,11,12,13,14	domain	domain	11
chr13	53800000	8,9,10,11,12,13	domain	boundary,domain	6
chr13	53880000	13	boundary	domain	1
chr13	54160000	3	domain	domain	1
chr13	54320000	3,4,5,6	domain	domain	4
chr13	54440000	4,5,6,7,8,9,10,11	domain	domain	8
chr13	54840000	3,4,5,6,7	domain	domain	5
chr13	55120000	3,4,5	domain	domain	3
chr13	55240000	6,8,9,10,11,13,15	domain	boundary,domain	7
chr13	55360000	4,5,6,7,8,9,12	domain	domain	7
chr13	55480000	4,5,6,7	boundary,domain	domain	4
chr13	55680000	3,4	domain	domain	2
chr13	55880000	3,4,5,6,7,8,9,10,11,12,13,14,15,16,17,18,19,20,21,22,23,24,25,26,27,28,29,30,31,32	domain	gap	30
chr13	55920000	3,4,5,6,7,8,9,10,11,12,13,14,15,16,17,18,19,20,21,22,23,24,25,26,27,28,29,30,31,32	gap	domain	30
chr13	56120000	4	domain	domain	1
chr13	56200000	3,5	domain	domain	2
chr13	56320000	3,4,5,6,7,8,9	domain	boundary,domain	7
chr13	56560000	3,4,5,6,12	domain	domain	5
chr13	56720000	3,4,5,7,8,9	boundary,domain	domain	6
chr13	57120000	3,4,5,6,7,8,9,10,11,12,13,14,15,16,17,18,19,20,21,22,23,24,25,26,27,28,29,30,31,32	domain	gap	30
chr13	57200000	3,4,5,6,7,8,9,10,11,12,13,14,15,16,17,18,19,20,21,22,23,24,25,26,27,28,29,30,31,32	gap	domain	30
chr13	57400000	3,4	domain	domain	2
chr13	57680000	3,4,5	domain	domain	3
chr13	57920000	3,4,5,6,7,8,9,10,11,12,13,14,15,16	boundary,domain	boundary,domain	14
chr13	58080000	5,6,10,11	boundary,domain	boundary,domain	4
chr13	58160000	4,6,14,15,18,23	boundary,domain	boundary,domain	6
chr13	58320000	3,4,5,9,10,11,12,13,15,17,21,27	domain	boundary,domain	12
chr13	58520000	4,5,6,7,8,10,11,12,13,14,20,22	boundary,domain	boundary,domain	12
chr13	58640000	3,4,5,6	boundary,domain	boundary,domain	4
chr13	58720000	3,4,5,7,8,9,12	boundary,domain	boundary,domain	7
chr13	58880000	4,5,6,7,8,10,11,12,13,16,18,19,23,24,25,26	boundary,domain	boundary,domain	16
chr13	58960000	5,6,7,8,11,12,13,14,15,18	boundary,domain	domain	10
chr13	59080000	5,7,11	domain	domain	3
chr13	59320000	4,5,6,7,8,9,10,11,12,13,14,15,16,17,18,19	domain	domain	16
chr13	59680000	3,4,5,6,7,8	domain	domain	6
chr13	60320000	3	domain	domain	1
chr13	60480000	3,4,5,6,7,8,9,10,11,12,13,14,15,16,17,18,19,20,21,22,23,24,25,26,27,28,29,30,31,32	domain	boundary,domain	30
chr13	60640000	3,4,5,6,7,8,9,10,11,12,14,16,17,18,19,21,22,23,24,25,26,27,28,29,30,31	boundary,domain	domain	26
chr13	61080000	3,4	domain	domain	2
chr13	61360000	6,7,8	domain	domain	3
chr13	62000000	3,4,5,6,7,8,9,10,11,12,13,14,15,16,17,18,19,20,21,22,23,24,25,26,27,28,29,30,31,32	domain	boundary,domain	30
chr13	62080000	5,6	boundary	domain	2
chr13	62400000	4,5,6,7,8,9,10,11,12,13,14,15,16,18	domain	domain	14
chr13	62960000	3	domain	domain	1
chr13	63080000	5,6,7,8,9,10,11,12,13,14,15	domain	domain	11
chr13	63720000	3,4,5,6,7,8,9,10,11,12,13,14,15,16,17,18,19,20,21,22,23,24,25,26,27,28,29,30,31,32	domain	gap	30
chr13	63840000	3,4,5,6,7,8,9,10,11,12,13,14,15,16,17,18,19,20,21,22,23,24,25,26,27,28,29,30,31,32	gap	domain	30
chr13	64240000	7	domain	domain	1
chr13	64440000	4,5,6,7,8,9,10,11,12,13,14	domain	boundary,domain	11
chr13	64520000	6,16	boundary,domain	domain	2
chr13	64800000	3,4,5,6,7,9,10	domain	domain	7
chr13	65320000	5,6	domain	domain	2
chr13	65640000	3,4,5,6,7,8,9,10,11,12,13,14,15,16,17,18,19,20,21,22,23,24,25,26,27,28,29,30,31,32	domain	domain	30
chr13	66160000	3	domain	domain	1
chr13	66600000	6	domain	domain	1
chr13	66800000	3	domain	domain	1
chr13	67280000	3,4,5,6,7,8,9,10,11,12,13,14,15,16,17,18,19,20,21,22,23,24,25,26,27,28,29,30,31,32	domain	domain	30
chr13	67440000	3,4	domain	domain	2
chr13	67600000	3,4,5,6,7	domain	domain	5
chr13	67720000	4,5	domain	domain	2
chr13	67800000	8	domain	domain	1
chr13	67880000	3,4,5,6	domain	domain	4
chr13	68280000	4,5,6,7,8,9,10,11,12,13,14,15,16,17,18	domain	domain	15
chr13	68760000	3	domain	domain	1
chr13	68920000	9	domain	domain	1
chr13	69480000	3,4,5,6,7,8,9,10,11,12,13,14,15,16,17,18,19,20,21,22,23,24,25,26,27,28,29,30,31,32	domain	domain	30
chr13	69880000	3,4,5,6,7,8,9	domain	domain	7
chr13	70320000	3,4,5	domain	domain	3
chr13	70640000	3,4,5,6,7,8,9,10,11,12,13,14,15,16,17,18,19,20,21,22,23,24,25,26,27,28,29,30,31,32	domain	domain	30
chr13	70800000	12	boundary	domain	1
chr13	70880000	4,5,6,7,10	boundary	domain	5
chr13	71240000	3,4,5,6,7,8,9,10,11,12,13,14	domain	domain	12
chr13	71880000	3,4,5,6,7,8,9,10	domain	domain	8
chr13	72280000	6,8	domain	domain	2
chr13	72720000	3,4,5,6,7,8,9,10,11,12,13,14,15,16,17,18,19,20,21,22,23,24,25,26,27,28,29,30,31,32	domain	domain	30
chr13	73040000	4	domain	domain	1
chr13	73720000	3,4,5,6,7,8,9,10,11,12,13,14,15,16,17,18,19,20,21,22,23,24,25,26,27,28,29,30,31,32	domain	domain	30
chr13	75240000	3,4,5,6,7,8,9,10,11,12,13,14,15,16,17,18,19,20,21,22,23,24,25,26,27,28,29,30,31,32	domain	boundary,domain	30
chr13	75640000	3,4,5,6,7,8,9,10,11,12,13,14,15,16,17,18,19,20,21,22,23,24,25,26,27,28,29,30,31,32	boundary,domain	boundary,domain	30
chr13	75840000	3,4,5,6,7,8,9,10,11,12,13,14,15,20	boundary	domain	14
chr13	76120000	3,4	domain	domain	2
chr13	76520000	4,5,6,7,8,9,10	domain	domain	7
chr13	76960000	3,4,5,6,7,8,9,10,11,12,13,14,15,16,17,18,19,20,21,22,23,24,25,26,27,28,29,30,31,32	domain	domain	30
chr13	77480000	3	domain	domain	1
chr13	77560000	4,5,6,7,8,9,10,11,12,13,14,15,16,17,18,19,20,29,30,31,32	domain	boundary,domain	21
chr13	77760000	3,4,5,6,7,8,9,10,11,12,13,14,15,16,17,18,19,20,21,22,23,25,26,27,28,29,30,32	boundary,domain	domain	28
chr13	78160000	3,4,5,6,7,8,9,10,11,12,13,14,15,16,17,18,19,20,21,22,23,24,25,26,27,28,29,30,31	domain	domain	29
chr13	78760000	4,5	domain	domain	2
chr13	78920000	3	domain	domain	1
chr13	79000000	4,5,6,7	domain	domain	4
chr13	79240000	4,5,10,11,12,13,17,19,29,30,31	domain	boundary,domain	11
chr13	79360000	6,7,8,9,14,15,16,17,18,19,20,21,22,23,24,25,26,27,28,29,30,31,32	boundary,domain	domain	23
chr13	79560000	4,13	domain	domain	2
chr13	79760000	4,5,8	domain	domain	3
chr13	80400000	4,5,6,7,8,9,10,11,12,13,14	domain	domain	11
chr13	80800000	3,4,5,6,7	domain	boundary,domain	5
chr13	81000000	3,4,5,6,7,8,9,10,11,12,13,14,15,16,17,18,19,20,21,22,23,24,25,26,27,28,29,30,31,32	boundary,domain	domain	30
chr13	81680000	3	domain	domain	1
chr13	81880000	3,5,6,7,8,9,10,11,12,13,14,15,16,17,18,19	domain	domain	16
chr13	82120000	4	domain	domain	1
chr13	82400000	3,4,5,6,7,9,10,11,12,13,14,15,16,18	domain	domain	14
chr13	82560000	3	domain	domain	1
chr13	82680000	3,4,6,31,32	domain	domain	5
chr13	83040000	4,9,12,13,15,16,17,18,19,20,21,22,23,24,25,26,27,28,29	boundary,domain	boundary,domain	19
chr13	83280000	3,4,5,6,7,8,9,10,11,12,13,14	boundary,domain	domain	12
chr13	83840000	4,5,6,7,8,9,10,11	domain	boundary,domain	8
chr13	83960000	11,12,13,14,17,18	domain	boundary,domain	6
chr13	84080000	15,16,17,18	boundary	domain	4
chr13	84480000	4,5,6,7,8,9,10,25,27,28,30	domain	boundary,domain	11
chr13	84600000	4,23,28,29,30,31	boundary,domain	boundary	6
chr13	84880000	3,4,5,6,7,8,9,10,11,12,13,14,15,16,17,18,19,20,21,22,23,24,25,26,27,28,29,30,31,32	boundary,domain	domain	30
chr13	85840000	4,5,6,7,8	domain	domain	5
chr13	86200000	3,4,5,6,7,8,9,10,11,12,13,14,15,16,17,18,19,20,21,22,23,24,25,26,27,28,29,30,31,32	domain	gap	30
chr13	86280000	3,4,5,6,7,8,9,10,11,12,13,14,15,16,17,18,19,20,21,22,23,24,25,26,27,28,29,30,31,32	gap	domain	30
chr13	86600000	3,4,5,6,7	domain	boundary,domain	5
chr13	86840000	3,4,5,6,7,8,9,10,11	boundary,domain	domain	9
chr13	87040000	3,4,10	domain	domain	3
chr13	87360000	4,5,6,7,8,9,10,11	domain	domain	8
chr13	87520000	3,4,5,6,7,9	domain	domain	6
chr13	87720000	4,5,7,8,12,13,14,16	domain	domain	8
chr13	87880000	4,6,7,8,9,10,11	domain	domain	7
chr13	88000000	3,4,5,6	domain	domain	4
chr13	89080000	3,4,5,6,7,8,9,10,11,12,13,14,15,16,17,18,19,20,21,22,23,24,25,26,27,28,29	domain	boundary,domain	27
chr13	89320000	22,30,31,32	boundary,domain	domain	4
chr13	89720000	3,9,10,11,12,13,14,15	domain	domain	8
chr13	89840000	12	domain	domain	1
chr13	90200000	3	domain	domain	1
chr13	90880000	5	domain	domain	1
chr13	91080000	3,4,5,6,7,8,9,10,11,12,13,14,15,16,17,18,19,20,21,22,23,24,25,26,27,28,29,30,31	domain	boundary,domain	29
chr13	91280000	4,5,6,7,8,9,10,11,12,13,14,15,16,17,18,19,20,21,22,23,24,25,26,27,28,29,30,31,32	boundary,domain	boundary,domain	29
chr13	91800000	3,4,5,6,7,8,9,10,11,12,13,14,15,16,17,18,19,20,21,22,23,24,25,26,27,28,29,30,31,32	boundary,domain	boundary,domain	30
chr13	92120000	3,4,5,6,7,8,9,10,11,12,13,14,15,16,17,18,19,20,21,22,23,24,25,27,29	boundary,domain	domain	25
chr13	92880000	3,4,5,6,7,8,9,10,11,12	domain	domain	10
chr13	94400000	3,4,5,6,7,8,9,10,11,12,13,14,15,16,17,18,19,20,21,22,23,24,25,26,27,28,29,30,31,32	domain	boundary,domain	30
chr13	94560000	15,16,19,25,30,31,32	boundary	domain	7
chr13	95040000	3,4,5,6,7,8,9,10,11,12,13,14,15	domain	domain	13
chr13	95440000	3,4,5,6,7,8,9,10,11,12,13,14,15,16,17,18,19,25,29,30,31,32	domain	boundary,domain	22
chr13	95680000	10,11,14,15,16,17,18,19,28,29,30,31	boundary,domain	boundary	12
chr13	95880000	3,4,5,6,12,13,14,15,16,17,18,19,20,21,22,23,24,25,26,27,28,29,30,31,32	boundary,domain	boundary,domain	25
chr13	96000000	3,4,5,6,7,8,9,10,11	boundary,domain	domain	9
chr13	96800000	3,4,5,6,7,8	domain	domain	6
chr13	97040000	3,4,5,6,7,8,9,10,11,12,13,14,15,16,17,18,19,20,21,22,23,24,25,26,27,28,29,30,31,32	domain	boundary,domain	30
chr13	97440000	4,5,6,7,8,9,10,11,12,13,14,15,23,24,25,26,27,28,29,30,31,32	boundary,domain	boundary,domain	22
chr13	97840000	3,4,5,6,7,8,9,10,11,12,13,14,15,16,17,18,19,20,21,22,23,24,25,26,27,28,29,30,31,32	domain	domain	30
chr13	98120000	6	domain	domain	1
chr13	98440000	3,4,5,6,7,8	domain	domain	6
chr13	98600000	10	domain	domain	1
chr13	98680000	4,5,8,9	domain	boundary,domain	4
chr13	98800000	4,5,6,7,8,9,10,11,12,13,14,15,16,17,18,19,20,21,29,31,32	boundary,domain	boundary,domain	21
chr13	99080000	3,4,5,6,7,8,9,10,11,12,13,14,15,16,17,18,19,20,21,22,23,24,25,26,27,28,29,30,31,32	boundary,domain	boundary,domain	30
chr13	99440000	3,4,18,19,20,21,22,23,24,25,27,30	boundary,domain	boundary,domain	12
chr13	99520000	22	boundary	domain	1
chr13	99600000	3,4,5,6,7,8,9,10,11,12,13,14,15,16,17,18,19,20	boundary,domain	domain	18
chr13	100240000	3	domain	domain	1
chr13	100560000	3,4,5,6,7,8,9,10,11,12,13,14,15,16,17,18,19,20,21,22,23,24,25,26,27,28,29,30,31,32	domain	domain	30
chr13	100880000	20	boundary	boundary	1
chr13	101120000	3,4,5,6,7,8,9,10,11,12,13,14,15,16,17,18,19,20,21,22,23,24,25,26,27,28,29,30,31,32	boundary,domain	domain	30
chr13	101480000	3,4,5,6,7	domain	domain	5
chr13	101800000	3,4,5,6,7,8,9	domain	boundary,domain	7
chr13	101960000	6,9,10,11,12,13,14,15	domain	domain	8
chr13	102120000	5,7	domain	domain	2
chr13	102320000	4	domain	domain	1
chr13	102400000	7,8	domain	boundary	2
chr13	102560000	3,4,5,6,7,8,9,10,11,12,13,14,15,16,17,18,19,20,21,22,23,24,25,26,27,28,29,30,31,32	boundary,domain	boundary,domain	30
chr13	102880000	3,4,5,6,7,8,9,10,11,12,13,14,15,16,17,18,19,20,21,22,23,24,25,26,27,28,29,30,31,32	boundary,domain	domain	30
chr13	103200000	3,4,5	domain	domain	3
chr13	103320000	3	domain	domain	1
chr13	103560000	5	domain	domain	1
chr13	103800000	3,4,5,6,7,8,9,10,11,12,13,14,15,16,17,18,19,20,21,22,23,24,25,26	domain	domain	24
chr13	104200000	4	domain	domain	1
chr13	106520000	3,4,5,6,7,8,9,10,11,12,13,14,15,16,17,18,19,20,21,22,23,24,25	domain	domain	23
chr13	106720000	26	domain	boundary	1
chr13	106920000	3,4	domain	domain	2
chr13	107160000	3,4,5,6,7,8,9,10,11,12,13,14,15,16,17,18,19,20,21,22,23,24,25,26,27,28,29,30,31,32	boundary,domain	domain	30
chr13	107360000	3	domain	domain	1
chr13	107560000	3,4,8	domain	domain	3
chr13	107760000	4,7,8,9	domain	domain	4
chr13	108200000	3,4,5,6,7,8,9,10,11,12,13,14,15,16,17,18,19,20,21,22,23,24,25,26,27,28,29,30,31,32	domain	boundary,domain	30
chr13	108440000	29	boundary	boundary	1
chr13	108520000	23,24,27,32	boundary	boundary,domain	4
chr13	108600000	3,5	domain	domain	2
chr13	108920000	3,4,5,6,7,8,9,10,11,12,13,14,15,16,17,18,19,20,21,22,23,24,25,26,27,28,29,30,31,32	boundary,domain	domain	30
chr13	109800000	3,4,5,6,7,8,9,10,11,13,14	domain	domain	11
chr13	110160000	3,4,5,6,7,8,9,10,11,12,13,14,15,16,17,18,19,20,21,22,23,24,25,26,27,28,29,30,31,32	domain	boundary,domain	30
chr13	110440000	3,4,5,6,7,8,9,10,11,12,13,14,15,16,17,18,19,20,21,22,23,24,25,26,27,28,29,30	boundary,domain	boundary,domain	28
chr13	110560000	9,10,11,13,19,26	boundary	boundary,domain	6
chr13	110920000	3,4,5,6,7,8,9,10,11,12,13,14,15,16,17,18,19	boundary,domain	boundary,domain	17
chr13	111040000	3,8,10	boundary	domain	3
chr13	111360000	3,4,5,6	domain	domain	4
chr13	111480000	3	domain	domain	1
chr13	111680000	3,4,5,6,7,8,9,10,11,12,13,14,15,16,17,18,19,20,21,22,23,24,25,26,27,28,29,30,31,32	domain	gap	30
chr13	111840000	3,4,5,6,7,8,9,10,11,12,13,14,15,16,17,18,19,20,21,22,23,24,25,26,27,28,29,30,31,32	gap	domain	30
chr13	112040000	3,4	domain	domain	2
chr13	112280000	3,4,5,6,7,8,9,10,11,12,13,14,15,16,17,18,19,20,21,22,23,24,25,26,27,28,29,30,31,32	domain	gap	30
chr13	112320000	3,4,5,6,7,8,9,10,11,12,13,14,15,16,17,18,19,20,21,22,23,24,25,26,27,28,29,30,31,32	gap	boundary,domain	30
chr13	112600000	3,4,6	domain	domain	3
chr13	112880000	3,4,5,6,7,8,9,10,11,12,13	boundary,domain	domain	11
chr13	113160000	14	boundary	domain	1
chr13	113240000	4	domain	domain	1
chr13	113440000	3	domain	domain	1
chr13	113560000	4,7,8,9,10,11,12	domain	domain	7
chr13	113680000	3,4,5,6,7,8,9,10,11,12,13,14,15,16,17,18,19,20,21,22,23,24,25,26,27,28,29,30,31,32	domain,gap	gap	30
chr13	113720000	3,4,5,6,7,8,9,10,11,12,13,14,15,16,17,18,19,20,21,22,23,24,25,26,27,28,29,30,31,32	gap	domain	30
chr13	114120000	3,4,5,6,7,8,9,10,11,12,13,14,15,16,17,18,19,20,21,22,23,24,25,26,27,28,29,30,31,32	domain	domain	30
chr13	114360000	3,4,5,6,7,8,9,10,11,12,13,14,15,16,17,18,19,20,21,22,23,24,25,26,27,28,29,30,31,32	domain	gap	30
chr14	16040000	3,4,5,6,7,8,9,10,11,12,13,14,15,16,17,18,19,20,21,22,23,24,25,26,27,28,29,30,31,32	domain	gap	30
chr14	20120000	3,4,5,6,7,8,9,10,11,12,13,14,15,16,17,18,19,20,21,22,23,24,25,26,27,28,29,30,31,32	gap	domain	30
chr14	20320000	3,4	domain	domain	2
chr14	20720000	6,7,8,9	domain	domain	4
chr14	21000000	3,4,5,6,7,8,9,10,11,12,13,15,17,19,20	domain	boundary,domain	15
chr14	21160000	3,4,6,7,8,9,10,11,12,13,14,15,16,17,18,19,20,21,22,23,24,25,26	boundary,domain	boundary,domain	23
chr14	21600000	3,4,5,6,7,8,9,10,11,12,13,14,15,16,17,18,19,20,21,22,23,24,25,26,27,28,29,30,31,32	boundary,domain	domain	30
chr14	21840000	6	domain	domain	1
chr14	21960000	8	boundary	domain	1
chr14	22160000	4,5,6,7,8,9,10,11,12,13,14	domain	domain	11
chr14	22520000	3,4,5,6,7,8,9,12,13,14,15,16,17,18,19,20,21,22,23,24,25	domain	boundary,domain	21
chr14	22800000	4	domain	domain	1
chr14	22920000	4,5,6,7,8,9,10,11,12,13,14,15,16,17,18,19,20,21,22,23,24,25	boundary,domain	boundary,domain	22
chr14	23120000	4,6,12,15,16,17,18,19	boundary	boundary,domain	8
chr14	23200000	5,16,18	boundary,domain	domain	3
chr14	23440000	7,8,9,10,11,13	domain	domain	6
chr14	23560000	3,4,5,6,7	boundary,domain	domain	5
chr14	23720000	3	domain	domain	1
chr14	23960000	3,4,5,6,7,8,9,10,11,12,13,14,15,16,17,18,19,20,21,22,23,24,25,26,27,28,29,30,31,32	domain	gap	30
chr14	24040000	3,4,5,6,7,8,9,10,11,12,13,14,15,16,17,18,19,20,21,22,23,24,25,26,27,28,29,30,31,32	gap	domain	30
chr14	24240000	4	domain	boundary	1
chr14	24320000	3,4,5,6	boundary,domain	boundary,domain	4
chr14	24480000	3,4,5,6,7,8,9,10	domain	boundary,domain	8
chr14	24680000	3,4,5,6,7,8,9,10,11	boundary,domain	domain	9
chr14	25080000	3	domain	domain	1
chr14	25160000	3,4,5,6,7,8	domain	domain	6
chr14	25320000	28,29	domain	boundary	2
chr14	25400000	3,4,5,6,7,8,9,10,11,12,13,14,15,16,17,18,19,20,21,22,23,24,25,26,27,28,29,30,31,32	boundary,domain	boundary,domain	30
chr14	25560000	8,9	boundary	domain	2
chr14	25800000	5,6,7	domain	domain	3
chr14	26160000	4,6	domain	domain	2
chr14	27040000	3,4,5,6,7,8,9,10,11,12,13,15,16,17	domain	domain	14
chr14	27240000	3,4,5	domain	domain	3
chr14	27520000	3,4	domain	domain	2
chr14	27760000	3,4,5,6,7,8,9,10,11,12,13,14,15,16,17,18,19,20,21,22,23,24,25,26,27,28,29,30,31,32	domain	gap	30
chr14	27840000	3,4,5,6,7,8,9,10,11,12,13,14,15,16,17,18,19,20,21,22,23,24,25,26,27,28,29,30,31,32	gap	domain	30
chr14	28160000	3,4,5,6,7,8,9,10,11,12,13,14,15,16,17,18,19,20,21,22,23,24,25,26,27,28,29,30,31,32	domain	gap	30
chr14	28200000	3,4,5,6,7,8,9,10,11,12,13,14,15,16,17,18,19,20,21,22,23,24,25,26,27,28,29,30,31,32	gap	domain	30
chr14	28520000	3,4,5,6	domain	boundary	4
chr14	28680000	3,4,5,7,8,9,10	boundary,domain	boundary,domain	7
chr14	28760000	5,6	boundary	domain	2
chr14	29240000	3,4,5,6	domain	domain	4
chr14	29360000	17	domain	boundary	1
chr14	29520000	3,4,5,6,7,8,9,10,11,12,13,14,15,16,17,18,19,20	boundary,domain	domain	18
chr14	30040000	3,4,5,6,7,8,10	domain	domain	7
chr14	30320000	3,4,5,6,7,8,9,10,11,12,13,14,17	domain	boundary,domain	13
chr14	30560000	3,4,5,6,7,8,9,10,11,12,13,14,15,16,17,18,19,20,21,22,23,24,25,26,27,28,29,30,31,32	domain	boundary,domain	30
chr14	30920000	4,5,6,21,22,23,24,25,26,27,28,29,30,31,32	boundary,domain	boundary,domain	15
chr14	31080000	3,23,24,25,26,27,28,29,30,31,32	boundary	boundary	11
chr14	31440000	3,4,5,6,7,8,9,10,11,12,13,14,15,16,17,18,19,20,21,22,23,24,25,26,27,28,29,30,31,32	boundary,domain	domain	30
chr14	31800000	3,4	domain	domain	2
chr14	32280000	3,4	domain	domain	2
chr14	32560000	3,4,5,6,7,8,9,10,11,12,13,14,15,16,17,18,19,20,21,22,23,24,25,26,27,28,29,30,31,32	domain	domain	30
chr14	33440000	3	domain	domain	1
chr14	33800000	3,4,5,6,7,8,9,10,11,12,13	domain	domain	11
chr14	34320000	3,4,5,6,7,8,9,18,19	domain	boundary,domain	9
chr14	34520000	3,4,5,6,7,8,9,10,11,12,13,14,15,16,17,18,19,20,21,22,23,24,25,26,27,28,29,30,31,32	boundary,domain	domain	30
chr14	35120000	3,4,5,6,7,8,9,10,11	domain	domain	9
chr14	35440000	3,4,5,6	domain	domain	4
chr14	35840000	3,4,5,6,7,8,9,10,11,12,13,14,15,16,17,18,19,20,21,22,23,24,25,26,27,28,29,30,31,32	domain	domain	30
chr14	36600000	3,5,6,7,8,9,10,11,12,13,14	domain	domain	11
chr14	36960000	4,5	domain	domain	2
chr14	37200000	3,4,5,6,7,8,9,10,11,12,13,14,15,16,17,18,19,20,21,22,23,24,25,26,27,28,29,30,31,32	domain	domain	30
chr14	37600000	3,4,5,6,7,8,9	domain	domain	7
chr14	37920000	3,4,5,6,7,8,9,10,11,12,13,14,15,16,17,18,19,20,21,22,23,24,25,26,28	domain	domain	25
chr14	38200000	3	domain	domain	1
chr14	38600000	6,7,8	domain	domain	3
chr14	39040000	3,4,5,6,7,8,9,10,11,12,13,14,15,16,17,18,19,20,21,22,23,24,25,26,27,29	domain	boundary,domain	26
chr14	39440000	3,4,5,6,7,8,9,10,11,12,13,14,15,16,17,18,19,20,21	boundary,domain	domain	19
chr14	39960000	3,4,5,6,7	domain	domain	5
chr14	40320000	3,4,5,6,7,8,9,10,11,12,13,14,15,16,17,18,19,20,21,22,23,24,25,26,27,28,29,30,31,32	domain	gap	30
chr14	40360000	3,4,5,6,7,8,9,10,11,12,13,14,15,16,17,18,19,20,21,22,23,24,25,26,27,28,29,30,31,32	gap	domain	30
chr14	40880000	3,4,5	domain	domain	3
chr14	41120000	3,4,5,6,7,8,9,10,11,12,13,14,15,16,17,18,19,20,21,22,23,24,25,26,27,28,29,30,31,32	domain	gap	30
chr14	41200000	3,4,5,6,7,8,9,10,11,12,13,14,15,16,17,18,19,20,21,22,23,24,25,26,27,28,29,30,31,32	gap	domain	30
chr14	41600000	3,4,5,6,7,8,9,10	domain	domain	8
chr14	41800000	13	domain	domain	1
chr14	42040000	3,10	domain	domain	2
chr14	42200000	3,4,5,6,7,8,9,10,11,12,13,14,15,16,17,19,21,22,23	domain	boundary,domain	19
chr14	42600000	6	domain	domain	1
chr14	42680000	3,4,5	domain	domain	3
chr14	42840000	4,5,6,7,8,9	domain	domain	6
chr14	43240000	3,4,5,6,7,8,9,10,11,12,13,14,15,16,17,18,19,20,21,22,23,24,25,26,27,28,29,30,31,32	domain	gap	30
chr14	43280000	3,4,5,6,7,8,9,10,11,12,13,14,15,16,17,18,19,20,21,22,23,24,25,26,27,28,29,30,31,32	gap	domain	30
chr14	43480000	3,4,5,6,7,8,9,10,11,12,13,14,15,16,17,18,19,20,21,22,23,24,25,26,27,28,29,30,31,32	domain	gap	30
chr14	43520000	3,4,5,6,7,8,9,10,11,12,13,14,15,16,17,18,19,20,21,22,23,24,25,26,27,28,29,30,31,32	gap	domain	30
chr14	43840000	4	domain	domain	1
chr14	44200000	6,7,8	domain	domain	3
chr14	44680000	3	domain	domain	1
chr14	44840000	3,4,5,6,7,8,9,10,11,12,13,14,15,16,17,18,19,20,22	domain	domain	19
chr14	45320000	3,4,5,6,7,8,9,10,11	domain	domain	9
chr14	45800000	3,4,5,6,7,8,9,10,11,12,13,14,15,16,17,18,19,20,21,22,23,24,25,26,27,28,29,30,31,32	domain	gap	30
chr14	45840000	3,4,5,6,7,8,9,10,11,12,13,14,15,16,17,18,19,20,21,22,23,24,25,26,27,28,29,30,31,32	gap	domain	30
chr14	46320000	3,4,5,6,7,8,9	boundary,domain	domain	7
chr14	46440000	4,5,6,7,9,10,11,13,14	domain	boundary,domain	9
chr14	46520000	10,11	boundary	domain	2
chr14	46600000	3,4,5,6,7,8,9,10	boundary,domain	domain	8
chr14	46880000	3,5	domain	domain	2
chr14	47160000	3,4,5,6,7,8,9,10,11,12,13,14,15,16,17,18,19,20,21,22,23,24,25,26,27,28,29,30,31,32	domain	gap	30
chr14	47200000	3,4,5,6,7,8,9,10,11,12,13,14,15,16,17,18,19,20,21,22,23,24,25,26,27,28,29,30,31,32	gap	domain	30
chr14	47480000	3,4,6	domain	domain	3
chr14	47800000	10,11	domain	domain	2
chr14	47960000	4,5,6,7,8,9,10,11,12,14	domain	domain	10
chr14	48200000	4,5,6,7	domain	domain	4
chr14	48440000	3	domain	domain	1
chr14	49160000	3,4,5,6,7,9,11	domain	domain	7
chr14	49600000	3,4,5,6,7,8,9,10,11,12,13,14,15,16,17,18,19,20,21,22,23,24,25,26,27,28,29,30,31,32	domain	domain	30
chr14	49760000	8	domain	domain	1
chr14	49840000	3,4,5,6,7	domain	domain	5
chr14	50120000	3,4,5,6,7,8,9,10,11	domain	domain	9
chr14	50320000	12,13,14,16,17	domain	domain	5
chr14	50560000	3,4,5,6,7,8,9,10,11,12,13,14,15,16,17,18,19,20,21,22,23,24,25,26,27,28,29,30,31,32	domain	boundary,domain	30
chr14	50880000	4,5,6,7,8,9,10,11,12,13,14,15,16,17,18,19,20,21,22,23,24,25,26,27,28,29,30,31,32	boundary,domain	boundary,domain	29
chr14	51120000	14	domain	domain	1
chr14	51240000	3,4,5,6,7,8,9,10,11,12,13,15,16,17,18,22,23,24	boundary,domain	domain	18
chr14	51800000	3,4,5,6,7,8,9,10,11	domain	boundary,domain	9
chr14	51960000	3,4,5,6,7,8,9,10,11,12,13,14,15,16,17,18,20,21,23,25,26,28,30,31,32	boundary,domain	boundary,domain	25
chr14	52280000	4,5,6,7,11,12,13,14,16,17,18,19,20,21,22,23,24,25,26,27,28,29,30,31,32	boundary,domain	domain	25
chr14	52520000	4,32	domain	domain	2
chr14	52720000	13,14	domain	boundary,domain	2
chr14	52800000	3,4,5,6,7,8,9,10,11,12,13,15,16,17,18,19,20	boundary,domain	domain	17
chr14	53080000	5,6,28,30	domain	domain	4
chr14	53160000	29	domain	domain	1
chr14	53280000	3,4,5,6,7,8,9,10,11,12,13,14,15,16,17,18,19,20,21,22,23,24,25,26,27	domain	domain	25
chr14	53520000	3	domain	domain	1
chr14	53960000	4	domain	domain	1
chr14	54360000	4,5,6,7,8,9,10,11,14,15	domain	boundary,domain	10
chr14	54440000	3,5,6,11,12,13,14,15,16,17,18,19,20,21,22,23,24,25,26,27,28,29,30,31,32	boundary,domain	boundary,domain	25
chr14	54840000	3,4,5,6,17,18,19,20,21,22,23,24,26,30,31	boundary,domain	boundary,domain	15
chr14	55000000	3,4,5,6,7,8,9,10,11,12,13,14,15,16,17,18,19,20,21,22,23,24,25,26,27,28,29,30,31,32	domain	domain	30
chr14	55160000	3,4,5,10,11,12,13,14,15,16,17,18,19,20,21,22,23	boundary	domain	17
chr14	55400000	3,4,5,6,9,15,16,17,18,19,20,21	boundary,domain	domain	12
chr14	55680000	3,4,5,6,7,8,9,10,11,12,13,14	domain	domain	12
chr14	56480000	3,4,5,6,7,8,9,10,11,12,13,14,15,16,17,18,19,20,21,22,23,24,25	domain	domain	23
chr14	56680000	3	domain	domain	1
chr14	56920000	3	domain	domain	1
chr14	57400000	3,4,5,6,7,8,9,10,11,12,13,14,15,16,17,18,19,20,21,22,23,24	domain	domain	22
chr14	58200000	3,4,5,6,7,8,9,10,11,12,13,14,15,16,17,18,19,20,21,22,23,24,25,26,27,28,29,30,31,32	boundary,domain	boundary,domain	30
chr14	58440000	3,4,5,6,7,8,9,10,11,12,13,14,15,16,17,18,19,20,22	boundary,domain	domain	19
chr14	58640000	3	domain	domain	1
chr14	59000000	4	domain	domain	1
chr14	59120000	3,4,5,6,7,8,9,10,11,12,13,14	domain	domain	12
chr14	59480000	3,4,5,6,7,8,9,10,11,12,13,14,15,16,17,18,19,20,21,22,23,24,25,26,27,28,29,30,31,32	domain	boundary,domain	30
chr14	59960000	4,5,6,7,8,9,10,21,22,23,24,25,26,27,28,29,30,31,32	boundary,domain	boundary,domain	19
chr14	60240000	3,4,5,6,7,9,12,13,14,15,16,17,18,19,20,21,22,23,24,25,26,27,28,29,30,31,32	domain	domain	27
chr14	60600000	4,5,6	domain	domain	3
chr14	61280000	3,4,5,6,7,8,9,10,11,12,13,14,15,16,17,18,19,20,21,22,23,24,25,26,27,28,29,30,31,32	domain	boundary,domain	30
chr14	61440000	3,19,20,21,22,23,27,28,29,30,32	boundary,domain	boundary,domain	11
chr14	61840000	3,4,5,6,7,8,9,10,11,12,13,14,15,16,17,18,19,20,21,22,23,24,25,26,27,28,29,30,31,32	boundary,domain	boundary,domain	30
chr14	62160000	3,4,5,6,7,8,9,10,11,12,13,14,15,16,17,18,19,20,21,22	boundary,domain	domain	20
chr14	63080000	4	domain	domain	1
chr14	63160000	10,14,15,19	domain	boundary	4
chr14	63320000	3,4,5,6,7,8,9,10,11,12,13,14,15,16,17,18,19,20,21,22,23,24,25,26,27,28,29,30,31,32	boundary,domain	domain	30
chr14	63800000	3,4,5,6,7	domain	domain	5
chr14	64000000	3	domain	domain	1
chr14	64320000	3,4,5,6,7,8,9,10,11,12,13,14,15,16,17,18,19,20,23,27,28,30,32	domain	boundary,domain	23
chr14	64480000	9,15,20	boundary	boundary,domain	3
chr14	64680000	15,21,25,26,27,28,29,30,31,32	boundary,domain	boundary	10
chr14	64800000	6,21	boundary,domain	boundary,domain	2
chr14	65000000	3,4,5,6,7,8,9,10,11,12,13,14,15,16,17,18,19,20,21,22,23,24,25,26,27,28,29,30,31,32	boundary,domain	domain	30
chr14	65120000	3,4,5,6	boundary,domain	domain	4
chr14	65440000	3,4,5,6,7	domain	domain	5
chr14	65840000	3	domain	domain	1
chr14	66280000	3,4,5	domain	domain	3
chr14	66480000	3,4	domain	domain	2
chr14	67160000	3,4,5,6,7,8,9,10,11,12,13,14,15	domain	boundary,domain	13
chr14	67360000	3,4,5,6,7,8,9,10,11,12,13,14,15,16,17,18,19,20,21,22,23,24,25,26,27,28,29,30,31,32	boundary,domain	boundary,domain	30
chr14	67520000	3,29,30,31,32	boundary	boundary	5
chr14	67760000	4,5,6,7,8,9,10,11,12,13,14,15,16,17,18,19,20,21,22,23,24,25,26,27,28,29,30,31,32	boundary	domain	29
chr14	68240000	3,4,5,6,7,8,9	domain	domain	7
chr14	68880000	3,4,5,6,7,8,9,10,11,12,13,14,15,16,17,18,19,20,21,22,24	domain	boundary	21
chr14	69120000	3,4,5,6,7,8,9,10,11,12,13,14,15,16,17,18,19,20,21,22,23,24,25,26,27,28,29,30,31,32	boundary,domain	domain	30
chr14	69520000	3,4,5,6,7,8,9,10,11,12,13,14,15,16,17,18,19,20,21,22,23,24,25,26,27,28,29,30,31,32	domain	domain	30
chr14	69760000	3,4,5,6,7,8,9,10,11,12,13,14,15,16,17,18,19,20,21,22,23,24,25,26,27,28,29,30,31,32	boundary,domain	boundary,domain	30
chr14	70040000	3,4,28,29,30	boundary,domain	domain	5
chr14	70320000	4	domain	domain	1
chr14	70600000	3,4,5,6,7,8,9,10,11,12,13,14,15,16,17,18,19,20,21,22,23,24,25,26,27,28,29,30,31,32	domain	boundary,domain	30
chr14	70840000	4,12,16,17,18,21,22,25,28,29,30,31,32	boundary,domain	boundary,domain	13
chr14	71040000	3,4,5,6,7,8,9,10,11,12,13,14,15,16,17,18,19,20,21,22,23,24,25,26,27,28,29,30,31,32	boundary,domain	domain	30
chr14	71320000	3	domain	domain	1
chr14	71800000	3,4,5,6,7,8,9,10,11,12,13,14,15,16,17,18,19,20,21,22,23,24,25,26,27,28	domain	domain	26
chr14	72320000	4,9	domain	boundary,domain	2
chr14	72440000	4,5,6,7,8,9,10,11,12,13,14,15,16,17,31,32	boundary,domain	domain	16
chr14	72960000	3,4,5,6,7,8,9,10,11,12,13,14,15,16,17,18,19,20,21,22,23,24,25,26,27,28,29,30,31,32	domain	domain	30
chr14	73480000	3,4,5,7,8,9,10,11,12,13,14,15,16,17,18,19,20,21,22,23,24,25,26,27,28,29,30,31,32	boundary,domain	boundary,domain	29
chr14	73640000	3,4,5,6,7,8,9,10,11,12,13,14,15,17,18,19,22,23,24,25,26,27,31,32	boundary,domain	boundary,domain	24
chr14	73880000	3,27,28,29,30,31	boundary,domain	boundary,domain	6
chr14	74080000	3,4,5,6,7,8,9,10,11,12,13,14,15,16,17,18,19,20,21,22,23,24,25,26,27,28,29,30,31,32	boundary,domain	boundary,domain	30
chr14	74280000	3,4,5,10,12,13,15,16,17,19,20,22,23,25,26,27,28	boundary	domain	17
chr14	74480000	3,4,6,31	boundary	domain	4
chr14	74600000	5	domain	domain	1
chr14	74880000	3,4,5,6,7,8,9,10,11,12,13,14,15,16,17,18,19,20,21,22,23,24,25,26,27,28,29,30,31,32	domain	domain	30
chr14	75120000	3,4,5,6,13,14,17,18,19,20,21,22,24,27,29,30,32	boundary,domain	boundary,domain	17
chr14	75320000	3,4,5,19,22,23,24,25,26,28,29,32	boundary,domain	boundary,domain	12
chr14	75680000	3,4,5,6,7,8,9,10,11,12,13,14,15,16,17,18,19,20,21,22,23,24,25,26,27,28,29,30,31,32	boundary,domain	boundary,domain	30
chr14	75880000	23,25	boundary	boundary	2
chr14	76000000	3,4,5,6,7,8,16,17,18,19,20,21,22,23,24,25,26,27,28,29,30,31,32	boundary,domain	domain	23
chr14	76360000	3	domain	domain	1
chr14	76680000	3,4,5,6,7,8,9,10,11,12,13,14,18,19	domain	boundary,domain	14
chr14	76840000	5,6,8,9,13,14,15,16,17,18,19,20,21,22,23,24,25,26,27,28,29,30,31,32	boundary,domain	boundary,domain	24
chr14	77120000	3,4,5,6,7,8,9,10,11,12,13,14,15,16,17,18,19,20,21,22,23,24,25,26,27,28,29,30,31,32	boundary,domain	boundary,domain	30
chr14	77360000	4,5,9,10,11,12,13,14,15,16,17,18,19,20,21,22,23,24,25,26,27,28,29,30,31,32	boundary,domain	boundary,domain	26
chr14	77640000	18,20,22,23,24,25,26,28,30,31,32	boundary	boundary	11
chr14	77800000	3,4,5,6,7,8,9,10,11,12,13,14,15,16,17,18,19,20,21,22,23,24,25,26,27,28,29,30,31,32	boundary,domain	boundary,domain	30
chr14	78000000	3,4,7,8,9	boundary,domain	domain	5
chr14	78440000	3,4	domain	domain	2
chr14	78600000	3	domain	domain	1
chr14	78760000	27,30,31	domain	boundary	3
chr14	78880000	3,4,5,6,7,8,9,10,11,12,13,14,15,16,17,18,19,20,21,22,23,24,25,26,27,28,29,30,31,32	domain	domain	30
chr14	79760000	3	domain	domain	1
chr14	80040000	3,4,5,6,7,8,9	domain	domain	7
chr14	80920000	3,4,5,6,7,8,9,10,11,12,13,14,15,16,17,18,19,20,23,24	domain	boundary,domain	20
chr14	81240000	3,4,5,6,7,8,9,10,11,12,13,14,15,16,17,18,19,20,21,22,23,24,25,26,27,28,29,30,31,32	boundary,domain	boundary,domain	30
chr14	81520000	3,4,5,6,7,8,9,10,11,12,13,14,15,16,17,18,19,20,21,22,23,24,25,26,27,28,29,30,31,32	boundary	domain	30
chr14	81720000	3	domain	domain	1
chr14	82000000	3,4,5,6,7,8,9,10,11	domain	boundary,domain	9
chr14	82080000	7,10	boundary	domain	2
chr14	82720000	6,7,8,9,10,13,14	domain	domain	7
chr14	83280000	3,4,5,6,7,8,9,10,11,12,13,14,15,16,17,18,19,20,21,22,23,24,25,26,27,28,29,30,31,32	domain	domain	30
chr14	83920000	3,4,5,6,7,8,9,10,11,12,14	domain	domain	11
chr14	84880000	3	domain	domain	1
chr14	85120000	3,4,5,6,7,8,9,10,11	domain	domain	9
chr14	85560000	8	domain	domain	1
chr14	85800000	3	domain	domain	1
chr14	86080000	3,4,5,6,7,8,9,10,11,12,13,14,15,16,17,18,19	domain	domain	17
chr14	86680000	4,5,6,7,8,9,10,11,12,13,14,15,16,17,18,19,20,21,22,23,24,25,26,27,28,29,30	domain	boundary,domain	27
chr14	87000000	3,4,5,6,7,8,9,10,13,15,24	boundary,domain	domain	11
chr14	87160000	3,4	domain	domain	2
chr14	87360000	3	domain	domain	1
chr14	87600000	4	domain	domain	1
chr14	87920000	3,4,5,6,7,8,9,10,11,12,13,14,15,16,17,18,19,20,21,22,23,24,25,26,27,28,29,30,31,32	domain	boundary,domain	30
chr14	88160000	3,4,19,20,21,22,23,24,25,26,27,28,29,30,31,32	boundary	boundary,domain	16
chr14	88440000	4,5,6,8,9,11	domain	boundary,domain	6
chr14	88560000	3,4,5,6,7,8,9,10,11,12,13,14,15,16,17,18,19,20,21,22,23,24,25,26,27,28,29,30,31,32	boundary,domain	boundary,domain	30
chr14	88880000	3,4,5,9,10,11,12,13,14,15,16,17,18,19,20,21,22,23,24,25,27,28,29,30,31	boundary,domain	domain	25
chr14	89000000	5,6,7,8,9,10	boundary,domain	domain	6
chr14	89440000	3,4,5,6	domain	domain	4
chr14	89960000	3,4,5,6,7,8,9,10,11,12,13,14,15,16,17,18,19,20,21,22,23,24,25,26,27,28,29,30,31,32	domain	boundary,domain	30
chr14	90240000	3,4,5,6,7,8,9,10,11,12,13,14,15,16,17,18,19,20,21,22,23,24,25,26,27,28,29,30,31,32	boundary,domain	domain	30
chr14	90480000	29	boundary	domain	1
chr14	90800000	5,6,7,8,9,10,11,12,13,14,15,16,17,18,19,20,21,22,23,24,25,26,27,28,29,30,31,32	domain	boundary,domain	28
chr14	91200000	3,4,6,7	domain	domain	4
chr14	91280000	5,6,7,8,9,10,11,12,13,14,15,16,17,18,19,20,21,22,23,24,25,26,27,28,29,30,31,32	boundary,domain	boundary,domain	28
chr14	91480000	3,4,5,6,7,8,9,10,11,12,13,14,15,16,17,18,19,20,21,22,23,24,25,26,27,28,29,30,31,32	boundary,domain	domain	30
chr14	91920000	3	domain	domain	1
chr14	92120000	3,4,5,6,7,8,9,10,11,12,13,14,15,16,17,18,19,20,21,22,23,24,25,26,27,28,29,30,31,32	domain	domain	30
chr14	92680000	7,8,12,16,24	domain	boundary	5
chr14	92800000	3,4,5,6,7,8,9,10,11,12,13,14,15,16,17,18,19,20,21,22,23,24,25,26,27,28,29,30,31,32	boundary,domain	boundary,domain	30
chr14	93200000	3,4,5,6,7,8,9,19,20,21,22,23,24,25,26,27,28,29,30,31,32	domain	domain	21
chr14	93560000	3,5,7,8	domain	domain	4
chr14	94040000	3,4,5,6,7,8,9,10,11,12,13,14,15,16,17,18,19,20,21,23,24,26,27,28,29,30,32	domain	boundary,domain	27
chr14	94200000	3,4,5,8,9,11,14	boundary,domain	boundary,domain	7
chr14	94320000	5,6,7,8,9,10,11,12,13,14,15,16,17,18,19,20,21,22,23,24,25,26,27,28,29,30,31,32	boundary,domain	boundary,domain	28
chr14	94400000	11,14,15,16,17,20,24,31	boundary	boundary,domain	8
chr14	94560000	3,4,5,6,7,8,9,10,11,12,13,14,16,17,19,20	boundary,domain	boundary,domain	16
chr14	94680000	5,6,8	boundary,domain	domain	3
chr14	95080000	3,4,5,6,7,8	domain	domain	6
chr14	95440000	3,4,5,6,7,8,9,10,13,14	domain	boundary,domain	10
chr14	95560000	3,4,5,6,7,8,9,10,11,12,13,14,15,16,17,18,19,20,21,22,23,24,25,26,27,28,29,30,31,32	boundary,domain	boundary,domain	30
chr14	96040000	5,6,7,8,9,10,11,12,13,26,27,28,29,31,32	domain	domain	15
chr14	96280000	3,4	domain	domain	2
chr14	96520000	4,5,6,7,8,9,10,11,12,13,14,15,16,17,18,19,20,21,22,23,24,25,26,27,28,29,30,31,32	boundary,domain	boundary,domain	29
chr14	96840000	4,5,6,7,8,9,10,11,12,13,14,15,16,17,18,19,20,21,22,23,24,25,26,27,28,29,30,31,32	boundary,domain	boundary,domain	29
chr14	97040000	3,4,10	boundary,domain	domain	3
chr14	97160000	3	domain	domain	1
chr14	97320000	3	domain	domain	1
chr14	97600000	3	domain	domain	1
chr14	97760000	6	domain	domain	1
chr14	97920000	3,4	domain	domain	2
chr14	98120000	4,5,6,7,8,9,10,11,12,13,14,15,16,17,18,19,20,21,22,23	boundary,domain	domain	20
chr14	99280000	3,4,5,6	domain	boundary,domain	4
chr14	99440000	3,5,6,7,8,9,10,11,12,13,14,15,16,17,18,19,20,21,22,23,24,25,26,27,28,29,30,31,32	domain	boundary	29
chr14	99640000	3,4,5,6,8,11,12,13,14,15,16,17,18,19,20,21,22,23,24,25,26,27,28,29,30,31,32	boundary,domain	boundary,domain	27
chr14	99960000	3,4,5,6,7,8,9,10,11,12,13,14,15,16,17,18,19,20,21,22,23,24,25,26,27,28,29,30,31,32	boundary,domain	boundary,domain	30
chr14	100240000	3,4,5,6,7,8,9,10,11,12,13,14,15,16,17,18,19,20,21,22,23,24,25,26,27,28,29,30,31,32	boundary,domain	boundary,domain	30
chr14	100360000	3,5,6,9,10	boundary	domain	5
chr14	100640000	4,5,6,7,10,11,12,13,14,15,16	boundary,domain	domain	11
chr14	100880000	3,4,5	domain	domain	3
chr14	101680000	3,4,5,6,7,8,9,10,11,12,13,14,15,16,17,18,19,20,21,22,23	domain	boundary,domain	21
chr14	101760000	22,23,24,25,26,27,28,29,30,31,32	boundary,domain	boundary	11
chr14	101960000	3,4,5,6,9,10,11,12,13,14,15,16,17,18,19,20,21,22,23,24,25,26,27,28,29,30,31,32	boundary,domain	boundary,domain	28
chr14	102320000	3,4,5,6,7,8,10,11,12,13,14,15,16,17,18,19,20,21,22,23,24,25,26,27,28,29,30,31,32	boundary,domain	boundary,domain	29
chr14	102400000	6,7,8,9,10,11,12	boundary,domain	boundary,domain	7
chr14	102520000	7,8,9,10,11,12,13,14,15,16,17,18	boundary,domain	domain	12
chr14	102920000	3	domain	domain	1
chr14	103080000	3,4,5,6,7,8,9,10,11,12,13,14,15,16,17,18,19,20,21,22,23,24,25,26,27,28,29,30,31,32	domain	boundary,domain	30
chr14	103360000	3,4,5,6,7,8,9,10,11,12,13,14,15,16,17,19,20,21,22,24,25,29,30,31,32	boundary,domain	boundary,domain	25
chr14	103520000	3,4,5,6,7,12,16,18,19,20,22,23,24,25,26,27,28,29,30,31,32	boundary	boundary	21
chr14	103720000	3,13,14,15,16,17,18,19,20,21,22,23,28,29,30,31,32	boundary,domain	boundary,domain	17
chr14	103920000	15,16,17,18,19,20,21,22,23,24,25,26,27,28,29,30,31,32	boundary	domain	18
chr14	104040000	4,5,6,7,8,9,10,11,12,13,14	domain	domain	11
chr14	104640000	3,7	domain	boundary,domain	2
chr14	104760000	3,4,5,6,7,8,9,10,11,12,13,14,15,16,17,18,19	domain	boundary,domain	17
chr14	104840000	3,4,5,6,7,8,13	boundary	domain	7
chr14	105120000	3,4,5	domain	domain	3
chr14	105560000	3,4,5,6,7,8,9,10,11,12,13,14,15,16,17,18,19,20,21,22,23,24,25,26,27,28,29,30,31,32	domain	gap	30
chr14	106160000	3,4,5,6,7,8,9,10,11,12,13,14,15,16,17,18,19,20,21,22,23,24,25,26,27,28,29,30,31,32	gap	domain	30
chr14	106320000	3,4,5,6,7,8,9,10,11,12,13,14,15,16,17,18,19,20,21,22,23,24,25,26,27,28,29,30,31,32	domain	gap	30
chr14	106480000	3,4,5,6,7,8,9,10,11,12,13,14,15,16,17,18,19,20,21,22,23,24,25,26,27,28,29,30,31,32	gap	domain	30
chr14	106680000	3,4,5,6,7,8,9,10,11,12,13,14,15,16,17,18,19,20,21,22,23,24,25,26,27,28,29,30,31,32	domain	gap	30
chr14	106920000	3,4,5,6,7,8,9,10,11,12,13,14,15,16,17,18,19,20,21,22,23,24,25,26,27,28,29,30,31,32	gap	gap	30
chr15	17000000	3,4,5,6,7,8,9,10,11,12,13,14,15,16,17,18,19,20,21,22,23,24,25,26,27,28,29,30,31,32	gap	gap	30
chr15	22760000	3,4,5,6,7,8,9,10,11,12,13,14,15,16,17,18,19,20,21,22,23,24,25,26,27,28,29,30,31,32	gap	domain	30
chr15	23120000	3,4,5,6,7,8,9,10,11,12,13,14,15,16,17,18,19,20,21,22,23,24,25,26,27,28,29,30,31,32	domain	gap	30
chr15	23360000	3,4,5,6,7,8,9,10,11,12,13,14,15,16,17,18,19,20,21,22,23,24,25,26,27,28,29,30,31,32	gap	domain	30
chr15	23560000	3,4	domain	domain	2
chr15	23880000	3	domain	domain	1
chr15	24080000	3,4,5,6,7,8,9,10,11,12,13,14,15,16,17,18,19,20,21,22,23,24,25,26,27,28,29,30,31,32	domain	gap	30
chr15	24600000	3,4,5,6,7,8,9,10,11,12,13,14,15,16,17,18,19,20,21,22,23,24,25,26,27,28,29,30,31,32	gap	domain	30
chr15	24840000	4,5	domain	domain	2
chr15	24960000	4,5	domain	domain	2
chr15	25160000	4,5	domain	domain	2
chr15	25520000	3,4,5,6,7,8,9,10,11,12,13,14,15,16	domain	domain	14
chr15	25680000	3,4	domain	domain	2
chr15	25960000	3,4,5,6,7,8,9,10,11	domain	boundary,domain	9
chr15	26120000	9,11,12	boundary,domain	domain	3
chr15	26280000	5,6,7	domain	domain	3
chr15	26400000	4	domain	domain	1
chr15	26560000	3,4,5	domain	domain	3
chr15	26880000	3,4,5,6,7,8,9,10,11,12,13,14,15,16,17,18,19,20,21,22,23,24,25,26,27,28,29,30,31,32	domain	boundary,domain	30
chr15	27040000	3,4,5,6,7,8,9,10,11,12,13,20	boundary,domain	domain	12
chr15	27360000	3,4,7	domain	domain	3
chr15	27800000	3,4,5,6,7	domain	domain	5
chr15	28040000	3	domain	domain	1
chr15	28200000	3,4,5,6,7,8,9,10,11,12,13,14,15,16,17,18,19,20,21,22,23,24,25,26,27,28,29,30,31,32	domain	gap	30
chr15	28840000	3,4,5,6,7,8,9,10,11,12,13,14,15,16,17,18,19,20,21,22,23,24,25,26,27,28,29,30,31,32	gap	domain	30
chr15	29080000	3,4,5	domain	domain	3
chr15	29600000	3,4,5,6,7,8,9,10	domain	domain	8
chr15	30080000	3,4,5,6,7,8,9,10,11,12,13,14,15,16,17,18,19,20,21,22,23,24,25,26,27,28,29,30,31,32	domain	gap	30
chr15	30840000	3,4,5,6,7,8,9,10,11,12,13,14,15,16,17,18,19,20,21,22,23,24,25,26,27,28,29,30,31,32	gap	domain	30
chr15	31200000	4,5,6,7	domain	domain	4
chr15	31640000	3,4,5,6,7,8,9,10,11,12,13,14,15,16,17,18,19,20,21,22,23,24,25,26,27,28,29,30,31,32	domain	gap	30
chr15	31720000	3,4,5,6,7,8,9,10,11,12,13,14,15,16,17,18,19,20,21,22,23,24,25,26,27,28,29,30,31,32	gap	domain	30
chr15	31920000	3	domain	domain	1
chr15	32160000	3,4,5,6,7,8,9,10,11,12,13,14,15,16,17,18,19,20,21,22,23,24,25,26,27,28,29,30,31,32	domain	gap	30
chr15	32640000	3,4,5,6,7,8,9,10,11,12,13,14,15,16,17,18,19,20,21,22,23,24,25,26,27,28,29,30,31,32	gap	domain	30
chr15	33000000	3,6	domain	boundary,domain	2
chr15	33080000	4,5,8,9	domain	boundary,domain	4
chr15	33200000	3,4,5,6,7,8,9,10,11,12	boundary	domain	10
chr15	33640000	3	domain	domain	1
chr15	33720000	3,4,5,6,7,8,9,10,11,12,13,14	domain	domain	12
chr15	34040000	3,4,5,6	domain	domain	4
chr15	34360000	3,4,5,6,7,8,9,10,11,12,13,14,15,16,17,18,19,20,21,22,23,24,25,26,27,28,29,30,31,32	domain	gap	30
chr15	34600000	3,4,5,6,7,8,9,10,11,12,13,14,15,16,17,18,19,20,21,22,23,24,25,26,27,28,29,30,31,32	gap	domain	30
chr15	35040000	3,4,5,6,7,8,9	domain	domain	7
chr15	35520000	4,5,6,7,8,9	domain	domain	6
chr15	35760000	3,4,5	domain	domain	3
chr15	36480000	3,5,6,7,11	domain	domain	5
chr15	37160000	3,4,5,6,9,10,11,12,13,14,15	domain	boundary,domain	11
chr15	37240000	7,8,9	boundary,domain	domain	3
chr15	37600000	4	domain	domain	1
chr15	37920000	3,4,5,6,7,8,9,10,11,12,13,14,15,16,17,18,19,20,21,22,23,24,25,26,27,28,29,30,31,32	domain	domain	30
chr15	38400000	3,4,5,6,7,8,9,10,11,12,13,17,18,19,20,21,22,23,24,25,26,27,28,29,30,31,32	boundary,domain	boundary,domain	27
chr15	38680000	3,4,5,6,7,8,9,10,11,12,13,14,15,16,17,18,19,20,21,22,23,24,25,26,27,28,29,30,31,32	boundary,domain	domain	30
chr15	39160000	4,5,6,7,8	domain	domain	5
chr15	39640000	3,4,5,6,7,8,9,10,11,12,14,15	domain	boundary,domain	12
chr15	39760000	7,8,9,10,11,12,13,14,15,16,17,18,19,20,21,22	boundary,domain	boundary,domain	16
chr15	39880000	5,6,12,15,19,24,32	boundary,domain	boundary,domain	7
chr15	40040000	3,4,5,7,8,9,10,11,12,13,14,15,16,17,18,19,21,24,25,26,28,29,30,31	boundary,domain	boundary,domain	24
chr15	40320000	4,20,22,23,27	boundary	boundary	5
chr15	40440000	3,4,5,6,7,8,9,10,11,12,13,14,15,16,17,18,19,20,21,22,23,24,25,26,27,28,29,30,31,32	boundary,domain	boundary,domain	30
chr15	40880000	3,4,5,6,7,8,9,10,11,12,13,14,15,16,17,18,19,20,21,22,23,26,29	boundary,domain	boundary,domain	23
chr15	41040000	18,19,20,21,22,23,24,25,26	boundary,domain	boundary,domain	9
chr15	41240000	13,14,15,23,24,25,26,27,28,29,30,31,32	boundary	boundary,domain	13
chr15	41400000	3,4,6,7,8,9,10,11,12,16,17,18,19,20,21,22,26	boundary,domain	domain	17
chr15	41960000	3,4,5,6,7,8,9,10,11,12,13,14,15,16,17,18,19,20,21,22,23,24,25,26,27,28,29,30,31,32	domain	boundary,domain	30
chr15	42080000	12,13,24,27,28,31	boundary	boundary,domain	6
chr15	42160000	3,4,5,6,7,8,9,10,11,14,15,16,17,18,19,20,21,22,25,26,29	boundary,domain	boundary,domain	21
chr15	42480000	4,5,6,9,10,11,12,13,14,15,16,17,18,19,20,21,22,23,24,25,26	boundary,domain	boundary,domain	21
chr15	42680000	3,4,5,6,7,8,9,11,12,13,15,16,17	boundary,domain	domain	13
chr15	42960000	5,6	domain	boundary,domain	2
chr15	43040000	6,7	boundary,domain	domain	2
chr15	43200000	3	domain	domain	1
chr15	43320000	3,4,5	domain	domain	3
chr15	43560000	3,4,5,6,7,8,9,10,11,12,13,14,15,16,17,18,19,20,21,22,23,24,25,26,27,28,29,30,31,32	domain	gap	30
chr15	43720000	3,4,5,6,7,8,9,10,11,12,13,14,15,16,17,18,19,20,21,22,23,24,25,26,27,28,29,30,31,32	gap	domain	30
chr15	44520000	4,5	domain	domain	2
chr15	44800000	3,4,5,6,7,8,9,10,11,12,13,14,15,16,17,18,19,20,21,22,23,24,25,26,27,28,29,30,31,32	domain	gap	30
chr15	44840000	3,4,5,6,7,8,9,10,11,12,13,14,15,16,17,18,19,20,21,22,23,24,25,26,27,28,29,30,31,32	gap	domain	30
chr15	45040000	3,4,5,6,7,8,9,10,11,12,13,14,15,16,17,18,19,20,21,22,23,24,25,26,27,28,29,30,31,32	domain	gap	30
chr15	45080000	3,4,5,6,7,8,9,10,11,12,13,14,15,16,17,18,19,20,21,22,23,24,25,26,27,28,29,30,31,32	gap	domain	30
chr15	45440000	3,4,5,6,7,8	domain	domain	6
chr15	45680000	3,4,5,6,7,8,9,10,11,12,13	domain	domain	11
chr15	46080000	4,5,6	domain	domain	3
chr15	46320000	4,5	domain	domain	2
chr15	46600000	3	domain	domain	1
chr15	47160000	3,4,5,6,7,8,9,10,11,12,13,14,15,16,17,18	domain	domain	16
chr15	47280000	3	domain	domain	1
chr15	47720000	3,4	domain	domain	2
chr15	48000000	3,4,5,6	domain	domain	4
chr15	48320000	3,4,5,6,7,8,9,10,11,12,13,14,15,16,17,18,19,20,21,22,23,24,25,26,27,28,29,30,31,32	domain	boundary,domain	30
chr15	48840000	3,4,5,6,7,8,9,10,11,12,13,14,15,16,17,27,28,29,30,31,32	domain	domain	21
chr15	49200000	3,4,5,6,7,8,9,10,19,20,21,22	domain	domain	12
chr15	50120000	4,5,6,7,8,9,10	domain	domain	7
chr15	50400000	3,4,5,6,7,8,9,10,11,12,13,14,15,16,17,18,19,20,21,22,23,24,25,26,27,28,29,30,31	domain	boundary,domain	29
chr15	50640000	3,4,20,26,27,28,30,31,32	boundary,domain	domain	9
chr15	50920000	3,4,5,6,7,11,12,13,14,15,16,17,18,19,20,21,22,23,24,25,27,28,29,30,31,32	domain	boundary,domain	26
chr15	51080000	3,4,6,7,8,9,10,15,16	boundary	domain	9
chr15	51400000	3	domain	domain	1
chr15	51640000	4,5,6,7,8,9,10,11,12,13,14,15,16,17,18,19,20,21,22,23,24,25,26,27,28,29,32	boundary,domain	boundary	27
chr15	51800000	4,5,9,10,11,12,13,14,15,16,17,19,20,21,22,23,24,25,26,27,28,29,30,31,32	boundary,domain	boundary,domain	25
chr15	52240000	3,4,5,6,7,8,9,10,11,12,13,14,15,16,17,18,19,20,21,22,23,24,25,26,27,28,29,30,31,32	boundary,domain	boundary,domain	30
chr15	52520000	4	domain	domain	1
chr15	52760000	3,4,5,6,7,8,9,10,11,12,13,14,15,16,17,18,19,20,21,22,23,24,25,26,27,28,29,30,31,32	boundary,domain	domain	30
chr15	53200000	6,7	domain	domain	2
chr15	53280000	4,5	domain	domain	2
chr15	53440000	4	domain	domain	1
chr15	53760000	4,5,6,7,8,9,10,11,12,13,14,15,16,17,18,19,20,21,22,23,24,25,26,27,28,29,30,31,32	domain	boundary,domain	29
chr15	53960000	3,4,5,6,8,9,12	domain	domain	7
chr15	54520000	3,4	domain	domain	2
chr15	54680000	3,4,5,6,7,8,9	domain	domain	7
chr15	55200000	3,4,5,6,7,8,9,10,11,12,13,14,15,16,17,18,19,20,21,22,23,24,25,26,27,28,29,30,31,32	domain	boundary,domain	30
chr15	55320000	11,12,13,14,15,17,20,21,26	boundary	boundary,domain	9
chr15	55440000	4,5,6,7,8,9,10,15,20,22,23,25,27,28,29,30,31,32	boundary,domain	boundary,domain	18
chr15	55640000	3	domain	domain	1
chr15	55880000	4,5,6,10,12,26,27,28,29,30,31,32	boundary,domain	boundary,domain	12
chr15	56040000	4,5,6,9	domain	domain	4
chr15	56480000	4,5,6,7,8,9,10,11,12,13,14,15,16,17,18,19,20,21,22,23,24,25,26,27,28,29,30,31,32	boundary,domain	domain	29
chr15	56800000	7,32	domain	domain	2
chr15	57160000	3	domain	domain	1
chr15	57320000	3,4,5,6,7,8,9,10,11,12,13,14,15,16,17,18,19,20,21,22,23,24,25,26,27,28,29,30,31,32	domain	boundary,domain	30
chr15	57560000	3,4,5,7,8,9,10,11,12,13,14,15,16,17,18,19,20,21,22,23,24,25,26,27,28,29,30,31,32	boundary,domain	boundary,domain	29
chr15	57640000	6,7	boundary,domain	domain	2
chr15	58080000	3	domain	domain	1
chr15	58200000	3,4,5,6,7,8,9,10,11,12,13,14,15,16,17,18,19,20,21,22,23,24,25,26,27,28,29,30,31,32	boundary,domain	domain	30
chr15	58800000	18	domain	boundary	1
chr15	58920000	4,5,6,7,8,9,10,11,12,13,14,15,16,17,18,19,20	domain	domain	17
chr15	59520000	3,4,5,6,7	domain	boundary,domain	5
chr15	59680000	3,4,5,6,7,8,9,10,11,12,13,14,15,16,17,18,19,20,21,22,23,24,25,26,27,28,29,30,31,32	boundary,domain	boundary,domain	30
chr15	60320000	3,4,5,6,7,8,9,10,11,12,13,14,15,16,17,18,19,20,21,22,23,24,25,26,27,28,29,30,31,32	boundary,domain	boundary,domain	30
chr15	60480000	7,8,19	boundary,domain	domain	3
chr15	60600000	4,5	domain	domain	2
chr15	61160000	4,5,6,7,8,9,10,11,12	domain	domain	9
chr15	61840000	3,4,5,6,7,8,9,10,11,12,13,14,15,16,17,18,19,20,21,22,23,24,25,26,27,28,30	domain	domain	27
chr15	62320000	3,4,5,6,7,8,9,10,11,12,13,27,28,29,30,31,32	domain	domain	17
chr15	62760000	3,4,5,6,7,8,9,10,11,12,13,14,15,16,17,18,19,20,21,22,23,24,25,26,27,28,29,30,31,32	domain	boundary,domain	30
chr15	62840000	20	boundary	boundary	1
chr15	63120000	3,4,5,6,7,8,9,10,11,12,13,14,15,16,17,18,19,20,21,22,23,24,25,26,27,28,29,30,31,32	boundary,domain	boundary,domain	30
chr15	63280000	9,10,11,12,13,14,15,16,17,18,19,20,21,22,23,24,26,27,28,29,30,31,32	boundary	boundary,domain	23
chr15	63440000	17,21,22,23,24,27,32	boundary	boundary,domain	7
chr15	63600000	3,5,6,7,8,9,10,11,12,13,14,15,16,17,18,19,20,21,22,25,26,27,28,31,32	boundary,domain	boundary,domain	25
chr15	64080000	3,17,18,20,27	boundary,domain	boundary,domain	5
chr15	64160000	3,4,5,6,7,8,9,10,11,12,13,14,15,16,17,18,19,20,21,22,23,24,25,26,27,28,29,30,31,32	boundary,domain	domain	30
chr15	64400000	3,4	domain	domain	2
chr15	64720000	3,4,5,6,7,8,9,10	domain	boundary,domain	8
chr15	64840000	7,10	boundary,domain	boundary,domain	2
chr15	65000000	3,4,5,6,7,8,9,10,11,12,13,14,15,24,27	boundary,domain	boundary,domain	15
chr15	65320000	4,5,6,7,8,9,10,11,12,13,14,15,16,17,18,19,20,21,22,23,24,25,26,27,28,29,30,31,32	boundary,domain	boundary,domain	29
chr15	65400000	3,4,5,7,8,9,10,13,15,30,32	boundary	domain	11
chr15	65640000	3,4	domain	domain	2
chr15	65920000	3,4,5,6,7,8	domain	domain	6
chr15	66320000	3,4,5,6,7,8,9,11,12,13,14,15,16,28,29	domain	boundary,domain	15
chr15	66560000	3,4,5,6,7,8,9,10,11,12,13,14,15,16,17,18,19,20,21,22,23,24,25,26,27,28,29,30,31,32	boundary,domain	boundary,domain	30
chr15	66880000	3,4,5,6,7,8,9,10,11,12,13,14,15,16,17,18,19,20,21,22,23,24,25,26,27,28,29,30,31,32	boundary,domain	domain	30
chr15	67320000	6,7,8	domain	domain	3
chr15	67440000	9,10,11,12	domain	domain	4
chr15	67840000	3,4,5,6,7,8,9,10,11,12,13,14,15,16,17,18,19,20,21,22,23,24,25,26,27,29,30,31	domain	boundary,domain	28
chr15	68280000	3,4,5,6,7,8,9,10,11,12,13,14,15,16,17,18,19,20,21,22,23,24,25,26,27,28,29,30,31,32	domain	domain	30
chr15	68480000	4	domain	domain	1
chr15	68560000	5	domain	domain	1
chr15	68960000	4,5,6,7,8,9,10,26,27,28,29,30,31,32	domain	boundary,domain	14
chr15	69040000	4,11,12,13,14,15	domain	domain	6
chr15	69440000	3,4,5,6,7,8,9,10,11,12,13,14,15,16,17,18,19,20,21,22,23,24,25,26,27,28,29,30,31,32	boundary,domain	domain	30
chr15	70320000	3	domain	domain	1
chr15	70560000	3,4,5,6,7,8,9,10,11,12,13,14,15,16,17,18,19,25,26	domain	boundary,domain	19
chr15	70840000	4,5,6,7,8,9,10,11,12,13,14,15,16,17,19,20,21,22,23,24,26,27,28,29,30,31,32	boundary,domain	domain	27
chr15	71360000	3,4,5	domain	boundary,domain	3
chr15	71440000	3,5,6,7,8,9,10	boundary,domain	domain	7
chr15	71800000	3,4,5,6,7,8,9,10,11,15,16,18	domain	domain	12
chr15	72200000	3,4,5,6,7,8,9,10	domain	domain	8
chr15	72640000	3,4,5,6,7,8,9,10,11,12,13,14,15,16,17,18,19,20,21,22,23,24,25,26,27,28,29,30,31,32	domain	gap	30
chr15	72680000	3,4,5,6,7,8,9,10,11,12,13,14,15,16,17,18,19,20,21,22,23,24,25,26,27,28,29,30,31,32	gap	domain	30
chr15	73080000	3,4,5,6	domain	domain	4
chr15	73280000	3,4,5,6,7,8,9,11,12,13,14	domain	domain	11
chr15	73520000	3,4,5,6	domain	domain	4
chr15	73720000	3,4	domain	domain	2
chr15	74040000	3,4,5,6,7,8,9,10,11,12,13,14,15,16,17,18,19,20,21,22,23,24,25,26,27,28,29,30,31,32	domain	gap	30
chr15	74120000	3,4,5,6,7,8,9,10,11,12,13,14,15,16,17,18,19,20,21,22,23,24,25,26,27,28,29,30,31,32	gap	domain	30
chr15	74360000	3,4,5	domain	domain	3
chr15	74560000	4,5,6,7,8,9	domain	domain	6
chr15	74760000	3	domain	domain	1
chr15	74960000	3,4,5,6	domain	domain	4
chr15	75240000	3,4,5,6,7,8,9,10,11,12,13,14,15,16,17,18,19,20,21,22,23,24,25,26,27,28,29,30,31,32	domain	gap	30
chr15	75320000	3,4,5,6,7,8,9,10,11,12,13,14,15,16,17,18,19,20,21,22,23,24,25,26,27,28,29,30,31,32	gap	domain	30
chr15	75680000	3,4,5,6,7,8,9,10,11,12,13,14,15,16,17,18,19,20,21,22,23,24,25,26,27,28,29,30,31,32	domain	gap	30
chr15	75720000	3,4,5,6,7,8,9,10,11,12,13,14,15,16,17,18,19,20,21,22,23,24,25,26,27,28,29,30,31,32	gap	domain	30
chr15	75920000	3	domain	domain	1
chr15	76160000	3,4,5,6,7,8,9,10	domain	domain	8
chr15	76400000	3,4	domain	domain	2
chr15	76960000	3,4,5,6,7,8,9,10,11,12,13,14,15,16,17,18,22	domain	domain	17
chr15	77560000	3,4,5,6	domain	domain	4
chr15	77880000	3,4,5,6,7,8,9,10,11,12,13,14,15,16,17,18,19,20,21,22,23,24,25,26,27,28,29,30,31,32	domain	gap	30
chr15	77960000	3,4,5,6,7,8,9,10,11,12,13,14,15,16,17,18,19,20,21,22,23,24,25,26,27,28,29,30,31,32	gap	domain	30
chr15	78280000	3,4,5,6,7	domain	domain	5
chr15	78720000	3,4,5,6,7,8,9,10,11,12,13,14,15,16,17,18,19,20,21,22,23,24,25,26,27,28,29,30,31,32	domain	gap	30
chr15	78800000	3,4,5,6,7,8,9,10,11,12,13,14,15,16,17,18,19,20,21,22,23,24,25,26,27,28,29,30,31,32	gap	domain	30
chr15	79000000	3,4	domain	domain	2
chr15	79280000	3,4,5,6,7,8,9,10,11	domain	domain	9
chr15	79600000	3	domain	domain	1
chr15	80240000	3,4,7,15	domain	boundary	4
chr15	80400000	3,4,5,6,7,8,9,10,11,12,13,14,15,16,17,18,19,20,21,22,23,24,25,26,27,28,29,30,31,32	boundary,domain	domain	30
chr15	80800000	3,4	domain	domain	2
chr15	81000000	3,4,5,6,7,8,9,10,11,12,13,14,15,16,17,18,19,20,21,22,23,24,25,26,27,28,29	domain	domain	27
chr15	81280000	3,16,18	boundary,domain	domain	3
chr15	81440000	3,4,5,6,7,8,9,10,11,12,13,14,15	domain	domain	13
chr15	82200000	3,4,5,6,7,8,9,10,11,12,13,14,15,16,17,18,19,20,21,22,23,24,25,26,27,28,29,30,31,32	domain	gap	30
chr15	82520000	3,4,5,6,7,8,9,10,11,12,13,14,15,16,17,18,19,20,21,22,23,24,25,26,27,28,29,30,31,32	gap	domain	30
chr15	83080000	3,4,6,7,9,11	domain	boundary	6
chr15	83240000	3,4,5,6,7,8,9,10,11,12,13,14,15,16	boundary,domain	boundary,domain	14
chr15	83400000	3,13,14	boundary,domain	domain	3
chr15	83560000	3	domain	domain	1
chr15	84120000	3,4,5,6,7,8,9,10,11,12,13,14,15,16,17,18,19,20,21,22,23,24,25,26,27,28,29,30,31,32	domain	gap	30
chr15	84560000	3,4,5,6,7,8,9,10,11,12,13,14,15,16,17,18,19,20,21,22,23,24,25,26,27,28,29,30,31,32	gap	domain	30
chr15	84920000	4	domain	domain	1
chr15	85160000	3,4,5,6,7,8,9,10,11,12,13,14,15,16,17,18,19,20,21,22,23,24,25,26,27,28,29,30,31,32	domain	gap	30
chr15	85280000	3,4,5,6,7,8,9,10,11,12,13,14,15,16,17,18,19,20,21,22,23,24,25,26,27,28,29,30,31,32	gap	domain	30
chr15	85480000	3,4	domain	domain	2
chr15	85720000	3,4,5,7,8	domain	boundary,domain	5
chr15	85840000	3,4,5,6,7,8,9,10,11,12,13	boundary,domain	domain	11
chr15	86200000	4,5,6,7,8	domain	domain	5
chr15	86880000	3,4,5,6,7	domain	domain	5
chr15	87600000	3,4,5,6	domain	domain	4
chr15	88240000	3,4,5,6,7,8,9,10,11,12,13,14	domain	boundary,domain	12
chr15	88480000	3,4,5,6,7,8,9,10,11,12,13,14,15,16,17,18,19,20,21,22,23,24,25,26,27,28,29,30,31,32	boundary,domain	boundary,domain	30
chr15	88880000	3,4,5,6,7,8,9,10,11,12,13,14,15,16,17,18,19,20,21,22,23,24,25,26,27,28,29,30,31,32	boundary,domain	boundary,domain	30
chr15	89040000	3,6,7,8,9,10,11,14,17,18,19,20,21,22,23,24,25,26,27,28,29,30,31,32	boundary,domain	boundary,domain	24
chr15	89200000	3,6,9,10,11,12,13,14,15,20,21,22	boundary,domain	boundary,domain	12
chr15	89320000	5,6,7,8,9,10,11,12,13,14,15,16,17,18,19,20,21,22,23,24,25,26,27,28,29,30,31,32	boundary,domain	boundary,domain	28
chr15	89600000	3,4,5,6,7,8,9,10,11,12,13,14,15,16,17,18,19,20,21,22,23,24,25,26,27,28,29,30,31,32	boundary,domain	boundary,domain	30
chr15	89880000	3,4,5,6,9,10,11,12,13,14,15,16,17,18,19,20,21,22,23,24,25,26,27,28,29,30,31,32	boundary,domain	boundary,domain	28
chr15	90120000	3,4,5,7,8,9,10,11,12,13,14,16,17,18,19,20,21,22,23,24,25,27,28,29,30,31,32	boundary,domain	boundary,domain	27
chr15	90240000	3,4,5,6,7,8,9,10,11,12,13,14,15,16,17,18,19,20,21,22,23,24,25,26,27,28,29,30,31,32	boundary,domain	boundary,domain	30
chr15	90480000	17,19,20,23,24,25,26,27,28,29,30,31,32	boundary	boundary,domain	13
chr15	90680000	3,4,6,7,28,30,31	domain	domain	7
chr15	90960000	3,4,5,6,7,8,9,10,11,12,13,14,15,16,17,18,19,20,21,22,23,24,25,26,27,28,29,30,31,32	boundary,domain	boundary,domain	30
chr15	91040000	4,10,11,12	boundary,domain	boundary,domain	4
chr15	91280000	3,4,5,6,7,8,9,10,11,12,13,14,15,16,17,18,19,20,21,22,23	boundary,domain	domain	21
chr15	92080000	3,4,5,6,7,8	domain	domain	6
chr15	92480000	4,5,6,7,8,9,10,11,12,13,14,15,16,17,18,19,20,21,22,25,28,29,30,32	domain	boundary,domain	24
chr15	92600000	9	boundary	boundary	1
chr15	92760000	3,4,5,6,7,8,9,10,11,12,13,14,15,16,17,18,19,20,21,22,23,24,25,26,27,28,29,30,31,32	boundary,domain	boundary,domain	30
chr15	93040000	3,4,5,6,7,8,9,10,11,12,13,14,15,16,17,18,19,20,21,22,23,24,25,26,27,28,29,30,31,32	boundary,domain	domain	30
chr15	93440000	3	domain	domain	1
chr15	93960000	4	domain	domain	1
chr15	94160000	3,4,5,6,7,8,9,10,11,12,13,14,15,16,17,18,19,20,21,22,23,24,25,26,27,28,31,32	domain	boundary	28
chr15	94360000	3,4,5,7,8,9,10,11,12,13,14,15,16,17,18,19,20,21,22,23,24,25,26,27,28,29,30,31,32	boundary,domain	boundary,domain	29
chr15	94560000	3,4,5,6,7,9,10,11,12,13,14,15,16,21,22,23	boundary,domain	boundary,domain	16
chr15	94920000	6	domain	domain	1
chr15	95240000	3,4,5,6,7,8,9,10,11,12,13,14,15,16	domain	domain	14
chr15	96400000	3,4,5,6,7,8,9,10,11,12,13,14,15,16,17,18,19,20,21,22,23,24,25,26	domain	domain	24
chr15	96880000	3,5,6	domain	domain	3
chr15	97280000	5,7,8,9,10,11,12,13,14,15,16,18,19,20,21,22,23,24	domain	boundary,domain	18
chr15	97360000	4,5,6,8,10,16,17,18,19,20,21	boundary,domain	domain	11
chr15	97640000	3,5,12,13,14,15	domain	domain	6
chr15	97880000	3,4,5,6,7,8,9,10,11,15,16,17,18,19,20,21,22,23,24,25,26,27,28,29,30,31,32	boundary,domain	boundary,domain	27
chr15	98120000	3,4,5	domain	domain	3
chr15	98320000	3,4,6,7	domain	boundary,domain	4
chr15	98440000	3,4,5,6,7,8,9,10,11,12,13,14,15,16,17,18,19,20,21,22,23,24,25,26,27,28	boundary,domain	domain	26
chr15	99080000	3,4,5,6,7,8,9,10,11	domain	boundary,domain	9
chr15	99240000	3,4,5,6,7,8,9,10,11,12	boundary,domain	domain	10
chr15	99760000	3,4,5,6,7,8,9,10,11,12,13,14,15,16,17,18,19,20,21,22,23,24,25,26,27,28,29,30,31,32	domain	gap	30
chr15	99800000	3,4,5,6,7,8,9,10,11,12,13,14,15,16,17,18,19,20,21,22,23,24,25,26,27,28,29,30,31,32	gap	domain	30
chr15	100360000	3,4,5,6,7	domain	domain	5
chr15	100600000	3,4,5,6,7,8,9,10,11,12,13,14,15,16,17,18,19	domain	boundary,domain	17
chr15	100880000	4,6,7,10,11,12,13,14,15,16,17,18,19,20	boundary,domain	domain	14
chr15	101040000	6,7,8,9	domain	domain	4
chr15	101280000	3,4,5,6,7,8,9,10	domain	domain	8
chr15	101720000	3,4,5,6,7,8,9,10,11,12,13,14,15,16,17,18,19,20,21,22,23,24,25,26,27,28,29,30,31,32	domain	gap	30
chr15	101991189	3,4,5,6,7,8,9,10,11,12,13,14,15,16,17,18,19,20,21,22,23,24,25,26,27,28,29,30,31,32	gap	gap	30
chr16	0	3,4,5,6,7,8,9,10,11,12,13,14,15,16,17,18,19,20,21,22,23,24,25,26,27,28,29,30,31,32	gap	gap	30
chr16	40000	3,4,5,6,7,8,9,10,11,12,13,14,15,16,17,18,19,20,21,22,23,24,25,26,27,28,29,30,31,32	gap	domain	30
chr16	360000	3,4	domain	domain	2
chr16	560000	3,4,5,6,7,8,9,10,11,12,13,14,15,16,17,18,19,20,21,22,23,24,25,26,27,28,29,30,31,32	domain	gap	30
chr16	600000	3,4,5,6,7,8,9,10,11,12,13,14,15,16,17,18,19,20,21,22,23,24,25,26,27,28,29,30,31,32	gap	domain	30
chr16	800000	3	domain	domain	1
chr16	1200000	3,4,5,6,7,8,9,10,11,12,13,14,15,16,17,18,19,20,21,22,23,24,25,26,27,28,29,30,31,32	domain	gap	30
chr16	1240000	3,4,5,6,7,8,9,10,11,12,13,14,15,16,17,18,19,20,21,22,23,24,25,26,27,28,29,30,31,32	gap	domain	30
chr16	1480000	3	domain	domain	1
chr16	1840000	3,5	domain	domain	2
chr16	2080000	3,4,5,6,7,8,9,10,11,12,13,14,15,16,17,18,19,20,21,22,23,24,25,26,27,28,29,30,31,32	domain	gap	30
chr16	2120000	3,4,5,6,7,8,9,10,11,12,13,14,15,16,17,18,19,20,21,22,23,24,25,26,27,28,29,30,31,32	gap	domain	30
chr16	2520000	3,4,5,6,7,8,9,10,11,12,13,14,15,16,17,18,19,20,21,22,23,24,25,26,27,28,29,30,31,32	domain	gap	30
chr16	2680000	3,4,5,6,7,8,9,10,11,12,13,14,15,16,17,18,19,20,21,22,23,24,25,26,27,28,29,30,31,32	gap	domain	30
chr16	3000000	3,4,5,6,7	domain	domain	5
chr16	3160000	3,4	domain	domain	2
chr16	3520000	4,5,6,7,8,9,10,11,12,19,20	domain	domain	11
chr16	3920000	4,5,6,7,8,9,10,17,18,19,20,21,22,23,24,25,26,27,28	domain	domain	19
chr16	4240000	5	domain	domain	1
chr16	4440000	3,4,5,6,7,8,9,10,11,12,13,14,15	domain	boundary,domain	13
chr16	4600000	6,7,8,9,11	boundary	domain	5
chr16	4720000	4,5	domain	domain	2
chr16	5080000	3,4,5,6,7,8,9,10,11,12,13,14,15,16,17,18,19,20,21,22,23,24,25,26,27,28,29,30,31,32	domain	gap	30
chr16	5280000	3,4,5,6,7,8,9,10,11,12,13,14,15,16,17,18,19,20,21,22,23,24,25,26,27,28,29,30,31,32	gap	domain	30
chr16	5520000	3	domain	domain	1
chr16	5720000	3,4,5,6	domain	domain	4
chr16	5920000	3,4,5,6,7	domain	domain	5
chr16	6720000	3,4,5,6,7,8,9,10,11,12,13,14,15,16,17,18,19,20,21,22,23,24,25,26,27	domain	domain	25
chr16	7280000	3,4,5,6	domain	domain	4
chr16	7600000	4	domain	domain	1
chr16	7680000	3,6,7	domain	domain	3
chr16	7920000	3	domain	domain	1
chr16	8520000	3,4,5,6,7,8,9,10,11,12,13,14,15,16,17,18,19,20,21,22,23,24,25,26,27,28,29	domain	domain	27
chr16	8880000	4,5	domain	domain	2
chr16	9120000	3,4,5,6,7,8,9,10,11,12,13,14,15,16,17,18,19,20,21,22,23,24,25,26,27,28,29,30,31	domain	domain	29
chr16	9960000	3,4,5	domain	domain	3
chr16	10240000	5,7,8,9,10,11,12,13,14,15,16,18,19,20,21,22	domain	boundary,domain	16
chr16	10480000	3,4,5,6,14,15,16,17,18,19,20,21,22,23,24,25,26,27,28,29,30,31	boundary,domain	boundary,domain	22
chr16	10800000	3,4,5,11,12,13,15,17,18,20,21,22,23,24,26,27	boundary,domain	boundary,domain	16
chr16	10920000	3,4,5,6,7,8,9,10,11,12,13,14,15,16,17,18,19,20,21,22,23,24	boundary,domain	domain	22
chr16	11360000	3,4,5,6,7,8,9,10	domain	domain	8
chr16	11680000	3,5	domain	domain	2
chr16	11920000	3,4,5,6,7,8,9,10,11,12,13,14,15,16,17,18,19,20,21,22,23,24,25,26,27,28,29,30,31,32	domain	gap	30
chr16	11960000	3,4,5,6,7,8,9,10,11,12,13,14,15,16,17,18,19,20,21,22,23,24,25,26,27,28,29,30,31,32	gap	domain	30
chr16	12880000	3,4,5,6,7,8,9,10,11,12,13,14	domain	domain	12
chr16	13160000	4,5	domain	domain	2
chr16	13440000	3,4,5,6	domain	domain	4
chr16	13840000	5,7,8,9,10,11,12,13,14,15,16,17,18,19,20	domain	boundary,domain	15
chr16	13920000	3,4,5,6,7	boundary,domain	domain	5
chr16	14280000	3,4,5,6,7,8	domain	domain	6
chr16	14680000	3,4,5,6,7,8,9,10,11,12,13,14,15,16,17,18,19,20,21,22,23,24,25,26,27,28,29,30,31,32	domain	gap	30
chr16	15400000	3,4,5,6,7,8,9,10,11,12,13,14,15,16,17,18,19,20,21,22,23,24,25,26,27,28,29,30,31,32	gap	domain	30
chr16	15720000	3,4,5,6,7	domain	domain	5
chr16	15880000	3	domain	domain	1
chr16	16200000	3,4,5,6,7,8,9,10,11,12,13,14,15,16,17,18,19,20,21,22,23,24,25,26,27,28,29,30,31,32	domain	gap	30
chr16	16760000	3,4,5,6,7,8,9,10,11,12,13,14,15,16,17,18,19,20,21,22,23,24,25,26,27,28,29,30,31,32	gap	domain	30
chr16	17160000	5,6,7	domain	domain	3
chr16	17480000	3,4,5,6,7,8,9,10,11,12,13	domain	boundary,domain	11
chr16	17600000	3,7,8	boundary	domain	3
chr16	18080000	3,4,5,6,7,8,9,10,11,12,13,14,15,16,17,18,19,20,21,22,23,24,25,26,27,28,29,30,31,32	domain	gap	30
chr16	18920000	3,4,5,6,7,8,9,10,11,12,13,14,15,16,17,18,19,20,21,22,23,24,25,26,27,28,29,30,31,32	gap	domain	30
chr16	19400000	3,4,5	domain	domain	3
chr16	19520000	3,4,5,6,7,8,9,10,11,12,13,14	domain	domain	12
chr16	19920000	4,5,6,7,8,9,10,11,12	domain	domain	9
chr16	20440000	3,4,5,6,7,8,9,10,11,12,13,14,15,16,17,18,19,20,21,22,23,24,25,26,27,28,29,30,31,32	domain	gap	30
chr16	20600000	3,4,5,6,7,8,9,10,11,12,13,14,15,16,17,18,19,20,21,22,23,24,25,26,27,28,29,30,31,32	gap	domain	30
chr16	20800000	3	domain	domain	1
chr16	21120000	3,4,5	domain	domain	3
chr16	21360000	3,4,5,6,7,8,9,10,11,12,13,14,15,16,17,18,19,20,21,22,23,24,25,26,27,28,29,30,31,32	domain	gap	30
chr16	21520000	3,4,5,6,7,8,9,10,11,12,13,14,15,16,17,18,19,20,21,22,23,24,25,26,27,28,29,30,31,32	gap	domain	30
chr16	21720000	3,4,5,6,7,8,9,10,11,12,13,14,15,16,17,18,19,20,21,22,23,24,25,26,27,28,29,30,31,32	domain	gap	30
chr16	21960000	3,4,5,6,7,8,9,10,11,12,13,14,15,16,17,18,19,20,21,22,23,24,25,26,27,28,29,30,31,32	gap	domain	30
chr16	22200000	3,4	domain	domain	2
chr16	22440000	3,4,5,6,7,8,9,10,11,12,13,14,15,16,17,18,19,20,21,22,23,24,25,26,27,28,29,30,31,32	domain	gap	30
chr16	22600000	3,4,5,6,7,8,9,10,11,12,13,14,15,16,17,18,19,20,21,22,23,24,25,26,27,28,29,30,31,32	gap	domain	30
chr16	23040000	3	domain	domain	1
chr16	23160000	3,4,5,6,7,8,9,10,11,12,13	domain	domain	11
chr16	23440000	3,4	domain	boundary,domain	2
chr16	23560000	3,4,7,8,9,10,11,12,13,14,15,16,17,20,21,22,23	boundary,domain	boundary,domain	17
chr16	23640000	3,4,5,6,7,8,9,10,13,14,15,16,18,19	boundary,domain	domain	14
chr16	24080000	5,6,7,8	domain	domain	4
chr16	24520000	3,4,5,6,7,8,9,10,11,12,13,14,15,16,17,18,19,20,21,22,23,24	domain	boundary,domain	22
chr16	24720000	3,14,16,24,25	boundary,domain	domain	5
chr16	25240000	3,4,5,6,7,8,9,10,11,12,13,14,15,16,17,18,19,20,21,22,23,24,25,26,27,28,29,30,31,32	domain	domain	30
chr16	25680000	3,6	domain	domain	2
chr16	26240000	3	domain	domain	1
chr16	26400000	3	domain	domain	1
chr16	27160000	3,4,5,6,7,8,9,10,11,12,13,14,15,16,17,18,19,20,21,22,23,24,25,26,27,28	domain	boundary,domain	26
chr16	27440000	3,4,5,6,7,8,9,10,11,12,13,14,15,16,17,18,19,20,21	boundary,domain	domain	19
chr16	27640000	3	domain	domain	1
chr16	28080000	3,4	domain	domain	2
chr16	28320000	3,4,5,6,7,8,9,10,11,12,13,14,15,16,17,18,19,20,21,22,23,24,25,26,27,28,29,30,31,32	domain	gap	30
chr16	28800000	3,4,5,6,7,8,9,10,11,12,13,14,15,16,17,18,19,20,21,22,23,24,25,26,27,28,29,30,31,32	gap	domain	30
chr16	29040000	3,4,5,6,7,8,9,10,11,12,13,14,15,16,17,18,19,20,21,22,23,24,25,26,27,28,29,30,31,32	domain	gap	30
chr16	29640000	3,4,5,6,7,8,9,10,11,12,13,14,15,16,17,18,19,20,21,22,23,24,25,26,27,28,29,30,31,32	gap	domain	30
chr16	29840000	3	domain	domain	1
chr16	30200000	3,4,5,6,7,8,9,10,11,12,13,14,15,16,17,18,19,20,21,22,23,24,25,26,27,28,29,30,31,32	domain	gap	30
chr16	30320000	3,4,5,6,7,8,9,10,11,12,13,14,15,16,17,18,19,20,21,22,23,24,25,26,27,28,29,30,31,32	gap	domain	30
chr16	30680000	3,4,5,6,7	domain	boundary,domain	5
chr16	30760000	8,9	domain	boundary	2
chr16	30960000	3,4,5,6,7,8,9,10,11,12,13,14,15	boundary,domain	boundary,domain	13
chr16	31160000	13,15	boundary	domain	2
chr16	31240000	3,4	domain	domain	2
chr16	31480000	3,4,5,6,7,8,9,10	domain	domain	8
chr16	31680000	3	domain	domain	1
chr16	31920000	3,4,5,6,7,8,9,10,11,12,13,14,15,16,17,18,19,20,21,22,23,24,25,26,27,28,29,30,31,32	domain	gap	30
chr16	35080000	3,4,5,6,7,8,9,10,11,12,13,14,15,16,17,18,19,20,21,22,23,24,25,26,27,28,29,30,31,32	gap	domain	30
chr16	35400000	3,4	domain	domain	2
chr16	35640000	3,4,5,6,7,8,9,10,11,12,13,14,15,16,17,18,19,20,21,22,23,24,25,26,27,28,29,30,31,32	domain	gap	30
chr16	35720000	3,4,5,6,7,8,9,10,11,12,13,14,15,16,17,18,19,20,21,22,23,24,25,26,27,28,29,30,31,32	gap	domain	30
chr16	35920000	3,4,5,6,7,8,9,10,11,12,13,14,15,16,17,18,19,20,21,22,23,24,25,26,27,28,29,30,31,32	domain	gap	30
chr16	46480000	3,4,5,6,7,8,9,10,11,12,13,14,15,16,17,18,19,20,21,22,23,24,25,26,27,28,29,30,31,32	gap	domain	30
chr16	46640000	3	domain	domain	1
chr16	46800000	3,4,5,6,7	domain	domain	5
chr16	47040000	3,4,5,6,7,8,9,10,11	domain	domain	9
chr16	48160000	3,4,5,6,7,8,9,10,11,12,13,14,15,16,17,18,19,20,21,22,23,24,25,26	domain	domain	24
chr16	48400000	24,26,27	boundary,domain	boundary	3
chr16	48640000	3,4,5,6,7,8,9,10,11,12,13,14,15,16,17,18,19,20,21,22,23,24,25,26,27,28,29,30,31,32	boundary,domain	domain	30
chr16	49360000	3,4,5,6,7,8,9,10,11,12,13,14,15,16,17,18,19,20,21,22,23,24,25,26,27,28,29,30,31,32	domain	boundary,domain	30
chr16	49600000	3,4	domain	domain	2
chr16	49960000	3,4,5,6,7,8,9,10,11,12,13,14,15,16,17,18,19,20,21,22,23,24,25,26,27,28,29,30,31,32	boundary,domain	boundary,domain	30
chr16	50200000	3,19	boundary	domain	2
chr16	50400000	3,4	domain	domain	2
chr16	50680000	3	domain	domain	1
chr16	50800000	3,4,5,6,7,8,9,10,11,12,13,14,15,16,17,18,19,20,21,22,23,24,25,26,27,28,29,30,31,32	domain	domain	30
chr16	51240000	3,4	domain	domain	2
chr16	51800000	3,4,5	domain	domain	3
chr16	52040000	3,4,5,6,7,8,9,10,11,12,13,14,15,16,17,18,19,20,21,22,23,24,25,26,27,28,29,30,31,32	domain	domain	30
chr16	52160000	7	domain	domain	1
chr16	52920000	6,7	domain	boundary	2
chr16	53040000	3,4,5,6,7,8,9,10,11,12,13,14,15,16,17,18,19,20,21,22,23,24,25,26,27,28,29,30,31,32	boundary,domain	boundary,domain	30
chr16	53520000	3,4,5,6,7,8,9,10,11,12,13,14,15,16,17,18,19,20,21,22,23,24,25,26,27,28,29,30,31,32	boundary,domain	domain	30
chr16	54800000	3	domain	domain	1
chr16	54960000	3,4,5,8	domain	domain	4
chr16	55400000	3,4,5,6,7	domain	domain	5
chr16	55760000	3,4,5,6,7,8,9,10,11,12,13,14,15,16,17,18,19,20,21,22,23,24,25,26,27,28,29,30,31,32	domain	gap	30
chr16	55800000	3,4,5,6,7,8,9,10,11,12,13,14,15,16,17,18,19,20,21,22,23,24,25,26,27,28,29,30,31,32	gap	domain	30
chr16	56360000	3,4,5,6,7,8,9,10,11,12,13	domain	domain	11
chr16	56720000	3,5,6,7,15,17,18,19,20,21,22	domain	boundary,domain	11
chr16	56800000	4,5,6,7,8,9,10,17,18,19,20,21,23,24	boundary,domain	boundary,domain	14
chr16	57040000	4,10,11,12,13,14,15,17,18,20,21,22,23,24,25,27,28	boundary,domain	boundary,domain	17
chr16	57240000	3,4,5,6,7,8,9,10,11,12,13,14,15,16,17,18,19,20,21,22,23,24,25,26,27,28,29,30,31,32	boundary,domain	boundary,domain	30
chr16	57440000	8	domain	boundary	1
chr16	57560000	4,5,6,7,8,9,10,11,12,13,14,15,16,17,18,19,20,21,22,23,24,25,26,27,28,29,30,31,32	boundary,domain	boundary,domain	29
chr16	57720000	3,4,5,6,7,8,9,10,11,12,13,14,15,18,20,21,22,24,25,30,31,32	boundary,domain	boundary,domain	22
chr16	57880000	19,20,23,24,25,26,27,28,29,30,31,32	boundary	boundary,domain	12
chr16	58040000	5,7,8,9,10,11,12,13,14,15,16,17,18,22,26,27	boundary,domain	boundary,domain	16
chr16	58320000	19,20,21,27,28,29	boundary,domain	boundary	6
chr16	58520000	3,4,5,6,7,8,9,12,13,14,18,22,23,24,25,26,30,31,32	boundary,domain	boundary,domain	19
chr16	58760000	3,4,5,6,7,8,9,10,11,12,13,14,15,16,17,18,19,20,21,22,23,24,25,26,27,28,29,30,31,32	boundary,domain	domain	30
chr16	59280000	3,4,5,6,7	domain	domain	5
chr16	59400000	5	domain	domain	1
chr16	59600000	3,4,5,6,7	domain	domain	5
chr16	59720000	5	domain	domain	1
chr16	59840000	4,5,7	domain	domain	3
chr16	60200000	7,8	domain	domain	2
chr16	60320000	3,4,5,6,7,8,9,10	domain	domain	8
chr16	60480000	3,5,6,10	domain	domain	4
chr16	60600000	3,4,5,6,7,9	domain	domain	6
chr16	60840000	3,4,5,6,7	domain	domain	5
chr16	61000000	8,9	domain	domain	2
chr16	61160000	3,4,5,6,7,8	domain	boundary,domain	6
chr16	61280000	6	boundary	domain	1
chr16	61360000	4,5,7	domain	domain	3
chr16	61480000	6	domain	domain	1
chr16	61640000	6,7	domain	domain	2
chr16	61720000	4	domain	domain	1
chr16	61920000	4,5,6,8,9,11	domain	domain	6
chr16	62080000	3,5,6,9	domain	domain	4
chr16	62520000	5,8	domain	domain	2
chr16	62800000	3	domain	domain	1
chr16	62960000	4,5,6	domain	domain	3
chr16	63280000	3,4,5,6,7,8,9,10,11,12,13,14,15,16,17,18,19,20,21,22,23,24,25,26,27,28,29,30,31,32	domain	domain	30
chr16	63480000	3	domain	domain	1
chr16	64080000	3,4,5,6,7,8,9,10,11,12,13,14,15,16,17	domain	domain	15
chr16	65160000	3,4,6,7,8,9,10,11,12,13,14,15,16,17,18,19,20,21,22	domain	domain	19
chr16	66040000	3	domain	domain	1
chr16	66400000	3,4,5,6,7,8,9,10,11,12,13,14,15,16,17,18,19,20,21,22,23,24,25,26,27,28,29,30,31,32	domain	boundary	30
chr16	66600000	29,30,32	boundary	boundary	3
chr16	66760000	8,9	domain	boundary,domain	2
chr16	66880000	3,4,5,6,7,8,9,10,11,12,13,14,15,16,17,18,19,20,21,22,23,24,25,26,27,28,29,30,31,32	boundary,domain	boundary,domain	30
chr16	67200000	3,4,5,6,7,8,9,10,11,12,13,14,15,16,17,18,19,20,21,22,23,24,25,26,27,28,29,30,31,32	boundary,domain	boundary	30
chr16	67440000	3,4,5,6,7,8,9,10,11,12,13,14,15,16,17,18,19,20,21,22,23,24,25,26,27,28,29,30,31,32	boundary	boundary,domain	30
chr16	67680000	3	domain	domain	1
chr16	67840000	4	domain	domain	1
chr16	68080000	24	domain	boundary	1
chr16	68240000	3,4,5,6,7,8,9,10,11,12,13,14,15,16,17,18,19,20,21,22,23,24,25,26,27,28,29,30,31,32	boundary,domain	boundary,domain	30
chr16	68360000	4,6,7,8,9,10,11,12,13,14,15,16,17,18,20,21,27	boundary,domain	boundary,domain	17
chr16	68520000	3,4,5,6,7,8,9,13,14,15,16,17,18,19,20,21,22,23,24,25,27,28,30	boundary,domain	domain	23
chr16	68840000	3,4,5	domain	domain	3
chr16	69160000	3,4,5,12,13,14	domain	boundary	6
chr16	69320000	3,4,5,6,7,8,9,10,11,12,13,14	boundary,domain	domain	12
chr16	69760000	3,4	domain	domain	2
chr16	69960000	3,4,5,6,7,8,9,10,11,12,13,14,15,16,17,18,19,20,21,22,23,24,25,26,27,28,29,30,31,32	domain	gap	30
chr16	70240000	3,4,5,6,7,8,9,10,11,12,13,14,15,16,17,18,19,20,21,22,23,24,25,26,27,28,29,30,31,32	gap	domain	30
chr16	70520000	3	domain	domain	1
chr16	70800000	3,4,5,6,7,8,9,10,11,12,13,14,15,16,17,18,19,20,21,22,23,24,25,26,27,28,29,30,31,32	domain	gap	30
chr16	71160000	3,4,5,6,7,8,9,10,11,12,13,14,15,16,17,18,19,20,21,22,23,24,25,26,27,28,29,30,31,32	gap	domain	30
chr16	71640000	4,5,6,7,8,9,10,11	domain	domain	8
chr16	72080000	3,4,5,6,7,8,9,10,11,12,13,14,15,16,17,18,19,20,21	domain	domain	19
chr16	72480000	3,4,5,6,7,8,9	domain	domain	7
chr16	73080000	3	domain	domain	1
chr16	73240000	3,4,5,6,7,8,9,10,11	domain	domain	9
chr16	73480000	3,4	domain	domain	2
chr16	73920000	3,4,5,6,7,8	domain	domain	6
chr16	74320000	3,4,5,6,7,8,9,10,11,12,13,14,15,16,17,18,19,20,21,22,23,24,25,26,27,28,29,30,31,32	domain	gap	30
chr16	74560000	3,4,5,6,7,8,9,10,11,12,13,14,15,16,17,18,19,20,21,22,23,24,25,26,27,28,29,30,31,32	gap	domain	30
chr16	74920000	3,4,5,6,7	domain	domain	5
chr16	75160000	3,4,6,10,11,12,13	domain	domain	7
chr16	75440000	3,4,5,6,7,8,9,10,11,12,13,14,15,16,17,18,19	domain	boundary,domain	17
chr16	75680000	3,12,13,14,16,18,20,22,25,26	boundary,domain	boundary	10
chr16	75800000	3,4,5,6,7,8,9,10,11,12,13,14,15,16,17,18,19,20,21,22,23,24,25,26,28,29	boundary,domain	domain	26
chr16	76640000	3,4,5,6,7,8	domain	domain	6
chr16	77200000	3,4,5,6,7,8,9,10,11,12,13,14,15,16,17,18,19,20,21,22,23,24,25,26,27	domain	domain	25
chr16	77640000	4,5,6,7,8	domain	domain	5
chr16	78040000	3,4,5,6	domain	boundary,domain	4
chr16	78120000	3	boundary	domain	1
chr16	78320000	3,4,5,6,7,8,9,10,11,12,13,14,15,16,17,18,19,20,21,22,23,24,25,26,27,28,29,30,31,32	domain	gap	30
chr16	78360000	3,4,5,6,7,8,9,10,11,12,13,14,15,16,17,18,19,20,21,22,23,24,25,26,27,28,29,30,31,32	gap	domain	30
chr16	79600000	3,4,5,6,7,8,9	domain	domain	7
chr16	80080000	3,4,5,6	domain	domain	4
chr16	80520000	4,5,6,7,8,9,10,11,12,13,14,15,16,17,18,19,20,21,22,23,24,25,26,27,28,29,30,31,32	domain	boundary,domain	29
chr16	80920000	4,5,6,15,16,17,18,19,20,21,22,23,24,25,26,28	boundary,domain	boundary,domain	16
chr16	81080000	3,4,5,6,7,8,9,10,11,12,13,14,15,16,18,21,22,23,24,25,26,27,28,29,30,31,32	boundary,domain	boundary,domain	27
chr16	81360000	5,6	domain	domain	2
chr16	81760000	3,4,5,6,7,8,9,10,11,12,13,14,15,16,17,18,19,20,21,22,23,24,25,26,27,28,29,30,31,32	boundary,domain	boundary,domain	30
chr16	82240000	3,4,5,6,7,8,9,10,11,12,13,14,15,16,17,18,19,20,21,22,23,24,25,26,27,28,29,30,31,32	boundary,domain	boundary,domain	30
chr16	82680000	3	domain	domain	1
chr16	83080000	4,5,6,7,8,10	domain	domain	6
chr16	83200000	3,14,16	domain	domain	3
chr16	83560000	14,15,16,22	domain	boundary	4
chr16	83880000	4,5,6,7,8,9,10,11,12,13,14,15,16,17,18,19,20,21,22,23,24,25,26,27,28,29,30,31,32	boundary,domain	boundary,domain	29
chr16	84200000	15,16,29	boundary	boundary,domain	3
chr16	84280000	4,5,6,26,27	boundary,domain	boundary,domain	5
chr16	84480000	3,4,5,6,7,8,9,10,11,12,13,14,15,16,17,18,19,20,21,22,23,24,25,26,27,28,29,30,31,32	boundary,domain	boundary,domain	30
chr16	84640000	7,8,9,10,26,27,30,31,32	boundary,domain	boundary,domain	9
chr16	84720000	3,4,5,9,10,11,12,13,14,15,16,17,18,19,20,21,22,23,24,25,28,29	boundary,domain	boundary,domain	22
chr16	85000000	3,4,5,6,8,9,10,11,12,13,14,15,16,17,18,19,20,21,22,23,24,25,26,27,28,29	boundary,domain	boundary,domain	26
chr16	85080000	6,7	boundary,domain	domain	2
chr16	85280000	3,4	domain	domain	2
chr16	85800000	3,4,5,6,7,8,9,10	domain	domain	8
chr16	86240000	3,4,5,6,7,8,9,10,11,12,13,14,15,16,17,18,19,20,21,22,23,24,25,26,27,28,29,30,31,32	domain	gap	30
chr16	86280000	3,4,5,6,7,8,9,10,11,12,13,14,15,16,17,18,19,20,21,22,23,24,25,26,27,28,29,30,31,32	gap	domain	30
chr16	86560000	3,4,5,6	domain	domain	4
chr16	87000000	3	domain	domain	1
chr16	87080000	5	domain	domain	1
chr16	87200000	6,8,9,10	domain	boundary	4
chr16	87280000	3,4,5,6,7,8,9,10,11,12,13	boundary,domain	domain	11
chr16	87880000	3,4,5,6,7,8,9,10,11,12,13,14,15,16,17,18,19,20,21,22,23,24,25,26,27,28,29,30,31,32	domain	gap	30
chr16	88280000	3,4,5,6,7,8,9,10,11,12,13,14,15,16,17,18,19,20,21,22,23,24,25,26,27,28,29,30,31,32	gap	domain	30
chr16	88440000	3,4,5,6,7,8,9,10,11,12,13,14,15,16,17,18,19,20,21,22,23,24,25,26,27,28,29,30,31,32	domain	gap	30
chr16	88520000	3,4,5,6,7,8,9,10,11,12,13,14,15,16,17,18,19,20,21,22,23,24,25,26,27,28,29,30,31,32	gap	domain	30
chr16	88680000	3,4,5,6,7,8,9,10,11,12,13,14,15,16,17,18,19,20,21,22,23,24,25,26,27,28,29,30,31,32	domain	gap	30
chr16	88720000	3,4,5,6,7,8,9,10,11,12,13,14,15,16,17,18,19,20,21,22,23,24,25,26,27,28,29,30,31,32	gap	domain	30
chr16	88880000	3,4,5,6,7,8,9,10,11,12,13,14,15,16,17,18,19,20,21,22,23,24,25,26,27,28,29,30,31,32	domain	gap	30
chr16	89320000	3,4,5,6,7,8,9,10,11,12,13,14,15,16,17,18,19,20,21,22,23,24,25,26,27,28,29,30,31,32	gap	domain	30
chr16	89560000	3,4,5	domain	domain	3
chr16	89880000	3	domain	domain	1
chr16	90080000	3,4,5,6,7,8,9,10,11,12,13,14,15,16,17,18,19,20,21,22,23,24,25,26,27,28,29,30,31,32	domain	gap	30
chr16	90240000	3,4,5,6,7,8,9,10,11,12,13,14,15,16,17,18,19,20,21,22,23,24,25,26,27,28,29,30,31,32	gap	gap	30
chr17	40000	3,4,5,6,7,8,9,10,11,12,13,14,15,16,17,18,19,20,21,22,23,24,25,26,27,28,29,30,31,32	gap	gap	30
chr17	160000	3,4,5,6,7,8,9,10,11,12,13,14,15,16,17,18,19,20,21,22,23,24,25,26,27,28,29,30,31,32	gap	domain	30
chr17	440000	3,4,5,6,7,8,9,10,11,12,13,14,15,16,17,18,19,20,21,22,23,24,25,26,27,28,29,30,31,32	domain	gap	30
chr17	520000	3,4,5,6,7,8,9,10,11,12,13,14,15,16,17,18,19,20,21,22,23,24,25,26,27,28,29,30,31,32	gap	domain	30
chr17	720000	3	domain	domain	1
chr17	1080000	3,4,5,6,7,8,9,10,11,12,13	domain	domain	11
chr17	1240000	3,5	domain	domain	2
chr17	1560000	4,5,10,11,16,17,18,19,20,23	domain	boundary,domain	10
chr17	1640000	4,5,6,7,8,9,10,11,12,13,14,15,16,17,18,19,20,21,22,23,24,25,26,27	boundary,domain	boundary,domain	24
chr17	1800000	10,16,19	boundary	boundary,domain	3
chr17	1880000	14,17,18,21,22,24,25,26	boundary	boundary,domain	8
chr17	2040000	3,4,5,6,7,8,16,17,18,19,20,21,22,23,24	boundary,domain	domain	15
chr17	2360000	5,6,7,8,9	domain	boundary,domain	5
chr17	2440000	4,8,9,11,12	boundary,domain	domain	5
chr17	2720000	3	domain	domain	1
chr17	2800000	4,5	domain	domain	2
chr17	3040000	3,4,5,6,7,8,9,10,11,12,13,14,15,16,17,18,19,20,21,22,23,24,25,26,27,28,29,30,31,32	domain	gap	30
chr17	3080000	3,4,5,6,7,8,9,10,11,12,13,14,15,16,17,18,19,20,21,22,23,24,25,26,27,28,29,30,31,32	gap	domain	30
chr17	3240000	3,4,5,6,7,8,9,10,11,12,13,14,15,16,17,18,19,20,21,22,23,24,25,26,27,28,29,30,31,32	domain	gap	30
chr17	3280000	3,4,5,6,7,8,9,10,11,12,13,14,15,16,17,18,19,20,21,22,23,24,25,26,27,28,29,30,31,32	gap	domain	30
chr17	3640000	3,4,5,6,7,8,9	domain	domain	7
chr17	3840000	3,11,12,13	domain	domain	4
chr17	4040000	12,13,14,15,16,18	domain	boundary,domain	6
chr17	4120000	3,4,5,6,7,8,9,10,11,17,18	boundary,domain	domain	11
chr17	4440000	3,4,5	domain	domain	3
chr17	4560000	9	domain	domain	1
chr17	4680000	3,4,5,6,7,8,9,10,11,12,14,15,16,17,18,19,20	domain	boundary,domain	17
chr17	4920000	3,4,5,11,12,13	domain	boundary,domain	6
chr17	5160000	3,4,5,6,7,8,9,10,11,12,13,14,15,16,17,20,21,22,24,30,31,32	boundary,domain	boundary,domain	22
chr17	5480000	3,4,5,6,7,8,9,10,11,12,13,14,15,16,17,18,19,20,21,22,23,24,25,26,27,28,29,30,31,32	boundary,domain	domain	30
chr17	5760000	3	domain	domain	1
chr17	6040000	3	domain	domain	1
chr17	6440000	3,4,5,6,7,8,9,10,11,12,13,14,15,16,17,18,19	domain	boundary,domain	17
chr17	6680000	3,4,5,17,18	boundary,domain	boundary,domain	5
chr17	6880000	3,4,10	domain	boundary,domain	3
chr17	7040000	3,4,5,6,7,8,9,10,11,12,13,14,15,16,17,18,19,20,21,22,23,24,25,26,27,28,29,30,31,32	boundary,domain	boundary,domain	30
chr17	7200000	3,4,5,6,7,8,9,10,11,12,13,14,15,16,17,18,19,20,21,22,23,24,25,26,27,28,29,30,31,32	boundary,domain	boundary,domain	30
chr17	7320000	7	boundary	domain	1
chr17	7720000	3,4,5,6,7,8,9,10,11,12,13,14,16,17	boundary,domain	domain	14
chr17	8240000	3,4,5,6,7,8,9,10,11,12,13,14,15,16,17,18,19,20,21,22,23,24,25,26,27,28,29,30,31,32	boundary,domain	boundary,domain	30
chr17	8320000	9	boundary	domain	1
chr17	8400000	3,4,5,6,7,8	boundary,domain	domain	6
chr17	8800000	3,4,5,6,9,10,13,14,15,16,17,18,19,20,21,22,23,24,25,26,27,28,29,30,31,32	boundary,domain	domain	26
chr17	8920000	3,4,5,7,8,9,10,11,12,13,14	boundary,domain	domain	11
chr17	9320000	3	domain	domain	1
chr17	9560000	3,4,5,6,7	domain	domain	5
chr17	9800000	3,4,5,6,7,8,9,10,11,12,13,14,15,16,17,18,19,20,21,22,23,24,25,26	domain	domain	24
chr17	10280000	5,6,7,8	domain	domain	4
chr17	10640000	3,4,5,6,7,8,9,10,11,12,13,14,15,16,17,18,19,20,21,22,23,24,25,26,27,28,29,30,31,32	domain	boundary,domain	30
chr17	10840000	3,4,5,6,9,11,12,13	boundary,domain	domain	8
chr17	11240000	4,5,6,7,8,9	domain	domain	6
chr17	11680000	3,4	domain	domain	2
chr17	12000000	3,4,5,6,7,8,9,10,11,12,13,14,15,16,17,18,19,20,21,22,23,24,25,26,27,28,29,30,31,32	domain	boundary,domain	30
chr17	12080000	16	boundary	boundary	1
chr17	12160000	3,4,5,6,7,8,9,11,14,16,27,28,29,30,31,32	boundary,domain	domain	16
chr17	13040000	3,4,5,6,7,8,9,10,11,12,13,14,15,16,17,18,19,20,21,22,23,24,25,26	domain	domain	24
chr17	13360000	3,4,5	domain	domain	3
chr17	13600000	5	domain	domain	1
chr17	14160000	3,4,5,6,7,8,9,10,11,12,13,14,15,16,17,18,19,20,21,22,23,24,25,26,27,28,29,30,31,32	domain	gap	30
chr17	14200000	3,4,5,6,7,8,9,10,11,12,13,14,15,16,17,18,19,20,21,22,23,24,25,26,27,28,29,30,31,32	gap	domain	30
chr17	14920000	4,5,6	domain	domain	3
chr17	15200000	4,5,6,7	domain	domain	4
chr17	15520000	3,4,5,6,7,8,9,10,11,12,13,14,15,16,17,18,19,20,21,22,23,24,25,26,27,28,29,30,31,32	domain	gap	30
chr17	15880000	3,4,5,6,7,8,9,10,11,12,13,14,15,16,17,18,19,20,21,22,23,24,25,26,27,28,29,30,31,32	gap	domain	30
chr17	16360000	3,4,5,6,7	domain	domain	5
chr17	16680000	3,4,5,6,7,8,9,10,11,12,13,14,15,16,17,18,19,20,21,22,23,24,25,26,27,28,29,30,31,32	domain	gap	30
chr17	16880000	3,4,5,6,7,8,9,10,11,12,13,14,15,16,17,18,19,20,21,22,23,24,25,26,27,28,29,30,31,32	gap	domain	30
chr17	17320000	3,4,5,6,7,8,9,10	domain	domain	8
chr17	17680000	3,4,5,6,7,8,9,10	domain	domain	8
chr17	18080000	3,4,5,6	domain	domain	4
chr17	18360000	3,4,5,6,7,8,9,10,11,12,13,14,15,16,17,18,19,20,21,22,23,24,25,26,27,28,29,30,31,32	domain	gap	30
chr17	18840000	3,4,5,6,7,8,9,10,11,12,13,14,15,16,17,18,19,20,21,22,23,24,25,26,27,28,29,30,31,32	gap	domain	30
chr17	19000000	3,4,5,6,7,8,9,10,11,12,13,14,15,16,17,18,19,20,21,22,23,24,25,26,27,28,29,30,31,32	domain	gap	30
chr17	19240000	3,4,5,6,7,8,9,10,11,12,13,14,15,16,17,18,19,20,21,22,23,24,25,26,27,28,29,30,31,32	gap	domain	30
chr17	19480000	3,4,5	domain	domain	3
chr17	19840000	3,4,5,6,8,10,11	domain	boundary,domain	7
chr17	19960000	3,7,8	boundary,domain	domain	3
chr17	20320000	3,4,5,6,7,8,9,10,11,12,13,14,15,16,17,18,19,20,21,22,23,24,25,26,27,28,29,30,31,32	domain	gap	30
chr17	20920000	3,4,5,6,7,8,9,10,11,12,13,14,15,16,17,18,19,20,21,22,23,24,25,26,27,28,29,30,31,32	gap	domain	30
chr17	21320000	3,4,5,6,7,8,9,10,11,12,13,14,15,16,17,18,19,20,21,22,23,24,25,26,27,28,29,30,31,32	domain	gap	30
chr17	27200000	3,4,5,6,7,8,9,10,11,12,13,14,15,16,17,18,19,20,21,22,23,24,25,26,27,28,29,30,31,32	gap	domain	30
chr17	27360000	3	domain	domain	1
chr17	27600000	3,4	domain	domain	2
chr17	27680000	6	domain	domain	1
chr17	27760000	11,13	domain	boundary	2
chr17	28040000	4,5,6,7,8,9,10,11,12,13,14,15,16,17,18,19	boundary,domain	boundary,domain	16
chr17	28360000	3,4,5,6,7	domain	boundary,domain	5
chr17	28440000	12,13,14,15,16,17,18,19,20,21,24,25,26,27,28,29,30	boundary,domain	boundary,domain	17
chr17	28560000	3,4,5,6,7,8,9,10,11,16,22,23,24,25,29	boundary,domain	boundary,domain	15
chr17	28960000	3,4,5,6,7,8,9,10,11,12,13,14,15,16,17,18,19,20,21,22,23,24,25,26,27,28,29,30,31,32	boundary,domain	boundary,domain	30
chr17	29120000	3,9,11,12,13,14,17,18,19,21,22,23,24,25,26,27,28,29,30,31	boundary,domain	domain	20
chr17	29280000	4,5,15,16,17,18,19	domain	domain	7
chr17	29560000	3,4,5,6,7,8,9,10,11,12,13,14,15,18,19,20,21,22,23,24	domain	domain	20
chr17	29800000	3	domain	domain	1
chr17	30080000	3,4,5,6,7,8,9,10,11	domain	domain	9
chr17	30600000	3,4,5,6,7,8,9,10,11,12,13,14,15,16,17,18,19,20,21,22,23,24,25,26,27,28,29,30,31,32	domain	gap	30
chr17	30760000	3,4,5,6,7,8,9,10,11,12,13,14,15,16,17,18,19,20,21,22,23,24,25,26,27,28,29,30,31,32	gap	domain	30
chr17	31000000	3,4,5,6,7,8,9,10,11,12,13,14,15,16,17,18,19,20,21,22,23,24,25,26,27,28,29,30,31,32	domain	gap	30
chr17	31040000	3,4,5,6,7,8,9,10,11,12,13,14,15,16,17,18,19,20,21,22,23,24,25,26,27,28,29,30,31,32	gap	domain	30
chr17	31240000	3,4,5,6,7,8,9,10,11,12,13,14,15,16,17,18,19,20,21,22,23,24,25,26,27,28,29,30,31,32	domain	gap	30
chr17	31280000	3,4,5,6,7,8,9,10,11,12,13,14,15,16,17,18,19,20,21,22,23,24,25,26,27,28,29,30,31,32	gap	domain	30
chr17	31560000	3,4	domain	domain	2
chr17	31880000	3	domain	domain	1
chr17	32040000	3,4,5,6,7,8,9,10,11,12,13,14,15,16,17,18,19,20,21,22,23,24,25,26,27,28,29,30,31,32	domain	gap	30
chr17	32120000	3,4,5,6,7,8,9,10,11,12,13,14,15,16,17,18,19,20,21,22,23,24,25,26,27,28,29,30,31,32	gap	domain	30
chr17	32360000	3	domain	domain	1
chr17	32440000	6	domain	domain	1
chr17	32760000	3,4,5,6,13,15	domain	boundary,domain	6
chr17	32960000	3,4,5,6,7,8,9,10,11,12,13,14,15,16,17,18,19,20	boundary,domain	domain	18
chr17	33720000	3,4,5,6,7,8,9,10,11,12,13,14,15	domain	domain	13
chr17	34000000	3	domain	domain	1
chr17	34160000	3,4,5,6,7	domain	domain	5
chr17	34400000	3,4,5,6,7,8,9,10,11,12,13,14,15,16,17,18,19,20,21,22	domain	domain	20
chr17	34680000	3	domain	domain	1
chr17	34920000	3,4,5,6	domain	domain	4
chr17	35120000	3,4,5,6,7,8,9,10,11,12,13	domain	domain	11
chr17	35560000	3,4,5,6,7,8	domain	domain	6
chr17	35840000	3,4,5,6,7	domain	domain	5
chr17	36160000	3,4,5,6,7,8,9,10,11,12,13,14,15,16,17,18,19,20,21,22,23,24,25,26,27,28,29,30,31,32	domain	gap	30
chr17	36440000	3,4,5,6,7,8,9,10,11,12,13,14,15,16,17,18,19,20,21,22,23,24,25,26,27,28,29,30,31,32	gap	domain	30
chr17	36920000	3	domain	domain	1
chr17	37080000	3,5,6,7,8,9,10,11,12,13,14	domain	domain	11
chr17	37200000	14	domain	domain	1
chr17	37440000	3,4	domain	domain	2
chr17	37520000	6	domain	domain	1
chr17	37640000	3,4,5	domain	domain	3
chr17	37880000	3,4,5,6,7,8,9,10,11,12,13,14,15,16,17,18,19,20,21,22,23,24,25,26,27,28,29,30,31,32	domain	gap	30
chr17	38320000	3,4,5,6,7,8,9,10,11,12,13,14,15,16,17,18,19,20,21,22,23,24,25,26,27,28,29,30,31,32	gap	domain	30
chr17	38680000	3,4,5,6,8	domain	boundary,domain	5
chr17	38760000	5,7,8,9,10	boundary,domain	boundary,domain	5
chr17	38880000	5,6,7,8,9,11,13	boundary,domain	boundary,domain	7
chr17	38960000	3,4,7,9,15	boundary,domain	domain	5
chr17	39240000	3,4,5,6,7,8,9,12,17,18,19,20,21,22	domain	domain	14
chr17	39480000	4,5,6,7,8,9,10,11,12,13,14,15,16,17,18,19,20,21,22,23,24,25,26,27,28,29,31	domain	boundary,domain	27
chr17	40000000	3,4,5,6,7,8,9,10,11,12,13,14,15,16,17,18,19,20,21,22,23,24,25,26	boundary,domain	boundary,domain	24
chr17	40240000	3,4,5,6,10,11,12,13,14,15,16,17,18,19	boundary,domain	boundary,domain	14
chr17	40360000	7,8,9,11,12,14	boundary,domain	boundary,domain	6
chr17	40600000	3,4,5,6,7,8,9,10,11	boundary,domain	domain	9
chr17	40840000	4,5	domain	domain	2
chr17	41080000	3,4,5,6,7,8,9,10,11,12,13,14,15,16,17,18,19,20,21,22,23,24,25,26,27,28,29,30,31,32	domain	gap	30
chr17	41280000	3,4,5,6,7,8,9,10,11,12,13,14,15,16,17,18,19,20,21,22,23,24,25,26,27,28,29,30,31,32	gap	domain	30
chr17	41480000	3	domain	domain	1
chr17	41680000	3,4,5,6,7,8,9	domain	domain	7
chr17	41920000	4,5	domain	domain	2
chr17	42160000	3,5,6,10,11	domain	domain	5
chr17	42280000	18	domain	domain	1
chr17	42560000	3,4,5,6,7,8,9,10,11,12,13,14,15,16,17	domain	domain	15
chr17	42840000	3	domain	domain	1
chr17	43000000	3,4,5	domain	domain	3
chr17	43240000	3,4,5,6,7,8,9,10,11,12,13,14,15,16,17,18,19,20,21,22,23,24,25,26,27,28,29,30,31,32	domain	gap	30
chr17	43320000	3,4,5,6,7,8,9,10,11,12,13,14,15,16,17,18,19,20,21,22,23,24,25,26,27,28,29,30,31,32	gap	domain	30
chr17	43760000	6	domain	boundary	1
chr17	43880000	3,4,5,6,7,8,9,10	boundary,domain	boundary,domain	8
chr17	44040000	7,10,11,12,13,14,15,16,17	boundary,domain	boundary,domain	9
chr17	44200000	3,4,5,6,7,8,9,10,13,14,15,16,17	boundary,domain	domain	13
chr17	44520000	3	domain	domain	1
chr17	44720000	3,4	domain	domain	2
chr17	44880000	3,5,8,9	domain	domain	4
chr17	45120000	3,4,5,6,7	domain	domain	5
chr17	45440000	3,4,5,6,7,8,9,10,11,12,13,14,15,16,17,18,19,20,21,22,23,24,25,26,27,28,29,30,31,32	domain	gap	30
chr17	45640000	3,4,5,6,7,8,9,10,11,12,13,14,15,16,17,18,19,20,21,22,23,24,25,26,27,28,29,30,31,32	gap	domain	30
chr17	45960000	3,4,5,6	domain	domain	4
chr17	46280000	3,4,5,6,7,8,9,10,11,12,13,14,15,16,17,18,19,20,21,22,23,24,25,26,27,28,29,30,31,32	domain	gap	30
chr17	46720000	3,4,5,6,7,8,9,10,11,12,13,14,15,16,17,18,19,20,21,22,23,24,25,26,27,28,29,30,31,32	gap	domain	30
chr17	47000000	3,4,5,6,7,8,9,10,11,12,13,14,15,16,17,18,19,20,21,22,23,24,25,26,27,28,29,30,31,32	domain	gap	30
chr17	47080000	3,4,5,6,7,8,9,10,11,12,13,14,15,16,17,18,19,20,21,22,23,24,25,26,27,28,29,30,31,32	gap	domain	30
chr17	47440000	3,4,5,6,7,8,9,10,11,12,13,14,15,16,17,18,19,20,21,22,23,24,25,26,27,28,29,30,31,32	domain	gap	30
chr17	47600000	3,4,5,6,7,8,9,10,11,12,13,14,15,16,17,18,19,20,21,22,23,24,25,26,27,28,29,30,31,32	gap	domain	30
chr17	47840000	4	domain	domain	1
chr17	47960000	3,4,6,7	domain	boundary	4
chr17	48120000	3,4,5,6,7,9	boundary,domain	domain	6
chr17	48640000	3,4,5,6,7,8,9,10,11,12	domain	domain	10
chr17	48960000	5,6	domain	domain	2
chr17	49080000	8,9,10	domain	domain	3
chr17	49280000	4,13,14,15,16,17,18,19,20,21,22,23,24	boundary,domain	domain	13
chr17	49400000	25,26,28,30,31	domain	boundary,domain	5
chr17	49560000	3,4,5,6,7,31,32	boundary,domain	domain	7
chr17	49720000	3	domain	domain	1
chr17	50120000	3,4,5,6,7,8,9,10,11,12,13,14,15,16,17,18,19,20,21,22,23,24,25,26,27	domain	boundary	25
chr17	50360000	3,4,5,6,7,8,9,10,11,12,13,14,15,16,17,18,19,20,23	boundary,domain	boundary,domain	19
chr17	50480000	3,4,5,8,9,11,12,13,14,15,16,17,18,19,20,21,22,23,24,25,26,27,28,29,30,31,32	boundary,domain	boundary,domain	27
chr17	50760000	3,4,5,6,7,8,9,10,11,12,13,14,15,16,17,18,19,20,21,22,23,24,25,26,27,28,29,30,31,32	boundary,domain	boundary,domain	30
chr17	51000000	3,4,5,15,16,17,18,19,21,22,23,24,25,27,28,29,30,31,32	boundary,domain	boundary,domain	19
chr17	51160000	3	domain	domain	1
chr17	51280000	4,5,6,7,8,9,10,11,12,13,14,15,16,17,18,19,20,21,22,23,24,25,26,27,28,29,30,31,32	boundary,domain	domain	29
chr17	51360000	3	domain	domain	1
chr17	51560000	3,4	domain	domain	2
chr17	51760000	3,4,5,6	domain	domain	4
chr17	52120000	3,4,5,6,7	domain	domain	5
chr17	52720000	3	domain	domain	1
chr17	52960000	3,4,5,6	domain	domain	4
chr17	53520000	4,5	domain	domain	2
chr17	53600000	3,4	domain	domain	2
chr17	54440000	3,4,5	domain	domain	3
chr17	54920000	5,6,7,8,9,10,11,12,13,14,15,16,17,18,19,20,21,22,23,24,25,26,27,28,29,30,31,32	domain	domain	28
chr17	55360000	8,9,31	domain	domain	3
chr17	55520000	3,4,5,6,7,8,9,10,11,12,13,14,31	boundary,domain	domain	13
chr17	55840000	3,4,5,6,7,8,9,10,11,12	domain	domain	10
chr17	56320000	4	domain	domain	1
chr17	56800000	3,4,5,6,7,8,9,10,11,12,13,14,15,16,17,18,19,20,21,22,23,24,25,26,27,28,29,30,31,32	domain	boundary,domain	30
chr17	56960000	3,4,6,7,8,9,10,12,13,14,15,16,17,18,19,20,21,22,23,24,25,26,27,28,29	boundary,domain	boundary,domain	25
chr17	57080000	3,4,5,6,7,9,10,11,12,13,14,15,16,22	boundary,domain	domain	14
chr17	57840000	3,4,5,6,7,8,9,10,11,12,13,14,15,16,17,18	domain	domain	16
chr17	58160000	3,4,5,6,7,8,9,10,11,12,13,14,15,16,17,18,19,20,21,22,23,24,25,27,28,29,30,32	domain	boundary,domain	28
chr17	58280000	26,27	boundary,domain	boundary,domain	2
chr17	58480000	3,4,5,6,7,8,9,10,11,12,13,14,15,16,17,18,19,20,21,22,23,24,25,26	boundary,domain	domain	24
chr17	58720000	3,4	domain	domain	2
chr17	59160000	6,7,8	domain	domain	3
chr17	59560000	3,4,5,6,7,8,9,10,11,12,13,14,15,16,17,18,19,20,21,22,23,24,25,26,27,28,29,30,31,32	domain	gap	30
chr17	59600000	3,4,5,6,7,8,9,10,11,12,13,14,15,16,17,18,19,20,21,22,23,24,25,26,27,28,29,30,31,32	gap	domain	30
chr17	59960000	3,4,5,6,7,8,9,10,11,12,13,14,15,16,17,18,19,20,21,22,23,24,25,26,27,28,29,30,31,32	domain	gap	30
chr17	60040000	3,4,5,6,7,8,9,10,11,12,13,14,15,16,17,18,19,20,21,22,23,24,25,26,27,28,29,30,31,32	gap	domain	30
chr17	60200000	3,4,5,6,7,8,9,10,11,12,13,14,15,16,17,18,19,20,21,22,23,24,25,26,27,28,29,30,31,32	domain	gap	30
chr17	60240000	3,4,5,6,7,8,9,10,11,12,13,14,15,16,17,18,19,20,21,22,23,24,25,26,27,28,29,30,31,32	gap	domain	30
chr17	60480000	3,4	domain	domain	2
chr17	60680000	4,5,6,7,8,9,10	domain	domain	7
chr17	61400000	3,4,5,6,7,8,9,10	domain	domain	8
chr17	61600000	3,4,5,6	domain	domain	4
chr17	61840000	3,4,5,6	domain	domain	4
chr17	62080000	3	domain	domain	1
chr17	62240000	3,4,5,6,7,8,9,10,11,12,13,14,15,16,17,18,19,20,21,22,23,24,25,26,27,28,29,30,31,32	domain	gap	30
chr17	62280000	3,4,5,6,7,8,9,10,11,12,13,14,15,16,17,18,19,20,21,22,23,24,25,26,27,28,29,30,31,32	gap	domain	30
chr17	62480000	3,4,5,6,7,8,9,10,11,12,13,14,15,16,17,18,19,20,21,22,23,24,25,26,27,28,29,30,31,32	domain	gap	30
chr17	62560000	3,4,5,6,7,8,9,10,11,12,13,14,15,16,17,18,19,20,21,22,23,24,25,26,27,28,29,30,31,32	gap	domain	30
chr17	63040000	6,7,8	domain	domain	3
chr17	63400000	3,4,5,6,7,8,9,10	domain	domain	8
chr17	63640000	3,4,5	domain	domain	3
chr17	63880000	3,4,5,6,7,8,9,10,11,12,13,14,15,16,17,18,19,20,21,22,23,24,25,26,27,28,29,30,31,32	domain	gap	30
chr17	63920000	3,4,5,6,7,8,9,10,11,12,13,14,15,16,17,18,19,20,21,22,23,24,25,26,27,28,29,30,31,32	gap	domain	30
chr17	64160000	3	domain	domain	1
chr17	64280000	3,4,7,8	domain	domain	4
chr17	64480000	3,4	domain	domain	2
chr17	64800000	3,4,5,6,7,8,9,10,11,12,13,14,15,16,17,18,19,20,21,22,23,24,25,26,27,28,29,30,31,32	domain	gap	30
chr17	64920000	3,4,5,6,7,8,9,10,11,12,13,14,15,16,17,18,19,20,21,22,23,24,25,26,27,28,29,30,31,32	gap	domain	30
chr17	65240000	3,4,5,6	domain	domain	4
chr17	65560000	3,4,5	domain	domain	3
chr17	65800000	4	domain	domain	1
chr17	66200000	3,4,5,6,7,8,9,10,11,12,13,14	domain	domain	12
chr17	66680000	3,4,5,6,7,8,9,10,11,12,13,14,15	domain	domain	13
chr17	66920000	4	domain	domain	1
chr17	67360000	3,4,5,6,7,8,9,10,11,12,13,14,15,28,29,30	domain	domain	16
chr17	67760000	3,4,5,6,7,8,9,11,12,15,18,21,22,26,28,29,30,31	domain	boundary	18
chr17	68000000	4,8,9,10,11,12,13,14,15,16,17,18,19,20,21,22,23,24,25,26,27,28,29,30,31,32	boundary,domain	boundary,domain	26
chr17	68120000	5,6,7,8	boundary,domain	domain	4
chr17	68520000	3,4,5,6,7,8,9,10,11,12,13,14	domain	domain	12
chr17	69320000	4,5,6,7,8,9,10,11,12,13,14,15,16,17,18,19,20,21,22,26,27,28,29,30,31	domain	domain	25
chr17	69560000	3,4,5,6,7,8,9,10,11,12,13,14	domain	domain	12
chr17	70160000	3	domain	domain	1
chr17	70640000	3,5,6,7,8,9,10,11,12,13,14,15	domain	domain	12
chr17	71040000	4,5	domain	domain	2
chr17	71480000	4	domain	domain	1
chr17	71720000	3	domain	domain	1
chr17	72080000	3,4,5,6,7,8,9,10,11	domain	domain	9
chr17	72560000	3,4,5,6,7,8,9,10,11,12,13,14,15,16,17,18,19,20,21,22,23,24,25,26,27,28,29,30,31,32	domain	boundary,domain	30
chr17	72720000	3,4,5,6	boundary,domain	domain	4
chr17	72960000	4	domain	domain	1
chr17	73200000	3,4,5,6,7,8,9,10,11,12,13,14,15	domain	boundary,domain	13
chr17	73400000	3,4,5,6,7,8,9,10,11,12,13,14,15,16,17,18,19,20	boundary,domain	domain	18
chr17	74080000	3,13	domain	boundary	2
chr17	74200000	3,4,5,6,7,8,9,10,11,12,13,14,15,16,17,18,19,20,21,22,23,24,25,27,28,29,31,32	boundary,domain	boundary,domain	28
chr17	74280000	20,21,22,25,26,29,30,31,32	boundary,domain	boundary,domain	9
chr17	74360000	3,23,24,32	boundary,domain	boundary,domain	4
chr17	74640000	3,4,5,6,8,9,10,11,12,13,14,15,16,17,18,19,20,21,22	boundary,domain	boundary,domain	19
chr17	74800000	3	domain	domain	1
chr17	74880000	3,4,5,6,7,8,9,10,11,12,13,14,15,16,17,18,19,20,21,22,23,24,25,26,27,28,29,30,31,32	boundary,domain	boundary,domain	30
chr17	75240000	3,4,5,6,7,8,9,10,11,12,13,14,15,16,17,18,19,20,21,22,23,24,25,27,28,29,30	boundary,domain	boundary,domain	27
chr17	75440000	17,18,19,22,23,24,25,27,31	boundary	boundary	9
chr17	75600000	8,18,21,26,27,28,31,32	boundary,domain	boundary,domain	8
chr17	75760000	3,4,5,6,7,8,9,10,11,12,13,14,15,16,17,18,19,20,21,22,23,24,25,26,27,28,29,30,31,32	boundary,domain	boundary,domain	30
chr17	76080000	3,4	domain	domain	2
chr17	76320000	3,4,5	domain	domain	3
chr17	76440000	3,4,5,6	domain	domain	4
chr17	76520000	9,10,12,13,15,16,17,18,19,20,21,22,23,24,25,26,27,28,29,30,32	boundary,domain	boundary,domain	21
chr17	76720000	3,4,5,6,7,8,9,10,11,12,13,14,15,16,17,18,19,20,21,22,23,24,25,26,27,28,29,30,31,32	boundary,domain	boundary,domain	30
chr17	77080000	3,4,5	domain	domain	3
chr17	77280000	3,4,5,6,7,8,9,10,11,12,31,32	boundary,domain	domain	12
chr17	77520000	3,4,5,6,7,8,9,10,11,12,13	domain	domain	11
chr17	77760000	3	domain	domain	1
chr17	78080000	4,5,6,7,8,11,12,13,16,20,21,25	domain	boundary	12
chr17	78280000	3,4,5,6,7,8,9,10,11,12,13,14,15,16,17,18,19,20,21,22,23,24,25,26,27,28,29,30,31,32	boundary,domain	boundary,domain	30
chr17	78440000	3,4,5,6,7,9,10,11,24,26,27,28,29,30,31	boundary,domain	domain	15
chr17	78880000	5,6,8,9,12,21,22,24,26	domain	boundary,domain	9
chr17	79000000	3,4,5,6,7,8,9,10,11,12,13,14,15,16,17,18,19,20,21,22,23,24,25,26,27,28,29,30,31,32	boundary,domain	domain	30
chr17	79200000	3	domain	domain	1
chr17	79760000	3,4,5,6,7,8,9,10,11,12,13,14,15,16,17,18,19,20,21,22,23,24,25,26,27,28,29,30,31,32	domain	boundary,domain	30
chr17	79920000	10,13	boundary	boundary	2
chr17	80000000	3,4,5,6,7,8,9,10,11,12,13,14,15,16,17,18,19,20,21,22,23,24,25,26,27,28,29,30,31,32	boundary,domain	boundary,domain	30
chr17	80080000	6	boundary	domain	1
chr17	80320000	4,5,6,7,8,9,10,11,12,13,15	boundary,domain	boundary,domain	11
chr17	81000000	3,4,5,6,7,8,9,10,11,12,13,14,15,16,17	domain	boundary,domain	15
chr17	81120000	3,9,10,11,12,13	boundary,domain	domain	6
chr17	81240000	3,4,5	domain	domain	3
chr17	81520000	3,4	domain	domain	2
chr17	81720000	3,4,5,6,7,8,9,10,11,12,13,14,15,16,17,18,19,20,21,22,23,24,25,26,27,28,29,30,31,32	domain	gap	30
chr17	81800000	3,4,5,6,7,8,9,10,11,12,13,14,15,16,17,18,19,20,21,22,23,24,25,26,27,28,29,30,31,32	gap	domain	30
chr17	82080000	3,4,5,6,7,8,9,10,11,12,13,14,15,16,17,18,19,20,21,22,23,24,25,26,27,28,29,30,31,32	domain	gap	30
chr17	82120000	3,4,5,6,7,8,9,10,11,12,13,14,15,16,17,18,19,20,21,22,23,24,25,26,27,28,29,30,31,32	gap	domain	30
chr17	82640000	3,4,5,6,7,9,10,11	domain	boundary,domain	8
chr17	82760000	5,6,7,8,9	boundary,domain	domain	5
chr17	82960000	3	domain	domain	1
chr17	83200000	3,4,5,6,7,8,9,10,11,12,13,14,15,16,17,18,19,20,21,22,23,24,25,26,27,28,29,30,31,32	domain	gap	30
chr17	83257441	3,4,5,6,7,8,9,10,11,12,13,14,15,16,17,18,19,20,21,22,23,24,25,26,27,28,29,30,31,32	gap	gap	30
chr18	40000	3,4,5,6,7,8,9,10,11,12,13,14,15,16,17,18,19,20,21,22,23,24,25,26,27,28,29,30,31,32	gap	gap	30
chr18	120000	3,4,5,6,7,8,9,10,11,12,13,14,15,16,17,18,19,20,21,22,23,24,25,26,27,28,29,30,31,32	gap	domain	30
chr18	280000	3	domain	domain	1
chr18	480000	3	domain	domain	1
chr18	640000	3,4,5,6,7,8,9,10,11,12	domain	boundary,domain	10
chr18	840000	3,4,5,6,7,8,9,10,11,12,13,14,15,16,17	boundary,domain	domain	15
chr18	1560000	4,5,6,7,8,9,10,11,12,13,14,15,16,17,18,19,20,21,22,23	domain	domain	20
chr18	2080000	3,4,5,6,7	domain	domain	5
chr18	2640000	3,4,5,6,7,8,9,10,11,12,13,14,15,16,17,18,19,20,21,22,23,24,25,26,27,28,29,30,31,32	boundary,domain	boundary,domain	30
chr18	2880000	4,5,6,7,16,31,32	boundary,domain	boundary,domain	7
chr18	3240000	3,4,5,6,7,8,9,10,11,12,13,14,15,16,17,18,19,20,21,22,23,24,25,26,27,28,29,30,31,32	boundary,domain	domain	30
chr18	3600000	7	domain	boundary	1
chr18	3720000	4,5,6,7,8,9,10,11,18,19,20,22,23,24,25,26,27,28,29,30,31,32	domain	boundary,domain	22
chr18	3920000	18,20,21,25	boundary,domain	boundary	4
chr18	4040000	3,4,5,6,7,8,9,10,11,12,13,14,15,16,17,18,19,20,21,22,23,24,25,28,29,30,31	boundary,domain	domain	27
chr18	4520000	4,5,6,7,8,9,10,11,12,29,30,31,32	domain	boundary,domain	13
chr18	4920000	16	domain	boundary	1
chr18	5000000	3,4,5,6,7,8,9,10,11,12,13,14,15,16,17,18,19,20,21,22,23,24,25,26,27,28,29,30,31,32	boundary,domain	boundary,domain	30
chr18	5320000	3	domain	domain	1
chr18	5440000	5,6	domain	domain	2
chr18	5840000	3,4,5,6,7,8,9,10,11,12,13,14,15,16,17,18,19,20,21,22,23,24,25,26,27,28,29,30,31,32	domain	domain	30
chr18	6240000	5	domain	domain	1
chr18	6520000	3,4,5,6,7,8,9,10,11,12,13,14,15	domain	domain	13
chr18	6920000	3,6	domain	boundary	2
chr18	7040000	3,5,6,7,8,9,10,11,12,13,14,15,16,17,18,19,20,25,28	boundary,domain	boundary,domain	19
chr18	7200000	3,4,5,6,7,8,9,10,11,12,13,14,15,16,17,18,19,20,21,22,23,24,25,26,27,28,29,30,31,32	boundary,domain	domain	30
chr18	7560000	3,4,5,6,7,8	domain	domain	6
chr18	7800000	3	domain	domain	1
chr18	8600000	3,4,5,6,7,8,9,10,11,12,13,14,15,16,17,18,19,20,21,22,23,24,25,26,27,28,29,30,31,32	boundary,domain	boundary,domain	30
chr18	9040000	3,4,5,6,7,8,9,10,11,12,13,14,15,16,17,18,19,20,21,22,23,24,25,26,27,28,29,30,31,32	boundary,domain	domain	30
chr18	9360000	3,4,5,16,24,25	domain	domain	6
chr18	9560000	3,4,6,7,8,15,18,19,20,21,22	domain	boundary,domain	11
chr18	9800000	8,9,10,11,12,13,14,15,16,17,18,19	boundary,domain	boundary,domain	12
chr18	9960000	3,4,5,6,7,8,9,10,11,12,13,14,15	boundary,domain	domain	13
chr18	10600000	3,4,5,6,7,8,9,10,11,12,13,14,15,16,17,18,19,20,21,22,23,24,25,26,27,28,29,30,31,32	domain	gap	30
chr18	10640000	3,4,5,6,7,8,9,10,11,12,13,14,15,16,17,18,19,20,21,22,23,24,25,26,27,28,29,30,31,32	gap	domain	30
chr18	10840000	4	domain	domain	1
chr18	11160000	3,4,5	domain	domain	3
chr18	11280000	5,6	domain	domain	2
chr18	11600000	3,4,5,6,7,8,9,10,11,12,13,14,15,16,17,18,19,20,21,22,23,24,25,26,27,28,29,30,31,32	domain	gap	30
chr18	11640000	3,4,5,6,7,8,9,10,11,12,13,14,15,16,17,18,19,20,21,22,23,24,25,26,27,28,29,30,31,32	gap	domain	30
chr18	11880000	3,4	domain	domain	2
chr18	12120000	3,4,5,6,7,8,9,10,11,12,13,14,15,16,17,18,19,20,21,22,23,24,25,26,27,28,29,30,31,32	domain	gap	30
chr18	12240000	3,4,5,6,7,8,9,10,11,12,13,14,15,16,17,18,19,20,21,22,23,24,25,26,27,28,29,30,31,32	gap	domain	30
chr18	12680000	3,4,5,6,7,8	domain	domain	6
chr18	12960000	3,4,5,6,7,8,9,10,11,12,13,14,15,16,17	domain	boundary,domain	15
chr18	13160000	3,4,5,7,8,9,10,19,20,21	boundary,domain	domain	10
chr18	13800000	3,4,5,6,7	domain	domain	5
chr18	14120000	3,4,5,6,7,8,9,10,11,12,13,14,15,16,17,18,19,20,21,22,23,24,25,26,27,28,29,30,31,32	domain	gap	30
chr18	20960000	3,4,5,6,7,8,9,10,11,12,13,14,15,16,17,18,19,20,21,22,23,24,25,26,27,28,29,30,31,32	gap	domain	30
chr18	21200000	3,4,5	domain	domain	3
chr18	21480000	3,4,5,6,7,8,9,10	domain	boundary,domain	8
chr18	21600000	9,12,13,14	domain	boundary	4
chr18	21880000	3,4,5,6,7,8,9,10,11,12,13,14,15,16,17,18,19,20,21	boundary,domain	domain	19
chr18	22160000	3	domain	domain	1
chr18	22560000	4	domain	domain	1
chr18	22760000	3,4,5,6,7,8,9,10,11,12,13,14,15,16,17,18,19,20,21,22,23,24,25,26,27,28,29,30,31,32	domain	boundary,domain	30
chr18	22920000	18	boundary	domain	1
chr18	23000000	3,4,5,6,7,20,21,23,24,25,26,27,28,29,30,31,32	boundary,domain	boundary,domain	17
chr18	23440000	3,4,5,6,7,8,9,10,11,12,13,14,15,16,17,18,19,20,21,22,23,24,25,26,27,28,29,30,31,32	boundary,domain	boundary,domain	30
chr18	23600000	3,4	domain	domain	2
chr18	23720000	19,20,21,22,23,32	boundary	boundary,domain	6
chr18	23800000	3,4,5,6,7,17,18	boundary,domain	domain	7
chr18	23920000	3,23,24,25,26,27,28,31	boundary	boundary	8
chr18	24160000	3,5,6,7,8,15,18,19,21,22,29,30,31	boundary,domain	boundary,domain	13
chr18	24320000	3,4,6,7,8,9,10,12,13,14,15,16,18,19,20,21,22,23,24,25,26,27,28,29,30,31,32	boundary,domain	boundary,domain	27
chr18	24480000	3,4,5,6,7,8,9,10,11,12,13,14,15,16,17,18,19,20,21,22,23,26,27,28,32	boundary,domain	boundary,domain	25
chr18	24760000	3,6,7,10,11,12,13,14,15,16,17,19,20,21,22,23,24	boundary,domain	domain	17
chr18	25360000	3	domain	domain	1
chr18	25960000	3,4,5,6,7,8,9,10,11,12,14,15,16,17,18,19,20	domain	boundary,domain	17
chr18	26080000	14,20,22	boundary,domain	boundary	3
chr18	26240000	3,4,5,6,7,8,9,10,11,12,13,14,15,16,17,18,19,20,21,22,23,24,25,26,27,28,29,30,31,32	boundary,domain	domain	30
chr18	26640000	3,4	domain	domain	2
chr18	26800000	3,9,10,13,14,19,20,21,22,23,24	domain	boundary,domain	11
chr18	27000000	4,5,6,7,8,9,10,11,12,13,14,15,16,17,18,19,20,21,22	boundary,domain	domain	19
chr18	27320000	3	domain	domain	1
chr18	27400000	25,27	domain	domain	2
chr18	27600000	3,4,5,6,7,8,9,10,11,12,13,14,15,16,17,18,19,20,21,22,23,24,25,26,27,29,30,31,32	domain	domain	29
chr18	28240000	3,4,5,6,7,8,9,10,11,12,13,14,17	domain	boundary,domain	13
chr18	28400000	4,15,16	domain	boundary,domain	3
chr18	28560000	3,4,5,6,7,8,9,13,14,15,16,17,18,19,20,21,22,25	boundary,domain	domain	18
chr18	28800000	6,7,9,10,11,18,23,24	domain	domain	8
chr18	28920000	3,4,10,11,12,13,14	boundary,domain	domain	7
chr18	29120000	3,4,5,6,7,8,9,10,14	domain	boundary	9
chr18	29240000	4,5,12,13,14,15,16,17,23,27	boundary,domain	boundary,domain	10
chr18	29360000	5,6,9,10,14,19	boundary,domain	boundary	6
chr18	29480000	3,4,5,6,7,8,9,10,11,12,13,14,15,16,17,18,19,20,21,22,23,24,25,26,32	boundary,domain	boundary,domain	25
chr18	29600000	4,10,13,14,19,28,29,30	boundary,domain	boundary,domain	8
chr18	29720000	3,5,7,8,9,10,15,16,17,19,22,23,25,26,27,31,32	boundary,domain	boundary,domain	17
chr18	29800000	4,5,6,7,8,9,10,11,13,14,15,16,17,18,19,20,21,22,24,27,29,31,32	boundary,domain	boundary,domain	23
chr18	30080000	4	domain	domain	1
chr18	30160000	9,17	domain	boundary	2
chr18	30320000	3,4,5,6,7,8,9,10,11,12,13,14,15,17,21,22,23,24,25,26,27,28,29,30,31	boundary,domain	boundary,domain	25
chr18	30720000	3,4	domain	domain	2
chr18	30960000	3,4,5,6,7,8,9,10,11,12,13,14,15,16,17,18,19,20,21,22,23,24,25,26,27,28,29,30,31,32	boundary,domain	domain	30
chr18	31560000	3,4,5,6,7,8,9,10,11,12,13,14	domain	domain	12
chr18	31840000	3	domain	domain	1
chr18	32000000	3	domain	domain	1
chr18	32120000	4,5,6,7,8,9,10,11,12,13,14,15,16,17,18,19,20,21,22,23,24,25,26,27,28,29,30,31,32	domain	boundary,domain	29
chr18	32600000	4,5,6,7,8,9,10,11,12,13,14,15,16,17,18,19,20,21,22,23,24,25,26,27,28,29,30,31,32	boundary,domain	domain	29
chr18	32960000	3	domain	domain	1
chr18	33200000	3,4,5,6,7,8,9,10,11,12,13,14,15,16,17,18,19,20,21,22,23,24,25,26,27,28,29,30,31,32	domain	domain	30
chr18	33560000	4	domain	domain	1
chr18	33720000	3,5,6,7,8,9,10,11,12,13,14,15	domain	domain	12
chr18	34080000	4,5,6,7	domain	domain	4
chr18	34360000	3,4,5,6	domain	domain	4
chr18	34520000	3,4,21	domain	boundary,domain	3
chr18	34600000	12,16,20,23,31	domain	boundary,domain	5
chr18	34840000	3,4,5,6,7,8,9,10,11,12,13,14,15,16,17,18,19,20,21,22,23,24,25,26,27,28,29,30,31,32	boundary,domain	boundary,domain	30
chr18	35000000	3,8,9,14,19,20,21,27,28,29,30,31	boundary,domain	boundary,domain	12
chr18	35200000	3,4,5,9,11,12,13,14,15,16,17,18,19,20,21,22,23,24,25,26,27,28,29,30,31,32	boundary,domain	boundary,domain	26
chr18	35360000	3,4,5,6,7,8,9,10,11,12,13,14,15,16,17,18,19,21,23,25,26,28,30	boundary,domain	boundary,domain	23
chr18	35640000	26,27,28,30,31,32	boundary,domain	domain	6
chr18	35720000	3,4,5	domain	domain	3
chr18	35960000	3,4,5,6,7,8,9,10,11,12,13,14,15,16,17,18,19,20,21,22,23,24	domain	domain	22
chr18	36280000	3,4	domain	domain	2
chr18	36600000	3	domain	domain	1
chr18	36840000	3,4,5,6,7,8,9,10,11,12,13,14,15,16,17,18,19,20,21,22,23,24,25,26,27,28,29,30,31,32	domain	boundary,domain	30
chr18	37160000	29,32	boundary	boundary	2
chr18	37320000	3,4,5,7,8,9,10,11,12,13,14,17,18,19,20,21,22,23,24,25,26,27,28,30,31,32	boundary,domain	boundary,domain	26
chr18	37560000	3,4,5,6,10,11,12,13,14,15,16,17,18,19,20,21,22,23,24,25,26,27,28,29,30,31,32	boundary,domain	domain	27
chr18	37720000	5,6,7,8,9	domain	domain	5
chr18	37840000	3,4	domain	domain	2
chr18	38120000	3,4	domain	domain	2
chr18	38360000	6	domain	domain	1
chr18	38480000	7,8,9,10,11,12,13,14,15,16	domain	domain	10
chr18	39080000	3	domain	domain	1
chr18	39600000	4,5,6	domain	domain	3
chr18	40160000	3,4,5	domain	domain	3
chr18	40320000	3,4,5,6,7,8,9,10,11,12,13,14,15,16,17,18,19,20,21,22,23,24,25,26	domain	domain	24
chr18	40800000	3,4,5	domain	domain	3
chr18	41760000	3,4,5,12,13	domain	boundary	5
chr18	42000000	3,4,5,6,7,8,9,10,11,12,13,14,15,16,17,18,19,20,21,22,23,24,25,26,27,28,29,30,31,32	boundary,domain	domain	30
chr18	43280000	4	domain	domain	1
chr18	43600000	3,4,5,6,7,8,9,10,11,12,13,14,15,16,17,18,19,20,21,22,23,24,25,26,27,28,29,30,31,32	domain	domain	30
chr18	43960000	3	domain	domain	1
chr18	44680000	3,4,5,6,7,8,9	domain	domain	7
chr18	45240000	5,6,7,8	domain	domain	4
chr18	45640000	3,4,5,6,7,8,9,10,11,12,13,14,15,16,17,18,19,20,21,22,23,24,25,26,27,28,29,30,32	domain	boundary,domain	29
chr18	45920000	3,4,5,17	domain	boundary,domain	4
chr18	46120000	3,4,5,6,7,8,9,10,11,12,13,14,15,16,17,18,19,20	boundary,domain	domain	18
chr18	46480000	3	domain	domain	1
chr18	46680000	4,5,6	domain	domain	3
chr18	46960000	3,4,5,6,7,8,9,10,11,12,13,14,15,16,17,18,19,20,21,22,23,24,25,26,27,28,29,30,31,32	domain,gap	gap	30
chr18	47040000	3,4,5,6,7,8,9,10,11,12,13,14,15,16,17,18,19,20,21,22,23,24,25,26,27,28,29,30,31,32	gap	domain	30
chr18	47240000	3,4	domain	domain	2
chr18	47760000	3,4,5,6,7,8,9,10,11,12,13,14,15	domain	boundary,domain	13
chr18	47920000	12	domain	domain	1
chr18	48000000	3,4,5,6,7,8,9,11,13,14,16,17,18,19	boundary,domain	domain	14
chr18	48240000	4	domain	domain	1
chr18	48480000	3,4,5,6,7,8,9,10,11,12,13,14,15,16,17,18,19,20,21,22,23,24,25,26,27,28,29,30,31,32	domain	boundary,domain	30
chr18	48680000	3,4,5,6,7,8,9,11	boundary,domain	domain	8
chr18	48920000	3	domain	domain	1
chr18	49480000	3,4,5,6,7,8,9,10,11,12,13,14,15,16,17,18,19,20,21,22,23,24,25,26,27,28,29,30,31,32	domain	boundary,domain	30
chr18	49760000	3	domain	domain	1
chr18	49880000	3,4,5,6,7,8,9,23,24,26,29,30	boundary,domain	boundary,domain	12
chr18	50240000	3,4,5,6,7,8,15	domain	boundary,domain	7
chr18	50440000	3,4,5,6,7,8,9,10,11,12,13,14,15,16,17,18,19,20,21,22,23,24,25,26,27,28,29,30,31,32	boundary,domain	boundary,domain	30
chr18	50800000	4,5,6,7,8,14,16,17,18,19,20,21,22,23,24,25,26,27,28,29,30,31	boundary,domain	boundary,domain	22
chr18	51080000	3,4,5,6,7,8,9,10,11,12,13,14,15,16,17,18,19,20,21,22,23,24,25,26,27,28,29,30,31,32	boundary,domain	boundary,domain	30
chr18	51400000	13,14,15,16,17,18,20	boundary	domain	7
chr18	51560000	10,13,18	boundary,domain	boundary,domain	3
chr18	51680000	4,5,6,7,8,9,10,11,12,13,14,15,20	domain	domain	13
chr18	51960000	3	domain	domain	1
chr18	52360000	5,6,7,8,9,10,11,12,13,14,15	domain	domain	11
chr18	52800000	3,4,5,6,7,8,9,10	domain	domain	8
chr18	52920000	3,4	domain	domain	2
chr18	53240000	4	domain	domain	1
chr18	53520000	3,4,5,6,7,8,9,10,11,12,13,14,15,16,17,18,19,20,21,22,23,24,25,26,27,28,29,30,31,32	boundary,domain	boundary,domain	30
chr18	53640000	5,20,32	boundary	boundary,domain	3
chr18	54160000	3,4,5,6,7,8,9,10,11,12,13,14,15,16,17,18,19,20,21,22,23,24,25,26,27,28,29,30,31,32	boundary,domain	boundary,domain	30
chr18	54360000	3,5,6,7,8,9,10,14,15,20,21,22,23,24,25,26,27	boundary,domain	domain	17
chr18	54680000	3,4,5	domain	domain	3
chr18	55040000	3,4,5,6,7,8,9,10,11,12,13,14,15,16,17,18,19,20,21,22,23,24,25,26,27,28,29,30,31,32	domain	boundary,domain	30
chr18	55200000	3,4,5,6,12	boundary,domain	domain	5
chr18	55600000	3	domain	domain	1
chr18	55800000	4,5,6,7,8,9,10,11,12,13,14	domain	domain	11
chr18	56600000	3,4,5,6,7,8,9,10,11,12,13,14,15,16,17,18,19,20,21,22,23,24,25,26,27,28,29,30,31,32	domain	domain	30
chr18	57600000	3,4,5,6,7,8,9,10,11,12,13,14,15,16,17,18,19,20,21,22,23,24,25,26,27,28,29,30,31,32	boundary,domain	boundary,domain	30
chr18	57800000	13,25,26,27,28,29	boundary	domain	6
chr18	57880000	5,6	domain	domain	2
chr18	58040000	3,5,6,7,8,9	domain	domain	6
chr18	58120000	5	domain	domain	1
chr18	58400000	3,4,5,6,7,8,9,11,12,13,14,15,16,17,18	domain	boundary,domain	15
chr18	58520000	3,4,8,9,10,11,12,13,14,15,16,18,19,20,21,22,24,25	boundary,domain	boundary,domain	18
chr18	58760000	3,4,5,6,7,8,9,10,11,12,13,14,15,16,17,18,19,20,21,22,23,24,25,26,27,28,29,30,31,32	boundary,domain	boundary,domain	30
chr18	59080000	3,4,5,6,7	domain	domain	5
chr18	59160000	8,9,10,11,12,13,14,15,16,17,18,19,20,21,22,23,24,25,26,27,28,29,30,31,32	boundary,domain	boundary,domain	25
chr18	59400000	3,4,5,6,7,8,9,10,11,12,13,14,15,16,17,18,19,20,21,22,23,24,25,26,27,28,29,30,31,32	boundary,domain	boundary,domain	30
chr18	59720000	27	boundary	domain	1
chr18	59840000	3,4,5,6,7,8,9,12,13,14,15,16,17,20,21,22,23,24,25,28,30,31	boundary,domain	boundary,domain	22
chr18	59920000	9,10	boundary,domain	boundary	2
chr18	60000000	3,4,5,6,7,8,9,10,11,12,13,17,19,20,22	boundary,domain	domain	15
chr18	60400000	3,4	domain	domain	2
chr18	60640000	4,5,6,7,8,9,10,11,12,13,14,15,16,17,18,19,20,21,22,23,24,25,26,27,28,29,30,31,32	domain	domain	29
chr18	60840000	3,4	domain	domain	2
chr18	61520000	3,4,5,6,7,8,9,10,11,12,13,14,15,16,17,18,19,20,21,22,31,32	domain	domain	22
chr18	61920000	3,4,5	domain	domain	3
chr18	62160000	3,4,5,6,7,8,9,10,11,12,13,14,15,16,17,18,19,20,21,22,23,24,25,26,27,28,29,30,31,32	domain	boundary,domain	30
chr18	62280000	9	boundary	domain	1
chr18	62600000	3,4,5,6,7,8,9,23,24,25,26,27,28,29	domain	boundary,domain	14
chr18	63000000	3,4,5,6,7,8,9,10,11,12,14	domain	domain	11
chr18	63320000	3	domain	domain	1
chr18	63480000	3,4,5,6,7,8,9,10,11,12,13,14,15,16,17,18,19,20,21,22,23,24,25,26,27,28,29,30,31,32	domain	boundary,domain	30
chr18	64000000	3,4,5,6,7,8,9,10,11,12,13,14,15,16,17,18,19,20,21,22,23,24,25,26,27,28,29,30,31,32	boundary,domain	domain	30
chr18	64440000	4	domain	domain	1
chr18	64600000	4	domain	domain	1
chr18	65120000	6,7,8,9,10,11,12,13,15	domain	domain	9
chr18	65440000	5,6,21,22,24,25,26,27,30	domain	boundary,domain	9
chr18	65560000	18,19,20,21,22,23	boundary,domain	boundary,domain	6
chr18	65680000	3,4,5,6,7,8,9,10,11,12,13,14,15,16,17,18,21,25,26,27,28,29,30,31,32	boundary,domain	domain	25
chr18	66520000	4,5,6,7,8,9,10,11,12,13,14,15,16	domain	boundary,domain	13
chr18	66640000	16,17,18,23,24,29,31	domain	boundary	7
chr18	66760000	12,16	boundary,domain	boundary,domain	2
chr18	66880000	3,4,7,8,14,18,19	boundary,domain	boundary,domain	7
chr18	67040000	11,12,13,14,15,16,17,18,19,20,21,22,23,24,25,26,27,28,29,30,31,32	boundary,domain	boundary,domain	22
chr18	67200000	3,4,5,6,7,8,9,10,11,12,13,14,15,16,18,24,28,31	boundary,domain	domain	18
chr18	67520000	4,5,6,7,8	domain	domain	5
chr18	67760000	3	domain	domain	1
chr18	68160000	3,4	domain	domain	2
chr18	68640000	5,6,7,8	domain	boundary,domain	4
chr18	68720000	3,4,5,7,8,9,10,11,12,13,14,15,16,17,18,19,20,21,22,23,24,25,26,27,28,29,30,31,32	boundary,domain	domain	29
chr18	68840000	4	domain	domain	1
chr18	70160000	4,5,6,7,8,9,10,11,12,13,14,15,16,17,18,19,20,21,22,23,24,25,26,27,28,29,30,31,32	domain	boundary	29
chr18	70480000	3,4,5,6,7,8,9,10,11,12,13,14,15,16,17,18,19,20,21,22,23,24,25,26,27,28,29,30,31,32	boundary,domain	boundary,domain	30
chr18	70800000	3,4,5,6,7,8,9,10,14,15	domain	domain	10
chr18	71200000	3,4,5,6,7	domain	domain	5
chr18	71320000	11	domain	domain	1
chr18	71760000	4,5	domain	domain	2
chr18	72120000	3	domain	domain	1
chr18	72440000	3	domain	domain	1
chr18	72600000	3,6	domain	boundary	2
chr18	72680000	3,4,5,6,7,8,9,10,11,12,13,14,15,16,17,18,19,20,21,22,23,24,25,26,27,28,29,30,31,32	boundary,domain	domain	30
chr18	73760000	4	domain	domain	1
chr18	74040000	8	domain	boundary	1
chr18	74160000	3,4,5,6,7,8,9,10,11,12,13,14,15,16,17,18,19,20,21,22,23,24,25,26,27,28,29,30,31,32	domain	boundary,domain	30
chr18	74360000	3,17,23	boundary,domain	boundary,domain	3
chr18	74560000	3,4,5,6,7,8,9,10,11,12,13,14,15,16,17,18,19,20,21,22,23,24,25,26,27,28,29,30,31,32	boundary	domain	30
chr18	75520000	3,4,5,6,7,8,9,10,11,12,13,14,15,16,17,18,19	domain	domain	17
chr18	75800000	3	domain	domain	1
chr18	76360000	3,4,5,6,7,8,9,10,11,12,13,14,15,16,17,18,19,20,21,22,23,24,25,26,27,28,29,30,31,32	domain	boundary,domain	30
chr18	76760000	3,4,5,6,7,8,9,10,11,12,13,14,15,16,17,18,19,20,21,22,23,24,25,26,27,28,29,30,31,32	boundary,domain	boundary,domain	30
chr18	77000000	3,4	domain	domain	2
chr18	77200000	3,4,5,6,9,21,22,25	boundary,domain	domain	8
chr18	77480000	29,31,32	domain	boundary	3
chr18	77640000	3,5	domain	domain	2
chr18	77760000	5,6,7,8,9,10,11,12,13,14,15,16,17,18,19,20,21,22,23,24,25,26,27,28,29,30,31,32	boundary,domain	domain	28
chr18	78640000	3,6,7,8,9,13,14,15,16,17,18,19,20,21,22,31	domain	boundary,domain	16
chr18	78960000	3,4,5,6,7,8,9,10,11,12,13,14,15,16,17,18,19,20,21,22,23,24,25,26,29	boundary,domain	boundary,domain	25
chr18	79280000	4,5,6,7,8,9,10,11,12,13,14,15,16,17,18,19,20,21,22	boundary,domain	domain	19
chr18	79680000	3,4,5,6,7,8,9,10,11,12,13	domain	domain	11
chr18	80280000	3,4,5,6,7,8,9,10,11,12,13,14,15,16,17,18,19,20,21,22,23,24,25,26,27,28,29,30,31,32	domain	gap	30
chr19	80000	3,4,5,6,7,8,9,10,11,12,13,14,15,16,17,18,19,20,21,22,23,24,25,26,27,28,29,30,31,32	domain	gap	30
chr19	320000	3,4,5,6,7,8,9,10,11,12,13,14,15,16,17,18,19,20,21,22,23,24,25,26,27,28,29,30,31,32	gap	boundary,domain	30
chr19	520000	3,4	domain	domain	2
chr19	640000	5,7	domain	domain	2
chr19	1040000	3,4,5,6,7,8,9,10,13,14,15,16	domain	boundary	12
chr19	1240000	3,4,5,6,7,8,9,10,11,12,13,14,15,16,17,18,19,20,21,22	boundary,domain	boundary,domain	20
chr19	1440000	4,5,6,7,8,9,11,12,13,14,15,16,18,19,20,21,22,27	boundary	boundary,domain	18
chr19	1880000	3,4,5,6,7,8,9,10,11,12,13,14,15,16,17,18,19,20,21,22,23,24,25,26,27,28,29,30,31,32	boundary,domain	boundary,domain	30
chr19	2080000	14,15,16,18,19,20,22,23,24,25,26,27,28,29,30,31,32	boundary	domain	17
chr19	2440000	3,4,5,6,7,8,9,10,11,12,13,28	domain	domain	12
chr19	2640000	3,4,15,20	domain	boundary,domain	4
chr19	2800000	8	domain	boundary	1
chr19	2920000	3,4,5,6,7,8,9,10,11,12,13,14,15,16,17,18,19,20,21,22,23,24,25,26,27,28,29,30,31,32	boundary,domain	boundary,domain	30
chr19	3200000	3,4,5,6,7,8,9,10,11,12,13,14,15,17,18,19,20,21,23,24,25,26,27,28,29,30,31,32	boundary,domain	domain	28
chr19	3520000	3,4,5,6,18,21,26,27	domain	domain	8
chr19	3640000	7,8,9	domain	domain	3
chr19	3960000	3,4,5,6,7	domain	domain	5
chr19	4240000	4,5,6,29,30,31,32	domain	boundary,domain	7
chr19	4520000	3,4,5,6,8,9,13,14,16,20,21,22,23,24,26,27	domain	boundary,domain	16
chr19	4680000	6,9,10,11,12,13,14,15,16,17,18,19,20,21,22,23,24,25,26,27,28,29,30,31,32	boundary,domain	boundary,domain	25
chr19	4800000	4,5,6,7,8,9,10,12,13,14,15,16,24	boundary,domain	domain	13
chr19	5040000	3,4,5,6,7,8,9,10,11	domain	domain	9
chr19	5240000	3	domain	domain	1
chr19	5360000	3	domain	domain	1
chr19	5600000	3,4,5,6,7	domain	boundary	5
chr19	5720000	3,4,5,6,7,8,9,10,11,12,13,14,15,16,17,18,19,20,21,22,23,24,25,26,27,28,29,30,31	boundary,domain	boundary,domain	29
chr19	5920000	7,8,11,12,14,15,16,17,18,19,20,21,22,23	boundary,domain	domain	14
chr19	6040000	3,4,5,6	domain	domain	4
chr19	6440000	3,4,5,6,7,8,9,10,11,13	domain	domain	10
chr19	7000000	3,4,5,6,7,8,9,10,11,12,13,14,15,16,17,18,19,20,21,22,23,24,25,26,27,28,29,30,31,32	domain	gap	30
chr19	7080000	3,4,5,6,7,8,9,10,11,12,13,14,15,16,17,18,19,20,21,22,23,24,25,26,27,28,29,30,31,32	gap	domain	30
chr19	7320000	3	domain	domain	1
chr19	7520000	4,7,8,9,10	domain	domain	5
chr19	7840000	3,4,5	domain	domain	3
chr19	7920000	4,5,6,7,8	domain	domain	5
chr19	8120000	3	domain	domain	1
chr19	8280000	3,4,5,6,7,8,9,10,11,12,13,14,15,16,17,18,19,20,21,22,23,24,25,26,27,28,29,30,31,32	domain	gap	30
chr19	8320000	3,4,5,6,7,8,9,10,11,12,13,14,15,16,17,18,19,20,21,22,23,24,25,26,27,28,29,30,31,32	gap	domain	30
chr19	8560000	3	domain	domain	1
chr19	8720000	3,4,5,6,7,8,9,10,11,12,13,14,15,16,17,18,19,20,21,22,23,24,25,26,27,28,29,30,31,32	domain	gap	30
chr19	8800000	3,4,5,6,7,8,9,10,11,12,13,14,15,16,17,18,19,20,21,22,23,24,25,26,27,28,29,30,31,32	gap	domain	30
chr19	9120000	6	domain	domain	1
chr19	9880000	3,4,5,6,7,8,9,10,11,12,13,14,15,16,17,18,19,20,21,22,23,24,25,26	domain	boundary	24
chr19	10080000	4,5,10,11,12,13,14,15,16,17,18,19,20,21,22,23,24,25,26,27,28,29,30,31	boundary,domain	boundary,domain	24
chr19	10440000	4,5,6,7,8,9,10,11,12,13,14,15,16,17,18,19,20,21,22,23,24,25,26,27,28,29,30,31,32	boundary,domain	boundary,domain	29
chr19	10680000	3,4,19,22,23,24,25,26,27,28,29,30,31,32	boundary,domain	boundary,domain	14
chr19	10880000	3,4,5,6,7,8,9,10,11,12,13,14,15,16,17,18,19,20,21,22,23,24,25,26,27,28,29,30,31,32	boundary,domain	boundary,domain	30
chr19	11240000	19,20,21,25,26,27,30	boundary	boundary	7
chr19	11600000	4,5,6,7,8,9,10,11,12,13,14,15,16,17,18,19,20,21,22,23,24,25,26,27,28,29,30,31,32	boundary,domain	domain	29
chr19	12560000	7,8,12	domain	boundary	3
chr19	12680000	6,7,9,10	boundary,domain	boundary,domain	4
chr19	12920000	3,4,5,6,7,8,9,10,11,12,13,14,15,16,17,18,19,20,21,22,23,24,25,26,27,28,29,30,31,32	boundary,domain	boundary,domain	30
chr19	13120000	3,4,7,8,9,10,11,12,13,14,15,16,17,18,19,20,21,22,23,24,25,26,27,28,29,30,31,32	boundary,domain	domain	28
chr19	13280000	3,4,5,6,7	boundary,domain	domain	5
chr19	13720000	3,4,5,6,7,8,9,10,11,12,13	domain	domain	11
chr19	13880000	3	domain	domain	1
chr19	14120000	3,4,5,6,7,8	domain	domain	6
chr19	14400000	3,4	domain	domain	2
chr19	14560000	3,4,5,6,7,8,9,10,11,12,13,14,15,16,17,18,19,20,21,22,23,24,25,26,27	domain	domain	25
chr19	15080000	3,4,5,6,7,8,9,10,11,12,13,14	domain	domain	12
chr19	15480000	3,4	domain	domain	2
chr19	15560000	3,4,5,6,7,8,9,10,11,12,13	domain	domain	11
chr19	16040000	3,4,5	domain	domain	3
chr19	16200000	3,4,5,6,9,10,11,12,13,14,15,17,18,19,20,21,22,23,24,25,26,27,28,29,30,31,32	domain	boundary,domain	27
chr19	16440000	3,4,5,6,7,8,9,10,11,12,13,14,15,16,17,18,19,20,21,22,23,24,25,26,27,28,29,30,31,32	boundary,domain	domain	30
chr19	16680000	3,6	domain	domain	2
chr19	17040000	3,4	domain	domain	2
chr19	17320000	3,4,5,6,7,8,9,10,11,12,13,14,15,16,17,18,19,20,21,22,23,24,25,26,27,28,29,30,31,32	domain	domain	30
chr19	17600000	3	domain	domain	1
chr19	18080000	3,4,5,6,7,8,9,10,11	domain	boundary,domain	9
chr19	18160000	13,15,20	domain	boundary	3
chr19	18280000	3,4,5,6,7,8,9,10,11,12,13,14,15,16,17,18,19,20,21,22,23,24,27,28,29,32	boundary,domain	boundary,domain	26
chr19	18440000	3,4,5,6,7,8,9,10,11,12,16,18,20,21,22,23,24,25,26,27,28,29,30,31,32	boundary,domain	boundary,domain	25
chr19	18600000	3	domain	domain	1
chr19	18880000	3	domain	domain	1
chr19	19040000	3,4,5,6,7,9,10,11,13,18,21,22,23,25	boundary,domain	boundary,domain	14
chr19	19160000	3,6,8,10,11,12,13,14,15,16,17,18,20,21	boundary,domain	boundary,domain	14
chr19	19320000	14,15,19	boundary,domain	boundary,domain	3
chr19	19520000	3,4,5,6,7,8,9,10,11,12,13,14	boundary,domain	boundary,domain	12
chr19	19640000	3,6,7	boundary	domain	3
chr19	19960000	3	domain	domain	1
chr19	20120000	3,4,5,6,7,8,9,10,11,12,13,14,15,16,17,18,19,20,21,22,23,24,25,26,27,28,29,30,31,32	domain	gap	30
chr19	20160000	3,4,5,6,7,8,9,10,11,12,13,14,15,16,17,18,19,20,21,22,23,24,25,26,27,28,29,30,31,32	gap	domain	30
chr19	20560000	3,4,5,6,7,8,9,10,11,12,13,14,15,16,17,18,19,20,21,22,23,24,25,26,27,28,29,30,31,32	domain	gap	30
chr19	20600000	3,4,5,6,7,8,9,10,11,12,13,14,15,16,17,18,19,20,21,22,23,24,25,26,27,28,29,30,31,32	gap	domain	30
chr19	20800000	3,4,5,6,7,8,9,10,11,12,13,14,15,16,17,18,19,20,21,22,23,24,25,26,27,28,29,30,31,32	domain	gap	30
chr19	20840000	3,4,5,6,7,8,9,10,11,12,13,14,15,16,17,18,19,20,21,22,23,24,25,26,27,28,29,30,31,32	gap	domain	30
chr19	21600000	3,4,5,6,7,8,9,10,11,12,13,14,15,16,17,18,19,20,21,22,23,24,25,26,27,28,29,30,31,32	domain	gap	30
chr19	21680000	3,4,5,6,7,8,9,10,11,12,13,14,15,16,17,18,19,20,21,22,23,24,25,26,27,28,29,30,31,32	gap	domain	30
chr19	21960000	3,4,5,6,7,8,9,10,11,12,13,14,15,16,17,18,19,20,21,22,23,24,25,26,27,28,29,30,31,32	domain	gap	30
chr19	22400000	3,4,5,6,7,8,9,10,11,12,13,14,15,16,17,18,19,20,21,22,23,24,25,26,27,28,29,30,31,32	gap	domain	30
chr19	22640000	3,4,5,6,7,8,9,10,11,12,13,14,15,16,17,18,19,20,21,22,23,24,25,26,27,28,29,30,31,32	domain	gap	30
chr19	22760000	3,4,5,6,7,8,9,10,11,12,13,14,15,16,17,18,19,20,21,22,23,24,25,26,27,28,29,30,31,32	gap	domain	30
chr19	22920000	3,4,5,6,7,8,9,10,11,12,13,14,15,16,17,18,19,20,21,22,23,24,25,26,27,28,29,30,31,32	domain	gap	30
chr19	23160000	3,4,5,6,7,8,9,10,11,12,13,14,15,16,17,18,19,20,21,22,23,24,25,26,27,28,29,30,31,32	gap	domain	30
chr19	23640000	3,4,5,6,7,8,9,10,11,12,13,14,15,16,17,18,19,20,21,22,23,24,25,26,27,28,29,30,31,32	domain	gap	30
chr19	23880000	3,4,5,6,7,8,9,10,11,12,13,14,15,16,17,18,19,20,21,22,23,24,25,26,27,28,29,30,31,32	gap	domain	30
chr19	24200000	3,4,5,6,7,8,9,10,11,12,13,14,15,16,17,18,19,20,21,22,23,24,25,26,27,28,29,30,31,32	domain	gap	30
chr19	27760000	3,4,5,6,7,8,9,10,11,12,13,14,15,16,17,18,19,20,21,22,23,24,25,26,27,28,29,30,31,32	gap	domain	30
chr19	27960000	3,4	domain	domain	2
chr19	28160000	3	domain	domain	1
chr19	28360000	3,4,5,6,7,8,9,10,11,12,13,14	domain	domain	12
chr19	28760000	3,4,5,6	domain	domain	4
chr19	28920000	3,4,5,7,8,9,10	domain	domain	7
chr19	29120000	3	domain	domain	1
chr19	29600000	3,4,5,6,7,8,9,10,11,12,13,14,15,16,17,18,19,20,21,22,23,24,25,26,27,28,29,30,31,32	domain	boundary,domain	30
chr19	29720000	3,4,5,6,7,8,9,10,11,12,13,15,16,18	boundary,domain	domain	14
chr19	29920000	4	domain	domain	1
chr19	30000000	5	domain	domain	1
chr19	30680000	3,4,5,6,7,8,9,10,11,12,13,14,15,16,17,18,19,20,21,22,23	domain	domain	21
chr19	31400000	3	domain	domain	1
chr19	32280000	3,4,5,6,7,8,9,10,11,12,13,14,15,16,17,18,19,20,21,22,23,24,26	domain	boundary,domain	23
chr19	32440000	3	domain	domain	1
chr19	32560000	3,4,5,6,7,8,9,10,11,12,13,14,15,16,17,18,19,20,21,22,23,24,25,26,27,28,29,30,31,32	boundary,domain	domain	30
chr19	32840000	28	boundary	domain	1
chr19	32960000	3,4,5,6,7	domain	domain	5
chr19	33200000	3,4,5,6,7,8,9,10,11,12,13,14,16,17,18,19,20,21	boundary,domain	domain	18
chr19	33440000	3,4,5,6	domain	domain	4
chr19	33760000	3,4,5,6,7	domain	domain	5
chr19	34160000	3,4,5,6,7,8,9,10,11,12,13,14,15,16,17,18,19,21,22,23,25,26,27,28,32	domain	boundary,domain	25
chr19	34360000	10,11,12,13,14,15,16,17,18,19,20,21,22,23,25,26,28,32	boundary,domain	boundary,domain	18
chr19	34520000	3,4,5,7,8,9,10,11,12,13,14,15,16,17,18,20,22,23,24,25,26,27,28,29,30,31,32	boundary,domain	boundary,domain	27
chr19	34720000	19,20,22,26,27	boundary,domain	boundary,domain	5
chr19	34800000	17,20,21,24,25,26,27,29,32	boundary,domain	boundary,domain	9
chr19	34960000	5,6,7	domain	boundary,domain	3
chr19	35120000	3,4,5,6,7,8,9,10,11,12,13,14,15,16,17,18,19,20,21,22,23,24,25,26,27	boundary,domain	domain	25
chr19	35240000	3,4,5,6,7,8,9,15	boundary,domain	domain	8
chr19	35640000	4,5,6,7,8,9,10,12,13	domain	domain	9
chr19	36240000	3,4,5,6,7,8,9,10,11,12,13,14,15,16,17,18,19,20,21,22,23,24,25,26,27,28,29,30,31,32	domain	gap	30
chr19	36320000	3,4,5,6,7,8,9,10,11,12,13,14,15,16,17,18,19,20,21,22,23,24,25,26,27,28,29,30,31,32	gap	domain	30
chr19	37240000	3,4,5,6,7,8,9,10,11,12,13,14,15,16,17,18,19,20,21,22,23,24,25,26,27,28,29,30,31,32	domain	gap	30
chr19	37320000	3,4,5,6,7,8,9,10,11,12,13,14,15,16,17,18,19,20,21,22,23,24,25,26,27,28,29,30,31,32	gap	domain	30
chr19	37840000	3,4,5,6,7,8,9,10,11,12,13	domain	domain	11
chr19	38120000	3,4	domain	domain	2
chr19	38240000	7,16,17,18,20	domain	boundary,domain	5
chr19	38400000	3,4,5,6,7,8,9,10,11,12,13,14,15,16,17,18,19,20,21,22,23,24,25	boundary,domain	domain	23
chr19	38600000	3	domain	domain	1
chr19	38960000	3,4,5,6,7,8,9,10	domain	domain	8
chr19	39400000	3,4,5,6,7,8	domain	domain	6
chr19	39560000	3,4,5,6	domain	domain	4
chr19	39880000	3,4,5,6,7,8,9,10,11,12,13,14,15,16,17,18,19,20,21,22,23,24,25,26,27,28,29,30,31,32	domain	gap	30
chr19	39920000	3,4,5,6,7,8,9,10,11,12,13,14,15,16,17,18,19,20,21,22,23,24,25,26,27,28,29,30,31,32	gap	domain	30
chr19	40120000	4	domain	domain	1
chr19	40320000	4	domain	domain	1
chr19	40640000	3,4	domain	domain	2
chr19	40840000	3,4,5,6,7,8,9,10,11,12,13,14,15,16,17,18,19,20,21,22,23,24,25,26,27,28,29,30,31,32	domain	gap	30
chr19	40880000	3,4,5,6,7,8,9,10,11,12,13,14,15,16,17,18,19,20,21,22,23,24,25,26,27,28,29,30,31,32	gap	domain	30
chr19	41160000	3,4,5,6,7,8	domain	domain	6
chr19	41360000	10,11	domain	domain	2
chr19	41440000	5,7,9	domain	domain	3
chr19	41600000	3,5,7	domain	domain	3
chr19	41840000	3,4,5,6,7,8,9,10,11,12,13,15,16,17,18,19,20,21	domain	boundary,domain	18
chr19	42000000	3,4,5,6,7,8,9,10,11,12,13,14,15	boundary,domain	domain	13
chr19	42440000	3,4,5,6	domain	domain	4
chr19	42560000	3	domain	domain	1
chr19	42720000	3,4,5,6,7,8,9,10,11,12,13,14,15,16,17,18,19,20,21,22,23,24,25,26,27,28,29,30,31,32	domain	gap	30
chr19	43400000	3,4,5,6,7,8,9,10,11,12,13,14,15,16,17,18,19,20,21,22,23,24,25,26,27,28,29,30,31,32	gap	domain	30
chr19	43680000	3	domain	domain	1
chr19	43840000	3,4,5,6,7,8,9	domain	domain	7
chr19	44520000	3,4,5,6,7,8,13,14,15,16,20,26	domain	boundary	12
chr19	44680000	3,4,8,9,10,11,12,13,14,15,16,17,18,19,20,21,22,23,24,25,26,27	boundary,domain	boundary,domain	22
chr19	44840000	4,5,6,7,8,9,14,15,17,18,19,22,24,25,26,27,28,29,30,31,32	boundary,domain	boundary,domain	21
chr19	44960000	5	boundary	domain	1
chr19	45400000	3,4,5,6,7,8,9,10,11,17,19,20,21,22,23,24,25,26,27,28,29,30,31,32	boundary,domain	boundary,domain	24
chr19	45480000	8,12,20,25,26,27,28,29,30,31,32	boundary,domain	boundary,domain	11
chr19	45760000	15,16,17,18,19,20,21,22,23,24,25,26,27,28	boundary,domain	boundary,domain	14
chr19	45840000	3,4,5,6,7,8,9,10,11,12,13,14,15,16,27	boundary,domain	domain	15
chr19	46040000	3	domain	domain	1
chr19	46240000	3	domain	domain	1
chr19	46600000	3,4,5,6,8,9,13,14,15,17,18,23,24,26,27	domain	boundary,domain	15
chr19	46720000	5,6,7,10,11,12,13,14,15,16,17,18,19,20,21,22,23,24,25,26,27	boundary,domain	boundary,domain	21
chr19	46840000	3,4,5,8,9,11,12,13,14,15,17,18,20,21,22,23,24,25,26	boundary,domain	boundary,domain	19
chr19	47040000	3,6,7,10,13,15,16,17,18,19,21,22,23,24	boundary,domain	boundary,domain	14
chr19	47280000	3,4,5,6,7,8,9,10,11,12,13,14,15,16,17,18,19,20,21,22,23,24,25,26,27,28,29,30,31,32	boundary,domain	boundary,domain	30
chr19	47400000	6,7	boundary,domain	domain	2
chr19	47920000	3,4,5,6,7,8,9,10,11,12,13,14,15,16,17,18,19,20,21,22,23,24,25,26,27,28,29,30,31,32	domain	gap	30
chr19	47960000	3,4,5,6,7,8,9,10,11,12,13,14,15,16,17,18,19,20,21,22,23,24,25,26,27,28,29,30,31,32	gap	domain	30
chr19	48320000	4,5,6,7,8	domain	boundary,domain	5
chr19	48480000	3,7,9,10,11,12	domain	boundary,domain	6
chr19	48640000	3,4,5,6,7,8,9	boundary,domain	domain	7
chr19	49040000	3,4,5,6,7,8,9,10,11,12,13,14,15,16,17,18,19,20,21,22,23,24,25,26,27,28,29,30,31,32	domain	gap	30
chr19	49080000	3,4,5,6,7,8,9,10,11,12,13,14,15,16,17,18,19,20,21,22,23,24,25,26,27,28,29,30,31,32	gap	domain	30
chr19	49240000	3	domain	domain	1
chr19	49480000	3,4,5,6,7,8	domain	domain	6
chr19	49680000	3,4	domain	domain	2
chr19	49880000	3,4	domain	domain	2
chr19	50080000	3,4,5,6,7,8,9,10,11,12,13,14,15,16,17,18,19,20,21,22,23,24,25,26,27,28,29,30,31,32	domain,gap	gap	30
chr19	50120000	3,4,5,6,7,8,9,10,11,12,13,14,15,16,17,18,19,20,21,22,23,24,25,26,27,28,29,30,31,32	gap	domain	30
chr19	50520000	4	domain	domain	1
chr19	50800000	3,4,6,7,8,9,11	domain	domain	7
chr19	50920000	5	domain	domain	1
chr19	51160000	3,4,5,7,8,9,10,11,12,13,14,15,17,20	domain	boundary,domain	14
chr19	51320000	3,4,7,13,14,15,16,17,19,21,22,23,24,25,26,27	boundary,domain	boundary,domain	16
chr19	51680000	3,4,5,9,11,12,13,14,17,18,20,21,22,23,24,27,28,29,30,31,32	boundary,domain	boundary,domain	21
chr19	51840000	3,4,5,6,7,8,9,10,11,12,13,14,15,16,17,18,19,20,21,22,23,24,25,26,27,28,29,30,31,32	boundary,domain	domain	30
chr19	52120000	4	domain	domain	1
chr19	52240000	3,4,5,6,7,8,9	domain	domain	7
chr19	53160000	9,16	domain	domain	2
chr19	53560000	3,5,6,10,11,12,13,14,15,18,19,20,21,22,23,24,25,26,27,28,29,30,31,32	domain	boundary,domain	24
chr19	53760000	4,30	boundary,domain	domain	2
chr19	54120000	3,4,5,6,7,8,9,21,22,23,24,25,26,27,28,29,30,31,32	domain	domain	19
chr19	54240000	3	domain	domain	1
chr19	54480000	4,9	domain	domain	2
chr19	55040000	4,5,6,7,8,9,10,11,12,13,14	domain	domain	11
chr19	55440000	4	domain	domain	1
chr19	55680000	3,4,5,6,7,8,9,10,11,12,13,14,15,16,17,18,19,20,21,22,23,24,25,26,27,28,29,30,31,32	domain	domain	30
chr19	56080000	3,5	domain	domain	2
chr19	56360000	3,4,5,6,7,8,9,10,11,12,13,14,15	domain	domain	13
chr19	56640000	3,4,8,9,10	domain	domain	5
chr19	56720000	5,6,7	domain	domain	3
chr19	57160000	4,5,6,7,8,9,10,11,12,13,14,15,16,17,18	domain	domain	15
chr19	57360000	17,18	boundary,domain	domain	2
chr19	57920000	3,4,5	domain	domain	3
chr19	58200000	4,5,6,7,8	domain	domain	5
chr19	58400000	4	domain	domain	1
chr19	58617616	3,4,5,6,7,8,9,10,11,12,13,14,15,16,17,18,19,20,21,22,23,24,25,26,27,28,29,30,31,32	domain	gap	30
chr2	0	3,4,5,6,7,8,9,10,11,12,13,14,15,16,17,18,19,20,21,22,23,24,25,26,27,28,29,30,31,32	domain	domain	30
chr2	200000	3,4,5,6,7,9,10,11,13,15,16,17,18,19,32	domain	boundary,domain	15
chr2	520000	11,12,13,24,31	domain	boundary,domain	5
chr2	680000	3,4,5,6,7,8,9,10,11,12,13,14,15,16,17,18,19,20,21,22,23,24,25,26,27,28,29,30,31,32	boundary,domain	boundary,domain	30
chr2	960000	3,4,5,6,7,8,9,10,24,25	boundary,domain	domain	10
chr2	1520000	5,6,7,8,9	domain	domain	5
chr2	1840000	3,4,5,6,7,8,9,10,11,12,13,14,15,16,17,18,19,20,21,22,23,24,25,26,27,28,29,30,31,32	domain	boundary,domain	30
chr2	2000000	24	boundary	domain	1
chr2	2360000	3,4,5,6,7,8,9,10,11	domain	domain	9
chr2	3040000	3,4	domain	domain	2
chr2	3400000	4,5,6,7,8,9,10,11,12,13,14,17,19	domain	boundary,domain	13
chr2	3680000	3,4,5,6,7,8,9,10,11,12,13,14,15,16,17,18,19,20,21,22,23,24,25,26,27,28,29,30,31,32	boundary,domain	boundary,domain	30
chr2	3840000	3,4,5,6,7,8,9,10,14	boundary,domain	domain	9
chr2	4120000	3,4	domain	domain	2
chr2	4840000	3,4,5,9,10,11	domain	domain	6
chr2	5040000	3	domain	domain	1
chr2	5360000	5,6,7,8	domain	domain	4
chr2	5680000	3,4,5	domain	domain	3
chr2	6880000	3,4,5,6,7,8,9,10,11,12,13,14,15,16,17,18,19,20,21,22,23,24,25,26,27,28,29,30,31,32	domain	boundary	30
chr2	7080000	3,4,5,6,7,8,10,11,12,13,14,15,16,17,18,19,20,21,22,23,24,25,26,27,28,29,30,31,32	boundary,domain	domain	29
chr2	7440000	3,4,5,6	domain	domain	4
chr2	8080000	3	domain	domain	1
chr2	8440000	3	domain	domain	1
chr2	8800000	3,4,5,6,7,8,9,10,11,12,13,14,15,16,17,18,19,20,21,22,23,24,25,26,27,28,29,30,31,32	domain	boundary	30
chr2	9000000	23,25,27,29,30	boundary	boundary	5
chr2	9120000	3,4,5,6,7,8,9,15,16,17,18,19,20,21,22,23,24,25,26,27,28,29,30,31,32	boundary,domain	boundary,domain	25
chr2	9440000	5,6,7,8,9,10,13,14,17,19,20,21,22,23,24,25,26,27,28,29,30,31,32	boundary,domain	boundary,domain	23
chr2	9560000	3,4,8,9,10,11,12,15,16,18,19,20,21	boundary,domain	boundary,domain	13
chr2	9760000	3,4,5,6,7,8,9,10,11,12,13,14,15,16,17,18,19,20,21,22,23,24,25,26,27,28,29,30,31,32	boundary,domain	boundary,domain	30
chr2	10080000	3,4,5,6,7,8,9,10,11,12,13,14,15,16,17,18,19,20,21,22,23,24,25,26,27,28,29,30,31,32	boundary,domain	boundary,domain	30
chr2	10440000	3,4,5,6,7,26,27,28	domain	boundary,domain	8
chr2	10720000	3,4,5,6,7,8,9,10,11,12,13,14,15,16,17,18,19,20,21,22,23,24,25,26,27,28,29,30,31,32	domain	domain	30
chr2	11160000	3,4,5,6,7,8,9,10,11,24,25,26,27,28,29,30,31,32	boundary,domain	boundary,domain	18
chr2	11440000	3,4,5,6,7,8,9,24,25,27,28,29	boundary,domain	boundary,domain	12
chr2	11680000	3,4,5,8,10,18,19,24,25,26,27,28,29,30,31,32	boundary,domain	boundary,domain	16
chr2	11800000	3,4,5,6,7,8,9,10,11,12,13,14,15,16,17,18,19,20,21,22,23,24,25,26	boundary,domain	domain	24
chr2	12720000	3,5,6,7	domain	domain	4
chr2	13040000	3,4,5,6,7	domain	domain	5
chr2	13360000	3,4,5,6,7,8,9,10,11,12,13,14,15,16,17,18,19,20,21,22,23,24,25,26,27,28,29,30,31,32	domain	gap	30
chr2	13400000	3,4,5,6,7,8,9,10,11,12,13,14,15,16,17,18,19,20,21,22,23,24,25,26,27,28,29,30,31,32	gap	domain	30
chr2	14640000	3,4	domain	domain	2
chr2	14840000	3,4,5	domain	domain	3
chr2	15600000	3,4,5,6,7,8,9,10,11,12,13,14,15,16,17,18,19,20,21,22,23,24,25,26,27,28,29,30,31,32	domain	domain	30
chr2	15920000	3,4,5,6,7	domain	domain	5
chr2	16240000	3,5,6	domain	domain	3
chr2	16520000	3,4,5,6,7,8,9,10,11,12,13,14,15,16,17,18,19,20,21,22	domain	domain	20
chr2	16600000	23	domain	domain	1
chr2	16760000	3,4,6,7	domain	domain	4
chr2	17680000	3,4,5,6,7,8,9,10,11,12,13,14,15,16,17,18,19,20,21,22,23,24,25,26,27,28,29,30,31,32	domain	domain	30
chr2	17880000	4	domain	domain	1
chr2	18400000	3,4,5,6,7,8,9,10,11,12,13,14,15,16,17,18,19,20,21,22,23,24,25,26,27,28,29,30	domain	domain	28
chr2	19360000	7	domain	domain	1
chr2	19920000	3,4,5,6,7,8,9,10,11,12,13,14,15,16,17,18,19,20,21,22,23,24,25,26,27,28,29,30,31,32	domain	boundary,domain	30
chr2	20360000	3,4,5,6,7,8,9,10,11,12,13,14,15,16,17,18,19,20,21,22,23,24,25,26,27,28,29,30,31,32	boundary,domain	boundary,domain	30
chr2	20680000	3,4,5,6,7,8,9,10,11,12,13,14,15,16,17,18,19,20,21,22,23,24,25,26,27,28,29,30,31,32	boundary,domain	boundary,domain	30
chr2	21000000	3,4,5,7,9,10,13,15,16,18,19,20,21,22,23,24,25,26,27,28,29,30,31,32	boundary,domain	domain	24
chr2	21160000	3,4,5,6,7,8,9,10,11,12,13,14,15,16,17	boundary,domain	boundary,domain	15
chr2	21240000	12	boundary	domain	1
chr2	21360000	4,5,13,14,15,16	domain	domain	6
chr2	22360000	6	domain	domain	1
chr2	22880000	3	domain	domain	1
chr2	23360000	3,4,5,6,7,8,9,10,11,12,13,14,15,16,17,18,19,20,21,22,23,24,25,26,27,28,29,30,31,32	domain	boundary,domain	30
chr2	23520000	26	boundary	boundary	1
chr2	23800000	4,5,6,7,8,9,10,11,12,13,14,15,16,17,18,19,20,21,22,23,24,25,26,27,28,29,30,31,32	boundary,domain	boundary,domain	29
chr2	23920000	12,13,14	boundary	domain	3
chr2	24120000	3,15,16,17	domain	boundary,domain	4
chr2	24400000	3,4,5,6,7,8,9,10,11,12,13,15,16,18	boundary,domain	domain	14
chr2	24960000	3,5,6,7,8,9,10,11,12,13,14,15,16,17,18,19,21,23,24,25,26,27,28,29,30,31,32	boundary,domain	boundary,domain	27
chr2	25240000	3,4,5,6,7,8,9,10,11,12,13,14,15,16,17,18,19,20,21,22,23,24,25,26,27,28,29,30,31,32	boundary,domain	boundary,domain	30
chr2	25600000	14,15,16,18,19,20,21,23,24,28	boundary,domain	boundary,domain	10
chr2	25680000	12	domain	boundary	1
chr2	25840000	3,4,5,6,7,8,9,10,11,12,13,14,15,16,17,18,19,20,21,22,23,24,25,26,27,28,29,30,31,32	boundary,domain	boundary,domain	30
chr2	26200000	3,4,5,6,7,19,24	domain	boundary,domain	7
chr2	26480000	3,4,8,9,10,11,12,13,20,22	domain	boundary,domain	10
chr2	26600000	3,5,7,8,13,14,15,16,17,18,19,20,21,23,24,25,26,27,28,29,30,31	boundary,domain	boundary,domain	22
chr2	26800000	3,4,5,6,7,8,9,10,11,12,13,14,15,16,17,18,19,20,21,22,23,24,25,26,27,28,29,30,31,32	boundary,domain	boundary,domain	30
chr2	26960000	4,5,6,7,9,10,11,12,13,14,15,16,17,23,25	boundary,domain	boundary,domain	15
chr2	27040000	4,5,6,8,18,19,20,21,22,24,25,26,27,28,29,30,31,32	boundary,domain	boundary,domain	18
chr2	27360000	3,4,5,6,7,8,9,10,11,12,13,14,15,16,17,18,19,20,21,22,23,24,25,26,27,28,29,30,31,32	boundary,domain	boundary,domain	30
chr2	27640000	3,4,5,6,7,8,9,10,11,12,13,14,15,16,17,18,19,20,21,22,23,24,25,26,27,28,29,30,31,32	boundary	domain	30
chr2	28400000	3	domain	domain	1
chr2	28520000	3,4,5,6,7,8,9,10,11,12,13,14,15,16,17,18,19,20,21,22,23,24,25,26,27,28,29,30,31,32	domain	domain	30
chr2	28760000	3	domain	domain	1
chr2	28920000	3,4,5,6,7,8,9,10,11,12,13,14,15,16,17,18,19,20,21,22,23,24,25,26,27,28,29,30,31,32	boundary,domain	boundary,domain	30
chr2	29240000	3,4,5,6,7,8,9,10,11,12,13,14,15,16,17,18,32	boundary,domain	domain	17
chr2	29840000	3,4	domain	domain	2
chr2	29920000	9	domain	domain	1
chr2	30120000	3,4,5,6,7,8,9,10,11,12,13,14,15,16,17,18,19,20,21,22,23,24,25,26,27,28,29,30,31,32	domain	domain	30
chr2	30720000	3,4,5,6,7,8,9,10,11,12,13,14	domain	domain	12
chr2	31120000	3	domain	domain	1
chr2	31400000	3,4,5,6,7,8,9,10,11,12,13,14,15,16,17,18,19,20,21,22,23,24,25,26,27,28,29,30,32	domain	boundary	29
chr2	31880000	5,6,7,8,9,10,11,13,14,15,16,17,18,19,20,21,22,23,24,25,26,27,30,31,32	boundary,domain	boundary,domain	25
chr2	32000000	26,27,28,29	boundary	boundary	4
chr2	32200000	7,8,9,10,11,12,13,14,15,16,17,18,19,20,21,22,23,24,30,31,32	boundary,domain	boundary,domain	21
chr2	32280000	17,19,20,24,31	boundary	boundary,domain	5
chr2	32560000	4,13,14,15,16,17,18,19,20,21,22,23,24,25,26,27,28,29,30,31,32	boundary,domain	boundary,domain	21
chr2	32640000	3,4,5,6,7,8,9,10,11,12,13,14,15	boundary,domain	domain	13
chr2	33040000	5,6	domain	domain	2
chr2	33640000	3,4,5,6,7,8,9,10,11,12,13,14,15,16,17,18,19,20,21,22,23,24,25,26,27,28,29,30,31,32	domain	domain	30
chr2	34040000	6,7,8,9	domain	domain	4
chr2	34560000	3	domain	domain	1
chr2	35120000	3,5	domain	domain	2
chr2	35440000	3,4,5,6,7	domain	domain	5
chr2	36040000	3	domain	domain	1
chr2	36360000	3,4,5,6,7,8,9,10,11,12,13,14,20,21,22,23,24,25,26,27,28,29,30,31,32	domain	boundary	25
chr2	36520000	3	domain	domain	1
chr2	36760000	5,6,7,8,9,10,11,12,13,14,15,16,17,18,19,20,21,22,23,24,25,26,27,28,30,31,32	boundary,domain	boundary,domain	27
chr2	37040000	3,4,21,22,23,24,25,26,30,31,32	boundary,domain	boundary,domain	11
chr2	37160000	13,14,15,16,17,18,19,21,24,25,27,28,29,30	boundary,domain	boundary,domain	14
chr2	37320000	3,4,5,6,7,8,9,10,11,12,13,14,15,16,17,18,19,20,21,22	boundary,domain	domain	20
chr2	37920000	3,4,5,6,7,8,9,10,11,12,13,14,15,16,17,18,19,20	domain	boundary,domain	18
chr2	38080000	3,14,16,17	boundary,domain	domain	4
chr2	38280000	3,4,5,6,7,8,9,10,11,12,13,14,15,16,17,18,19,20,21,22,23,24,25,26,27,28,29,30,31	domain	boundary,domain	29
chr2	38520000	3,4,5,9,10,11,12,13,14,15,16,17,18,19,20,21,22,23,24,25,26,27,29,30	boundary,domain	boundary,domain	24
chr2	38760000	3,4,5,6,7,8,9,10,11,12,13,14,15,16,17,18,19,20,21,22,23,24,25,26,27,28,29,30,31,32	boundary,domain	boundary,domain	30
chr2	39320000	5,7,8,9,10,11,12,13,14,15,23,25,27,28,29,30,31	boundary,domain	boundary,domain	17
chr2	39480000	3,27,31	boundary	boundary	3
chr2	39800000	3,4,5,6,7,8,9,10,11,12,13,14,15,16,17,18,19,20,21,22,23,24,25,26,27,28,29,30,31,32	boundary,domain	domain	30
chr2	40640000	3	domain	domain	1
chr2	40840000	3,4,7,8	domain	domain	4
chr2	41400000	3,4,5,6	domain	domain	4
chr2	41840000	3,4,5,6,7,8,9,10,11,12,13,14,15,16,17,18,19,20,21,22,23,24,25,26,27,28,29,30,31,32	domain	boundary,domain	30
chr2	42080000	3,4,5,6,7,8,9,10,11,12,13,14,15,16,17,18,19,20,21,22,23,24,25,26,27,28,29,30,31,32	boundary,domain	boundary,domain	30
chr2	42360000	3,4,5,6,7,8,9,10,11,15,16,17,18,19,20,21,22,23,24,25,26,27,28,29,30,31	boundary,domain	boundary,domain	26
chr2	42480000	4,5,6,7,8,11,12,13,14,15,16,17,18,19,20,21,22,23,24,25,26,32	boundary,domain	boundary,domain	22
chr2	42800000	3,4,5,6,7,8,9,10,11,12,13,14,15,16,17,18,19,20,21,22,23,24,25,26,27,28,29,30,31,32	boundary,domain	domain	30
chr2	43240000	3,4,5,6,7	domain	domain	5
chr2	43640000	3,4,5,6,7,8,9,10,11,12,13,14,15,29,30,31,32	domain	boundary,domain	17
chr2	43840000	11,12,13,16,17,18,19,20,21,22,23,24,25,26,27,28,29	boundary,domain	boundary,domain	17
chr2	44000000	3,4,5,6,7,8,9,14,16,17,21,22,23,26	domain	domain	14
chr2	44400000	3,6,7,8,9,10,11,12,13	domain	domain	9
chr2	44960000	3,4,5,6,7,8,9,10,11,12,13,14,15	domain	domain	13
chr2	45360000	3	domain	domain	1
chr2	45600000	4,5,6,7,8,9,10,11,12,13,14,15,16,17,18,19,20,21,22,23,24,25,26,27,28,29,30,31,32	domain	boundary,domain	29
chr2	45960000	3,4,5,6,7,8,9,10,11,12,13,14,15,16,17,18,19,20,21,22,23,24,25,26,27,28,29,30,31,32	boundary,domain	domain	30
chr2	46480000	4,5,6,7,8,9,10,11	domain	boundary,domain	8
chr2	46640000	10,12,13,14,15,16,20,22,23,30,32	domain	domain	11
chr2	46920000	3,4,5,6,7,8,9,10,11,12,13,14,15,16,17,18,19,20,21,22,23,24,25,26,27,28,29,30,31,32	boundary,domain	boundary,domain	30
chr2	47320000	3,11	domain	boundary	2
chr2	47400000	3,4,5,6,7,8,9,10,11,12,13,14,15,16,17,18,19,20,21,22,23,24,25,26,27,28,29,30,31,32	boundary,domain	boundary,domain	30
chr2	47800000	3,4,5,6,7,8,19,20,21,22,23,24,25,26,27,28,29,30,31,32	boundary,domain	domain	20
chr2	48480000	3,4,5,6,7,9,11,12,15,16	domain	boundary	10
chr2	48600000	3,4,5,6,7,8,9,10,11,12,13,14,15,16,17,18,19,20,21,22,23,24,25,26,27,28,29,30,31,32	boundary,domain	boundary,domain	30
chr2	48800000	13,20	boundary	domain	2
chr2	49000000	4	domain	domain	1
chr2	49240000	3,4,5,6	domain	domain	4
chr2	49600000	6,7,8,9,10,11,12,13,14,15,16	domain	domain	11
chr2	50160000	3,4	domain	domain	2
chr2	50520000	3,4,5,6,7,8,9,10,11,12,13,14,15,16,17,18,19,20,21,22,23,24,25,26,27,28,29,30,31,32	domain	domain	30
chr2	51600000	11,14,15	domain	domain	3
chr2	51720000	12,13,14,15,16,17,18,19	domain	domain	8
chr2	52040000	4,5,6,8,25,26	domain	domain	6
chr2	52120000	3,4,5,6,7,8,9,10,11,12,13,14,15,16,17,18,19,20	domain	domain	18
chr2	52360000	7,8,9,10,11	domain	domain	5
chr2	52560000	10	domain	domain	1
chr2	52720000	4,5,6,7	domain	domain	4
chr2	52800000	7	domain	domain	1
chr2	52880000	5,6	domain	domain	2
chr2	53160000	3	domain	domain	1
chr2	53400000	5,6,7,8,9,10,11,12,13,14,15,16,17,18,19,20,21,22,23,24,25,26,27,28,29,30,31,32	boundary,domain	boundary,domain	28
chr2	53800000	4,5,6,7,8,9,10,11,12,13,14,15,16,17,18,19,20,21,22,23,24,25,26,27,28,29,30,31,32	boundary,domain	domain	29
chr2	54120000	3,4,5,6,7,8,9	domain	domain	7
chr2	54480000	3,4,5,6	domain	domain	4
chr2	54720000	3,4,5,6,7,8,9,10,11,12,13,14	domain	domain	12
chr2	55240000	3,4,5,6,7,8,9,10,11,12,13	domain	boundary,domain	11
chr2	55520000	15	domain	boundary	1
chr2	55640000	3,5,6,7,8,9,10,11,12,13,14,15,16,17,18,19,20,21,22,23,24,25,26,27,28,29,30,31,32	boundary,domain	boundary,domain	29
chr2	56000000	3,4,5,6,7,8,9,10,11,12,13,14,15,16,17,18,19,20,21,22,23,24,25,26,27,28,29,30,31,32	boundary	domain	30
chr2	56160000	5,8,9,11,19,20	boundary,domain	domain	6
chr2	56320000	3	domain	domain	1
chr2	56520000	3,4,7	domain	boundary,domain	3
chr2	56600000	3,5,6,7,8	boundary,domain	boundary,domain	5
chr2	56720000	5,8,9,10,11,12	domain	domain	6
chr2	56920000	3,4,8	boundary	domain	3
chr2	57200000	3,4,5,6,7,8,9,10	domain	domain	8
chr2	57640000	3,4,5,6,7,8,9,10,11,12,13,14,15,16,17,18,19,20,21,22,23,24,25,26,27,28,29,30,31,32	domain	domain	30
chr2	58560000	3,4,5,6,7,8,9,10,11,12,13,14,15,16,17,19	domain	domain	16
chr2	59280000	4,5,6,7,8,9,10,11,12,13,14,15,16,17	domain	boundary,domain	14
chr2	60200000	3	domain	domain	1
chr2	60680000	3,4,5,6,7,8,9,10,11,12,13,14,15,16,17,18,19,20,21,22,23,24,25,26,27,28,29,30,31,32	domain	boundary,domain	30
chr2	61000000	3,4,5,6,7,8,9,10,11,12,13,14,15,16,17,18,19,20,21,22,23,24,25,26,27,28,29,30,31,32	boundary,domain	domain	30
chr2	61520000	3,5,6,7	domain	domain	4
chr2	61880000	3,4,5,6,7,8,9,10,11,12,13,14,15,16,17,18,19,20,21,22,23,24,25,26,27,28,29,30,31,32	domain	domain	30
chr2	62440000	3,4,5,6,7,8,9,10,11,12,13	domain	domain	11
chr2	62800000	3,4,5,6,7,8,9	domain	domain	7
chr2	63560000	7,8,9	domain	domain	3
chr2	63680000	10,11,12,13,14,15,16,17,18,19,20,21,23,24,25,26,27,28,29,30,31,32	domain	boundary,domain	22
chr2	63960000	3,4,5,6,7,8,9,10,11,12,13,14,15,16,17,18,19,20,21,22,23,24,25,26,27,28,29,30,31,32	boundary,domain	boundary,domain	30
chr2	64320000	3,4,6,7,14,15,16,17,18,21,22,24,25,26,29,30	boundary,domain	boundary,domain	16
chr2	64560000	3,4,5,6,25,26,30	boundary,domain	domain	7
chr2	64880000	3,4,5,6,7,8,9,10,11,12,13,14,15,16,17,18,19,20,21,22,23,24,25,26,27,28,29,30,31,32	domain	boundary,domain	30
chr2	65080000	9,10,11,12,13,14,15,18,19,22,23,24,25,27,28,29,31,32	boundary	boundary	18
chr2	65240000	3,4,5,6,7,8,9,10,11,12,14,15,16,17,18,19,20,21,22,23,24,25,26,27,28,29,30,31,32	boundary,domain	boundary,domain	29
chr2	65600000	3,4,5,6,7,8,9,10,11,12,13,14,15,16,17,18,19,20,21,22,23,24,25,26,27,28,29,30,31,32	boundary,domain	domain	30
chr2	66000000	4	domain	domain	1
chr2	66400000	3,4,5,6,7,8,9,10,11,12	domain	domain	10
chr2	66560000	3,4,5,6,7,8,9,11,12	domain	domain	9
chr2	66840000	4	domain	domain	1
chr2	67680000	3,4	domain	domain	2
chr2	67840000	3,4	domain	domain	2
chr2	68040000	3,4,5,6,7,8,9,10,11,12,13,14,15,16,17,18,19,20,21,22,23,24,25,26,27,28,29,30,31,32	domain	boundary,domain	30
chr2	68320000	3,4,5,6,14,15,16,17,18,19,20,21,22,23,24,25,26,27,28,29,30,31,32	boundary,domain	boundary,domain	23
chr2	68480000	3,4,5,6,7,8,9,28	domain	domain	8
chr2	68720000	5,31,32	domain	boundary,domain	3
chr2	68960000	3,4,5,6,7,8,9,10,11,12,13,14,15,16,17,18,19,20,21,22,23,24,25,26,27,28,29,30,31,32	boundary,domain	boundary,domain	30
chr2	69320000	3,4,5,6,7,8,9,10,11,12,13,14,15,16,17,18,19,20,21,22,23,24,25,26,27,28,29,30,31,32	boundary,domain	boundary,domain	30
chr2	69720000	3,4,14,15,16,17,18,19,25,26,27,28,29,30,31	boundary,domain	boundary,domain	15
chr2	69840000	3,4,5,6,7,8,9,10,11,12,13,14,15,16,17,18,19,20,21,22,23,24,25,26,27,28,29,30,31,32	boundary,domain	boundary,domain	30
chr2	70280000	3,4,5,6,7,8,9,10,11,12,13,14,15,16,17,18,19,20,21,22,23,24,25,26,27,28,29,30,31,32	boundary,domain	domain	30
chr2	70640000	7	domain	domain	1
chr2	70840000	10,11,17	domain	boundary	3
chr2	71040000	4,5,6,7,8,9,10,11,12,13,14,15,16,17,18,19,20,21,22,23,24,25,26,27,28,29,30,31,32	domain	domain	29
chr2	71520000	3,4,5,6,7,8,9,10,11,12,13,14,15,16,17,18,19,20,21,22,23,24,25,26,27,28,29,30,31	boundary,domain	domain	29
chr2	71880000	3,4,5,6,7	domain	domain	5
chr2	72200000	4,5,6,7	domain	domain	4
chr2	72760000	3,5,6,7,8,9,10,11,12,13,14,18	domain	boundary,domain	12
chr2	72880000	3,4,5,6,7,8,9,10,11,12,13,14,15,16,17,18,20,21	boundary,domain	boundary,domain	18
chr2	72960000	13,18	boundary	domain	2
chr2	73240000	3,4,5,6,7,8,9,10,11,12	boundary,domain	domain	10
chr2	73760000	3,4,5,6,7,8,9,10,11,12,13,14,15,16,17,18,19,20,21,22,23,24,25,26,27,28,29,30,31,32	domain	gap	30
chr2	73800000	3,4,5,6,7,8,9,10,11,12,13,14,15,16,17,18,19,20,21,22,23,24,25,26,27,28,29,30,31,32	gap	domain	30
chr2	74200000	3,4,5,6,7,8,9	domain	boundary,domain	7
chr2	74440000	3,4,5,6,7,8,9,10,11,12,13,14,15	boundary,domain	boundary,domain	13
chr2	74600000	3,4,5,6,7,8,9,10,11,12,13,14,15,17,18,19	boundary,domain	boundary,domain	16
chr2	74880000	3,4,5,14,15,16,17,18,19,20,21,22,23,24,25,26	boundary,domain	domain	16
chr2	75000000	8,9	domain	domain	2
chr2	75440000	3,4,5,6,7,27,28,30,31	domain	boundary,domain	9
chr2	75680000	3,4,5,6,7,8,9,10,11,12,13,14,15,16,17,18,19,20,21,22,23,24,25,26,27,28,29,30,31,32	domain	domain	30
chr2	76160000	3,4,5,6,7,8,9,10	domain	domain	8
chr2	76640000	3,4,5,6,7,8,9,10,11,12,13,14,15,16,17,18,19,20,21,22,23	domain	boundary,domain	21
chr2	76920000	6,7,8,9,11,12,13,14,15,16,17,18	domain	domain	12
chr2	77200000	3	domain	domain	1
chr2	77640000	3,4,5,6,7,8,9,10,11,12,13,14,15,16,17,18,19,20,21,22,23,24,25,26,27,28,29,30,31,32	domain	gap	30
chr2	77680000	3,4,5,6,7,8,9,10,11,12,13,14,15,16,17,18,19,20,21,22,23,24,25,26,27,28,29,30,31,32	gap	domain	30
chr2	78120000	3,8,9	domain	domain	3
chr2	78320000	3,5,6,8,9,10,11,12,13,14,15	domain	boundary,domain	11
chr2	78400000	3,4,5,6,7,8,9,10,11,12	boundary,domain	boundary,domain	10
chr2	78480000	8	boundary	domain	1
chr2	78680000	4,5,6	domain	domain	3
chr2	79040000	3,4,5,6,7,8,9,10,11,12,13,14,15,16,17,18,19,20,21,22,23,24,25,26,27,28,29,30,31,32	domain	boundary,domain	30
chr2	79240000	3,4,5,6,7,8,9,10,11,12,13,14,15,16,18,19,20,21,22,23	boundary,domain	domain	20
chr2	79480000	4	domain	domain	1
chr2	80000000	3,4,5,6,7,8,9,10,11,12,13,14,15,16,17,18,19,20,21,22,23,24,25,26,27,28,29,30,31,32	domain	boundary,domain	30
chr2	80600000	3,6,7,8,9,30	boundary,domain	boundary,domain	6
chr2	80760000	3,4,5,6,8,9,11,12,13,14,18,29,31	boundary,domain	boundary,domain	13
chr2	80880000	7,8	boundary	boundary,domain	2
chr2	81000000	5,6,7,9,10,11,12,13,14,15,16,17,18,19,20,22,23,25	boundary,domain	boundary,domain	18
chr2	81240000	3,4,5,6,7,8,9,10,11,12,13,14,16,17	domain	domain	14
chr2	81480000	3	domain	domain	1
chr2	81600000	5	domain	domain	1
chr2	81880000	3,4,5,6,7,8,9,10,11,12,13	domain	domain	11
chr2	82080000	3,4	domain	domain	2
chr2	82320000	3,7	domain	domain	2
chr2	82960000	4	domain	domain	1
chr2	83240000	3,4,5,6,7,8,10,11,12,13,15,16	domain	domain	12
chr2	83880000	4,5,6,7,8,9,10,11,12,13,14	boundary,domain	boundary,domain	11
chr2	83960000	5,6,7,11,13,14,15,16,21,24,26,27	boundary,domain	boundary,domain	12
chr2	84120000	18	domain	boundary	1
chr2	84400000	3,4,5,6,7,8,9,10,11,12,13,14,15,16,17,18,19,20,21,22,23,24,25,26,27,28,29,30,31,32	boundary,domain	boundary,domain	30
chr2	84640000	16	domain	domain	1
chr2	84920000	3,4,5,6,7,8,9,10,11,12,13,14,15,16,17,18,19,20,21,22,23,24,25,26,27,28,29,30,31,32	boundary,domain	boundary,domain	30
chr2	85320000	3,4,5,6,7,8,9,10,11,12,13,14,15,16,17,18,19,20,21,22,23,24,25,26,27,28,29,30,31,32	boundary,domain	boundary,domain	30
chr2	85600000	3,4,5,6,7,8,9,10,11,12,13,14,15,16,17,18,19,20,21,22,23,24,25,26,27	boundary,domain	domain	25
chr2	86200000	3,4,5,6,7,8,9,12	domain	domain	8
chr2	86440000	3,4,5,6	domain	domain	4
chr2	86720000	3,4,5,6,7,8,9,10,11,12,13,14,15,16,17,18,19,20,21,22,23,24,25,26,27,28,29,30,31,32	domain	gap	30
chr2	88000000	3,4,5,6,7,8,9,10,11,12,13,14,15,16,17,18,19,20,21,22,23,24,25,26,27,28,29,30,31,32	gap	domain	30
chr2	88200000	3,4	domain	domain	2
chr2	88440000	3,4,5,7	domain	domain	4
chr2	88760000	3,4,5,6,7,8,9,10,11,12,13,14,15,16,17,18,19,20,21,22,23,24,25,26,27,28,29,30,31,32	domain	gap	30
chr2	88800000	3,4,5,6,7,8,9,10,11,12,13,14,15,16,17,18,19,20,21,22,23,24,25,26,27,28,29,30,31,32	gap	domain	30
chr2	88960000	3,4,5,6,7,8,9,10,11,12,13,14,15,16,17,18,19,20,21,22,23,24,25,26,27,28,29,30,31,32	domain	gap	30
chr2	94880000	3,4,5,6,7,8,9,10,11,12,13,14,15,16,17,18,19,20,21,22,23,24,25,26,27,28,29,30,31,32	gap	domain	30
chr2	95200000	3,4	domain	domain	2
chr2	95400000	3,4,5,6,7,8,9,10,11,12,13,14,15,16,17,18,19,20,21,22,23,24,25,26,27,28,29,30,31,32	domain	gap	30
chr2	96080000	3,4,5,6,7,8,9,10,11,12,13,14,15,16,17,18,19,20,21,22,23,24,25,26,27,28,29,30,31,32	gap	domain	30
chr2	96280000	4	domain	domain	1
chr2	96560000	3,4,5,6,7,8,9,10	domain	domain	8
chr2	96800000	3,4	domain	domain	2
chr2	97000000	3,4,5,6,7,8,9,10,11,12,13,14,15,16,17,18,19,20,21,22,23,24,25,26,27,28,29,30,31,32	domain	gap	30
chr2	97640000	3,4,5,6,7,8,9,10,11,12,13,14,15,16,17,18,19,20,21,22,23,24,25,26,27,28,29,30,31,32	gap	domain	30
chr2	98440000	3,4,5,6,7,8,9,10,11,12,13,14,15,16,18	domain	boundary,domain	15
chr2	98600000	3,4,5,6,16,17,18,19,20,21,22,23	boundary,domain	domain	12
chr2	98840000	3	domain	domain	1
chr2	98960000	3,4,6,25,26,27	domain	domain	6
chr2	99080000	3,4,9,10,11,24	domain	domain	6
chr2	99520000	3,4,5,6,7,8,9,10,11,12,13	domain	domain	11
chr2	100080000	3,4,5,6,7,8,9,10,11,12,13,14,15,16,17,18,19,20,21,22,23,24,25,26,27,28,29,30,31,32	domain	gap	30
chr2	100120000	3,4,5,6,7,8,9,10,11,12,13,14,15,16,17,18,19,20,21,22,23,24,25,26,27,28,29,30,31,32	gap	domain	30
chr2	100440000	3,5,6,7	domain	domain	4
chr2	100520000	9	domain	domain	1
chr2	100600000	3,4,6,7	domain	domain	4
chr2	101000000	3,4,5,6,7,8,9,10,11,12,13,14,15,16,17,18,19,20,21	domain	boundary,domain	19
chr2	101240000	3,4,5,8,9,10,11,12,13,14,15,16,17,18,19,20,21,22,23,24,25,26,27	boundary,domain	boundary,domain	23
chr2	101320000	3,4,5,6,7	boundary,domain	domain	5
chr2	101880000	3,4,5,6,7,8,9,10,11,12,13,14,15,16,17,20,21,22,31,32	domain	boundary,domain	20
chr2	102280000	3,4,5,6	domain	domain	4
chr2	102480000	3,4,5,6,7,8,9,10,11,12,13,14,15,16,17,18,19,20,21,23,24,25,30,31,32	domain	boundary,domain	25
chr2	102800000	4,5,6,7,8,9,10,11,12,13,14,15,16,17,18,19,20,21,22,23,24,25,26,27,28,29,30,31,32	boundary,domain	domain	29
chr2	103240000	6	domain	domain	1
chr2	103520000	4,5,6,7	domain	domain	4
chr2	103880000	3,4,5,6,7,8,9,10,11,12,13,14,15,16,17,18,19,20	domain	boundary,domain	18
chr2	104320000	3	domain	domain	1
chr2	104440000	3,4,5,6,7,8,9,10	domain	domain	8
chr2	104840000	3,4,5,6,7,8,9	domain	boundary,domain	7
chr2	105080000	8,9,10,11,12,13,14,15,17,19,20,22,23,24,25,26,27,31	boundary,domain	boundary,domain	18
chr2	105320000	3,4,5,6,7,8,9,10,11,12,13,14,15,16,17,18,19,20,21,22,23,24,25,26	boundary,domain	boundary,domain	24
chr2	105520000	3,4,5,6,7,8,9,10,11,12,13,14,15,16	boundary	domain	14
chr2	105960000	3	domain	domain	1
chr2	106080000	3	domain	domain	1
chr2	106360000	3,4,5,6,7,8,9,10,11,12,13,14,15,16,17,18,19,20,21,22,23,24,25,26,27,28,29,30,31,32	domain	gap	30
chr2	106520000	3,4,5,6,7,8,9,10,11,12,13,14,15,16,17,18,19,20,21,22,23,24,25,26,27,28,29,30,31,32	gap	domain	30
chr2	106920000	3,4,5	domain	domain	3
chr2	107560000	6	domain	domain	1
chr2	107840000	3,4,5,6,7,8,9,10,11,12,13,14,15,16,17,18,19,20,21,22,23,24,25,26,27,28,29,30,31,32	domain	gap	30
chr2	107920000	3,4,5,6,7,8,9,10,11,12,13,14,15,16,17,18,19,20,21,22,23,24,25,26,27,28,29,30,31,32	gap	domain	30
chr2	108200000	3,4,5	domain	domain	3
chr2	108480000	3,4,5,6,7,8,9,10,11,12,13,14,15,16,17,18,19,20,21,22,23,24,25,26,27,28,29,30,31,32	domain	gap	30
chr2	108760000	3,4,5,6,7,8,9,10,11,12,13,14,15,16,17,18,19,20,21,22,23,24,25,26,27,28,29,30,31,32	gap	domain	30
chr2	109120000	4,5,6	domain	domain	3
chr2	109520000	3,4	domain	domain	2
chr2	109720000	3,4,5,6,7,8,9,10,11,12,13,14,15,16,17,18,19,20,21,22,23,24,25,26,27,28,29,30,31,32	domain	gap	30
chr2	110640000	3,4,5,6,7,8,9,10,11,12,13,14,15,16,17,18,19,20,21,22,23,24,25,26,27,28,29,30,31,32	gap	domain	30
chr2	110800000	3	domain	domain	1
chr2	111240000	3,4,5,6,7,8,9,10,11,12,13,14,15,16,17,18,19,20,21,22,23,24,25,26,27,28,29,30,31,32	domain	gap	30
chr2	111880000	3,4,5,6,7,8,9,10,11,12,13,14,15,16,17,18,19,20,21,22,23,24,25,26,27,28,29,30,31,32	gap	domain	30
chr2	112080000	3,4	domain	domain	2
chr2	112360000	3,4,5,6,7,8,9,10,11,12,13,14,15,16,17,18,19,20,21,22,23,24,25,26,27,28,29,30,31,32	domain	gap	30
chr2	112440000	3,4,5,6,7,8,9,10,11,12,13,14,15,16,17,18,19,20,21,22,23,24,25,26,27,28,29,30,31,32	gap	domain	30
chr2	112600000	3	domain	domain	1
chr2	112720000	6	domain	domain	1
chr2	113040000	3,4,5,6,7	domain	domain	5
chr2	113360000	3,4,5,6,7,8,9,10,11,12,13,14,15,16,17,18,19,20,21,22,23,24,25,26,27,28,29,30,31,32	domain	gap	30
chr2	113680000	3,4,5,6,7,8,9,10,11,12,13,14,15,16,17,18,19,20,21,22,23,24,25,26,27,28,29,30,31,32	gap	domain	30
chr2	114000000	3,4,5,6	domain	domain	4
chr2	114600000	3,4,5,6,7,8,9,10,11,12,13,14,15,16,17,18,19,20,21,22	domain	domain	20
chr2	115000000	4	domain	domain	1
chr2	115200000	5,6,7,8,9	domain	domain	5
chr2	115520000	3,4,5,7,8	domain	boundary	5
chr2	115680000	6,7,8,9,11,13,14,15,16,17,19,21,22,23	boundary,domain	boundary	14
chr2	115800000	4,5,6,7,9,10,11,12,13,14,15,16,18,20,24	boundary,domain	boundary	15
chr2	115920000	4,5,11,12,13,15,17,18,20,21,22,28,30	boundary,domain	boundary,domain	13
chr2	116120000	3,6,8,9,10,16,25,26,27,28,29,31,32	domain	domain	13
chr2	116280000	3,5,6,7,8,9,12,13,14,15,16,17,18,19,20,21,22,23,24,25	boundary,domain	boundary,domain	20
chr2	116520000	4,5,6,7,8,9,10,11,12,13,14,15,16,17,18,19,21,23,24,25	boundary,domain	boundary,domain	20
chr2	117000000	3,4,5,6,7	domain	domain	5
chr2	117240000	5,8,9,10	domain	domain	4
chr2	117360000	5,6	domain	domain	2
chr2	117440000	3,4,5,6,7,8,9,10,11,12,13,14,15,17,18,19,20,21,22,23	domain	boundary,domain	20
chr2	117560000	3,4,15	boundary,domain	boundary,domain	3
chr2	117800000	4,5,6,7,8,9,10,11,12,13,14,15,16,17,18,19,20,21,22,23,24,25,26,27,28,29,30,31,32	boundary,domain	boundary,domain	29
chr2	118000000	3,4,5,13,14,15,16,17,18,19,20,21,22,23,24,25,26,27,28,29,30,32	boundary,domain	boundary,domain	22
chr2	118160000	3,4,5,6,7,8,9,10,11,12,13,14,19,20	boundary	domain	14
chr2	118720000	3,5	domain	domain	2
chr2	118880000	3,4,5,6,7,8,9	domain	domain	7
chr2	119000000	10,11,12,13,14,15,16,17,18,19,20,21,22,23,24,26,27,28,29,32	domain	boundary,domain	20
chr2	119280000	3,4,5,22	boundary,domain	boundary,domain	4
chr2	119400000	3,4,5,8,12,16,17,18,19,20,25	boundary,domain	boundary,domain	11
chr2	119520000	5,20	boundary	boundary	2
chr2	119640000	3,4,5,6,7,8,9,10,11,12,13,14,15,16,17,18,19,20,21,22,23,24,25,26,27,28,29,30,31,32	boundary,domain	boundary,domain	30
chr2	120120000	30	boundary	boundary	1
chr2	120200000	5,6,7,8,9,10,11,16,17,18,19,20,21,22,23,24,25,26,27,28,29,30,31,32	boundary,domain	boundary,domain	24
chr2	120320000	3,4,5,6,7,11,12,13,14,15,16	boundary,domain	domain	11
chr2	120680000	3,4,5,6,7,8,9,10,11,12,13,14,15,16,17,18,19,20,21,22,23,24,25,26,27,28,29	boundary,domain	domain	27
chr2	121120000	3,4,5,6,7,8,9,10,11,12,13,14,15,16,17,18,19,20,21,22,23,24,25,26,27,28,29,30,31,32	domain	boundary,domain	30
chr2	121400000	3,4,5,6,7	domain	domain	5
chr2	121760000	3,4,5,6,7,8,9,10,11,12,13,14,15,16,17,18,19,20,21,22,23,24,25,26,27,28,29,30,31,32	boundary,domain	domain	30
chr2	122440000	5,6,7,8	domain	domain	4
chr2	123000000	3,4	domain	domain	2
chr2	123440000	3	domain	domain	1
chr2	124000000	3,4,5,6,7,8,9,10,11,12,13,14,15,16,17,18,19,20,21,22,23,24,25,26,27,28,29,30,31,32	domain	domain	30
chr2	124400000	3,4	domain	domain	2
chr2	124480000	4,5,6	domain	domain	3
chr2	124600000	8	domain	domain	1
chr2	124720000	5	domain	domain	1
chr2	124800000	3,6,9	domain	domain	3
chr2	124920000	5,8,9,10	domain	domain	4
chr2	125040000	3,4,5,6,7,10,12	domain	domain	7
chr2	125200000	3,4,6	domain	domain	3
chr2	125520000	3,4,6,7,8,9,10,11	domain	domain	8
chr2	125640000	7	domain	domain	1
chr2	125760000	4,5,7	domain	domain	3
chr2	126200000	3,4,5	domain	domain	3
chr2	126440000	4,5,6,7	domain	domain	4
chr2	126600000	3,4	domain	domain	2
chr2	126720000	3,4	domain	domain	2
chr2	126800000	5	domain	boundary	1
chr2	127040000	3,4,5,6,7,8,9,10,11,12,13,14,15,16,17,18,19,20,21,22,23,24,25,26,27,28,29,30,31,32	boundary,domain	boundary,domain	30
chr2	127520000	3,4,5,6,7,8,9,10,11,12,13,14,15,16,17,18,19,20,21,22,23,24,25,26,27,28,29,30,31,32	boundary,domain	boundary,domain	30
chr2	127680000	5,6,7,8,9,10,11,12,13,14,15,16,17,18,19,20,21,22,23,24,25,26,27,28,29,30,31,32	boundary,domain	boundary,domain	28
chr2	127880000	14,20,26,27,28	boundary	boundary,domain	5
chr2	128040000	28	boundary	domain	1
chr2	128160000	7,11,13,14,16,20,21,22,23,24,25,26	boundary	boundary,domain	12
chr2	128280000	3,4,5,6,7,8,9,10,11,12,14,15,16,17,18,19,20	boundary,domain	domain	17
chr2	128640000	3,7,8,14	domain	domain	4
chr2	128720000	5,8,10	domain	domain	3
chr2	129240000	3,4,5,6,7,8,9,10	domain	domain	8
chr2	129440000	4	domain	domain	1
chr2	130000000	3,4,5,6,7,8,9,10,11,12,13,14,15,16,17,18,19,20,21,22,23,24,25,26,27,28,29,30,31,32	domain	gap	30
chr2	130240000	3,4,5,6,7,8,9,10,11,12,13,14,15,16,17,18,19,20,21,22,23,24,25,26,27,28,29,30,31,32	gap	domain	30
chr2	130400000	3,4,5,6,7,8,9,10,11,12,13,14,15,16,17,18,19,20,21,22,23,24,25,26,27,28,29,30,31,32	domain	gap	30
chr2	130720000	3,4,5,6,7,8,9,10,11,12,13,14,15,16,17,18,19,20,21,22,23,24,25,26,27,28,29,30,31,32	gap	domain	30
chr2	131160000	3,4,5,6,7,8,9,10,11,12,13,14,15,16,17,18,19,20,21,22,23,24,25,26,27,28,29,30,31,32	domain	gap	30
chr2	132360000	3,4,5,6,7,8,9,10,11,12,13,14,15,16,17,18,19,20,21,22,23,24,25,26,27,28,29,30,31,32	gap	domain	30
chr2	132520000	3	domain	domain	1
chr2	133200000	3,4,5,6,7,8,9,10,11,12,13,14,15	domain	domain	13
chr2	133520000	3	domain	domain	1
chr2	133840000	3,4,5,6,7,8,9,10,11,12,13,14,15,16,17,18,19,20,21,22,23,24,25,26,27,28,29,30,31,32	domain	domain	30
chr2	134080000	3,4,5,6	domain	domain	4
chr2	134440000	3,4,5,6,7,8,9,10,11,12,13,31,32	domain	domain	13
chr2	134920000	3,4,5,6,7,8,9,10,11,12,13,14,15,16,17,18,19,20,21,22,23,24,25,26,27,28,29,30,31,32	domain	domain	30
chr2	135760000	5,7,8	domain	boundary,domain	3
chr2	135840000	5,6,7,8,9,10,11,12,13,14,15,16,17,18,19,20,21,22,23,24,25,26,27,28,29,30,31,32	boundary,domain	boundary,domain	28
chr2	136400000	3,4,5,6,7,8,9,10,11,12,13,14,15,16,17,18,19,20,21,22,23,24,25,26,27,28,29,30,31,32	boundary,domain	domain	30
chr2	136680000	3	domain	domain	1
chr2	137440000	3,4,5,6,7,8,9,10,11,13,14,15,17,19,31,32	domain	boundary,domain	16
chr2	137680000	3	domain	domain	1
chr2	137840000	3,4,5,6,7,8,9,10,11,12,13,14,15,16,17,18,19,20,21,22,23,24,25,26,27,28,29,30,31,32	boundary,domain	domain	30
chr2	138880000	3,4,5,6,7,8,9,10,11,12,13,14,15,16,17,18,19,20,21,22,23,24,25,26,27,28,29,30,31,32	domain	domain	30
chr2	139200000	3,5,6,7	domain	domain	4
chr2	139400000	5,6,7,8	boundary,domain	domain	4
chr2	139480000	7	domain	domain	1
chr2	139600000	4	domain	domain	1
chr2	139680000	3,5,7,16	domain	domain	4
chr2	139840000	3,4,5,6,7,8,9,10,11,12,13,14,15,20	domain	domain	14
chr2	140000000	3,4,5,6,7,8,9,10,12,13,14,15,16,17,18,19,20,21,23,24	boundary,domain	boundary,domain	20
chr2	140080000	21,22	domain	domain	2
chr2	140200000	11	domain	domain	1
chr2	140320000	3,4,7	domain	domain	3
chr2	140440000	7	domain	domain	1
chr2	140520000	6	domain	domain	1
chr2	140760000	3,5	domain	domain	2
chr2	141000000	3,4,5	domain	domain	3
chr2	141480000	3	domain	domain	1
chr2	141560000	5	domain	domain	1
chr2	141960000	3,4,5,6,7,8,9,10,11,12,13	domain	boundary,domain	11
chr2	142200000	3,4,5,6,8,9,10,11,12,13,14,15,16,17,18,19,20,21,22,23,24,25,26,27,28,30	boundary,domain	domain	26
chr2	142360000	3,6,29,30,31,32	boundary,domain	boundary,domain	6
chr2	142520000	7	domain	boundary	1
chr2	142600000	3,4,5,6,7	boundary,domain	domain	5
chr2	142760000	3,4,5	domain	domain	3
chr2	143040000	3,4,5,6,7,8,9,10,11,12,13,14,15,16,17,18,19,20,21,22,23,24,25,26,27,28,29,30,31,32	boundary,domain	domain	30
chr2	143240000	3,4,5,11,12	boundary	domain	5
chr2	143560000	4,5	domain	domain	2
chr2	144240000	4,5,6	domain	domain	3
chr2	144680000	3	domain	domain	1
chr2	145480000	5,6,7,8,9,10,11,12,13,14,15,16,17,18,20,21,22,23,24,27	domain	domain	20
chr2	145600000	19,20	boundary,domain	domain	2
chr2	146040000	6,7,8,9	domain	boundary,domain	4
chr2	146160000	6,8,12	domain	boundary,domain	3
chr2	146520000	7,10	domain	boundary	2
chr2	146680000	3,5,6,7,8,9,10,11,12,13,14,15,16,17,18,19,20,21,22,23,24,25,26,27,28,29,30,31,32	boundary,domain	domain	29
chr2	147320000	3	domain	domain	1
chr2	147920000	3,4,5,6,7,8,9,10,11,12,13,14,15,16,17,18,19,20,21,22,23,24,25,26,27,28,29,30,31,32	domain	domain	30
chr2	148560000	5,9,10	domain	domain	3
chr2	149000000	3,4,5,6,7,8,9,10,11,12,13,14,15,16,17,18,19,20,21,22,23,24,25,26,27,28,29,30,31,32	domain	boundary,domain	30
chr2	149560000	3,4,5,6,7,8,9,10,11,12,13,14,15,16,17,18,19,20,21,22,23,24,25,26,27,28,29,30,31,32	boundary	domain	30
chr2	150520000	3,4,5	domain	domain	3
chr2	151240000	4,5,6	domain	domain	3
chr2	151560000	3,4,5,6,7,8,9,10,11,12,13,14,15,16,17,18,19,20,21,22,23,24,25,26,27,28,29,30,31,32	domain	gap	30
chr2	151600000	3,4,5,6,7,8,9,10,11,12,13,14,15,16,17,18,19,20,21,22,23,24,25,26,27,28,29,30,31,32	gap	domain	30
chr2	152040000	8,9,10	domain	domain	3
chr2	152160000	3,4,5,6,7,8,9,13	domain	domain	8
chr2	152640000	3,4	domain	boundary,domain	2
chr2	152760000	3,4,5	boundary,domain	domain	3
chr2	153000000	3,4,5,6,7,8,9,10,11,12,13,14,15,16,17,18,19,20,21,22,23,24,25,26,27,28,29,30,31,32	domain	gap	30
chr2	153040000	3,4,5,6,7,8,9,10,11,12,13,14,15,16,17,18,19,20,21,22,23,24,25,26,27,28,29,30,31,32	gap	domain	30
chr2	153480000	5	domain	domain	1
chr2	153560000	4,6,7,8,9,11,12	domain	boundary,domain	7
chr2	153640000	10,11	boundary,domain	domain	2
chr2	153720000	12,13,14	boundary,domain	domain	3
chr2	153840000	5	domain	domain	1
chr2	153960000	3,7	domain	domain	2
chr2	154120000	4,5,7,8,13,20,21,22,23,24	domain	boundary,domain	10
chr2	154200000	7,12,25,26	boundary,domain	boundary,domain	4
chr2	154360000	3,4,5,6,7,8,9,10,11,12,13,14,15,16,17,18,19,20,21	boundary,domain	domain	19
chr2	154520000	7,8,14	boundary,domain	domain	3
chr2	154640000	4	domain	domain	1
chr2	155000000	4,5,6	domain	domain	3
chr2	155360000	3,4,5,6,7,8,9,10,11,12,13,14,15,16,17,18,19,20,21,22,23,24,25,26,27,28,29,30,31,32	domain	domain	30
chr2	155720000	7	domain	domain	1
chr2	156600000	3,4,5,6,7	domain	domain	5
chr2	157280000	3,4,5,6,7,8,9,10,11,12,13,14,15,16,17,18,19,20,21,22,23,24,25,26,27,28,29,30,31,32	domain	domain	30
chr2	157760000	3	domain	domain	1
chr2	158040000	3,4,5,6,7,8,9,10,11,12,13,14,15	domain	domain	13
chr2	158800000	3,4,5,6,7,8,9,10,11,12,13,14,15,16,17,18,19,20,21,22,23,24,25,26,27,28,29,30,31,32	domain	boundary,domain	30
chr2	159120000	17,22,23,25,30,31,32	boundary	domain	7
chr2	159200000	4,5	domain	domain	2
chr2	159280000	7,8,9	domain	domain	3
chr2	159840000	28,29,31,32	domain	boundary	4
chr2	160040000	4,5,6,7,8,9,10,11,12,13,14,15,16,17,18,19,20,21,22,23,24,25,26,27,28,29,30,31,32	domain	domain	29
chr2	160240000	3,4,5,9,10,11,12,13	boundary,domain	domain	8
chr2	161160000	3,4,5,6,7,8,9,10,11,12,13,14,15,16,17,18,19,20,21,22,23,24,25,26,27,28,29,30,31,32	domain	boundary,domain	30
chr2	161360000	29	boundary	domain	1
chr2	161960000	3,4,5,6,7,8,9,10,11,12,13,14,15,16,17,18,19,20,21,22,23,24,25,26,27,28,29,30,31,32	domain	boundary,domain	30
chr2	162160000	3,4,10,11,12,13,14,15,16,17,18,19,20,21,22,23,24,25,26,27,28,29,30,31,32	boundary,domain	boundary,domain	25
chr2	162360000	3,4,5,6,7,8,9,10,11,12,13,14,15,16,17,18,19,20,21,22,23,24,25,26,27,28,29,30,31,32	boundary,domain	domain	30
chr2	162840000	3,4,5,6,7,8,9,10,11,15,16,17,18,19,20,21,22,23,24,25,26,27,28,29,30,31,32	domain	domain	27
chr2	163080000	24,25,26,28,29,30	boundary	boundary,domain	6
chr2	163160000	5,6,7,8,9,10,11,12,13,14,15,16,17,18,19,20,21,22,23,24,25,26,27	boundary,domain	domain	23
chr2	164400000	5	domain	domain	1
chr2	164520000	6,8,9,13,14	domain	boundary	5
chr2	164600000	3,4,5,6,7,8,9,10,11,12,13,14,15,16,17,18,19,20,21,22,23,24,25,26,27,28,29,30,31,32	boundary,domain	boundary,domain	30
chr2	164960000	4,5,6,7,8,10,17,18,19,20,21,22,23,24,25,26,27,28,29,30,31,32	boundary,domain	domain	22
chr2	165240000	10,12,13,14,15,16	domain	domain	6
chr2	165360000	7,8	domain	domain	2
chr2	165960000	3,4,5,6,7,8,9,10,11,12,13,14,15,17	domain	domain	14
chr2	166240000	3,4,5,6,9,10,11	domain	domain	7
chr2	166360000	3,7	domain	domain	2
chr2	166480000	3,4	domain	domain	2
chr2	166680000	3,4,5,6,7,8,9,10,11,12,13,14,15,16,17,18,19,20,21,22,23,24,25,26,27,28,29,30,31,32	domain	gap	30
chr2	166720000	3,4,5,6,7,8,9,10,11,12,13,14,15,16,17,18,19,20,21,22,23,24,25,26,27,28,29,30,31,32	gap	domain	30
chr2	166920000	4	domain	domain	1
chr2	167240000	3,4,5,6,7,8,9,10,11,12	domain	domain	10
chr2	167960000	9	domain	boundary	1
chr2	168160000	4,5,6,7,8,9,10,11,12,13,14,15,16,17,18,19,20,21,24	domain	boundary,domain	19
chr2	168320000	3,4,5,6,7,8,9,10,21,22	domain	domain	10
chr2	168800000	5,6,7,8,9,10	domain	domain	6
chr2	168920000	3,4,5,6	domain	domain	4
chr2	169240000	3,4,5,6,7,8,9,10,11,12,13,14,15,16,17,18,19,20,21,22,23,24,25,26,27,28,29,30,31,32	domain	gap	30
chr2	169280000	3,4,5,6,7,8,9,10,11,12,13,14,15,16,17,18,19,20,21,22,23,24,25,26,27,28,29,30,31,32	gap	domain	30
chr2	169600000	3,4,5,6,7,8,9,10,11,12,13,14,15,16,17,18,19,20,21,22,23,24,25,26,27,28,29,30,31,32	domain	gap	30
chr2	169640000	3,4,5,6,7,8,9,10,11,12,13,14,15,16,17,18,19,20,21,22,23,24,25,26,27,28,29,30,31,32	gap	domain	30
chr2	169800000	3	domain	domain	1
chr2	170200000	4,5,6,7,8,9,10,11,12	domain	domain	9
chr2	170920000	3,4,5,6,7,8,9,10,11,12,13,14,15,16,17,18,19,20,21,22,23,24,25,26,27,28,29,30,31	domain	boundary,domain	29
chr2	171080000	19,20,21	boundary	boundary,domain	3
chr2	171160000	3,4	domain	domain	2
chr2	171560000	3,4,5,6,7,8,9,10,11,12,13,14,15,16,17,18,19,20,21,22,23,24,25,26,27,28,29,30,31,32	boundary,domain	domain	30
chr2	172160000	3,4,5,6,7,8,9,10,11,12	domain	domain	10
chr2	172560000	3,4,5,6,8,10,12,15,16,19,20,23,27	domain	boundary,domain	13
chr2	172760000	5,7,8,9,10,11,12,13,14,15,16,17,18,19,20,21,22,23,24,25,26,27,28,29,30,31,32	boundary,domain	domain	27
chr2	173240000	3,4	domain	domain	2
chr2	173400000	4,5,6,7,8,9,10,11,12,13,14,15,16	domain	domain	13
chr2	174080000	3,4,5	domain	domain	3
chr2	174400000	3,4,5,6,7,8,9,10,11,12,13,14,15,16,17,18,19,20,21,22,23,24,25,29	domain	boundary,domain	24
chr2	174560000	13	boundary	domain	1
chr2	174720000	3,4,5,6,7,8,14,15,16,17,18,19,20,21,22,23,24,25,26,27,28,29,30,31,32	boundary,domain	domain	25
chr2	175000000	3,4,5,22,23,24,25,26,27,28,29,30,31,32	boundary,domain	domain	14
chr2	175160000	17,25,31	boundary,domain	domain	3
chr2	175280000	3,4,5,6,9,10,11,12,13,14,15,16	domain	domain	12
chr2	175640000	5	domain	domain	1
chr2	175720000	7	domain	domain	1
chr2	176080000	3,4,5,6,7,8,9,10,11,12,13,14,15,16,17,18,19,20	domain	domain	18
chr2	176640000	3,4,5,6,7,8,9,10,11,12	domain	domain	10
chr2	177160000	3,4,5,6,7,8,9,10,11,12,13,14,15,16,17,18,19,20,21,22,23,24,25,26,27	domain	domain	25
chr2	177360000	3,24	domain	boundary	2
chr2	177440000	4,5,6,21,22,23,24,25,26,27,29	boundary,domain	domain	11
chr2	177800000	4,5,6,7,8,9,10,11,12,13,14,15,16,17,18,19,20	domain	domain	17
chr2	178640000	3,4,5,6,7,8,9,10,11,12,13,14,15,16,17,18,19,20,21,22,23,24,25,26,27,28,29,30,31,32	domain	gap	30
chr2	178680000	3,4,5,6,7,8,9,10,11,12,13,14,15,16,17,18,19,20,21,22,23,24,25,26,27,28,29,30,31,32	gap	domain	30
chr2	179160000	3,4,10	domain	domain	3
chr2	179400000	3,4,5,6,7,8	domain	domain	6
chr2	179760000	3,4,5,6,7,8	domain	domain	6
chr2	179880000	19,20	domain	boundary	2
chr2	179960000	11,12,15,18,23,27,30,31	domain	boundary	8
chr2	180080000	3,4,5,6,7,8,9,10,11,12,13,14,15,16,17,18,19,20,21,22,23,24,25,26,27,28,29,30,31,32	boundary,domain	domain	30
chr2	180400000	3,4,5	domain	domain	3
chr2	181000000	11	domain	boundary	1
chr2	181080000	3,4,5,6,7,8,9,10,11,12,13	boundary,domain	domain	11
chr2	181400000	3	domain	domain	1
chr2	181720000	3,4,5,6,7,8,9,32	domain	domain	8
chr2	182120000	4,5,6,7,8,9,10,11,12,13,14,15,16,17,18,19,20,21,22,23,24,25,26,27,28,29,30,31,32	domain	domain	29
chr2	182720000	3,4,5,6,7,8,9,10,11,12,13,14,15,16,17,18,19,20,21,22,23,24,25,26,27,28,29,30,31,32	domain	boundary,domain	30
chr2	183160000	3,4,5,6,7,8,9,10,11,12,13,14,15,16,17,18,19,20,21,22,23,24,25,26,27,28,29,30,31,32	boundary,domain	domain	30
chr2	183600000	4	domain	domain	1
chr2	183920000	3,4,5,6	domain	domain	4
chr2	184480000	4,5,6,7,8,9,10,12,13,14,15,20	domain	boundary,domain	12
chr2	184720000	3,4,5,6,7,8,9,10,11,12,13,14,15,16,17,18,19,21,22,23,25,26,27,28,29	boundary,domain	domain	25
chr2	184920000	6	domain	domain	1
chr2	185000000	3,4,11,14,22,23,24,27,28,29,30,31,32	boundary,domain	boundary,domain	13
chr2	185120000	22	domain	domain	1
chr2	185200000	3,4,5,7,8,9,10,11,12,13,14,15,16,17,18,19,20,21,22,24,25,26,27,28,29	boundary,domain	boundary,domain	25
chr2	185640000	6	domain	domain	1
chr2	185720000	3,4,5,7,8	domain	domain	5
chr2	186280000	4	domain	domain	1
chr2	186360000	9,19	domain	boundary,domain	2
chr2	186480000	3,4,5,13,14,15,16,17,18,19,20,21,22,25	boundary,domain	boundary,domain	14
chr2	186720000	4,9,11,19,23	boundary,domain	boundary	5
chr2	186800000	5,6,7,8,9,10,11,12,13,14,15,16,17,18,19,20,21,22,23,24,25,26,27,28,29,30,31,32	boundary,domain	boundary,domain	28
chr2	187160000	28	boundary	boundary	1
chr2	187240000	4	domain	domain	1
chr2	187480000	3,4,5,6,7,8,9,10,11,12,13,14,15,16,17,18,19,20,21,22,23,24,25,26,27,28,29,30,31,32	boundary,domain	domain	30
chr2	187640000	3	domain	domain	1
chr2	187880000	3,4,5,6	domain	domain	4
chr2	188520000	5,6,7,8,9,10,11,12,13,14,15,16,17	domain	domain	13
chr2	189040000	3,5,6,7,8,9,10,11,12,13	domain	domain	10
chr2	189440000	4,5,6,7,8,9,10,11,12,13,14,15,16,17,18,19,20,21,22,23,24,25,26,27,28,29,30,31,32	domain	boundary,domain	29
chr2	189640000	3,4,7,8,9,10,11,12,13,14,15,16,17,18,19,20,21,22,23,24,25,26,27,28,29,30,31,32	boundary,domain	domain	28
chr2	189760000	3,6	domain	domain	2
chr2	190080000	3,4	domain	domain	2
chr2	190320000	5	domain	domain	1
chr2	190720000	3,9	domain	domain	2
chr2	190840000	3,6,17,20,21,22,23,24,26	domain	boundary,domain	9
chr2	191040000	3,4,5,6,7,8,9,10,11,12,13,14,15,16,17,18,19,20,21,22,23,24,25,26,27,28,29,30,31,32	boundary,domain	boundary,domain	30
chr2	191200000	3,4,5,8	domain	domain	4
chr2	191520000	3,4,5,6,7,8,9,10,11,12,13,14,15,16,17,18,19,20,21,22,23,24,25,26,27,28,29,30,31,32	boundary,domain	boundary,domain	30
chr2	191720000	4,5,6,10,11,12,13,14,15,16,17,18,19,20,21,22,23,24,25,26,27,28,29,30,31,32	boundary,domain	domain	26
chr2	192200000	4,5,6,7,8,9,10,11,12,13,14,15,16	domain	domain	13
chr2	192600000	3,4,5	domain	domain	3
chr2	192760000	3,4	domain	domain	2
chr2	193240000	3,4	domain	domain	2
chr2	193800000	4,12,13,14	domain	boundary	4
chr2	194000000	3,4,5,6,7,8,9,10,11,12,13,14,15,16,17,18,19,20,21,22,23,24,25,26,27,28,29,30,31,32	boundary,domain	domain	30
chr2	194120000	7	domain	domain	1
chr2	194440000	6	domain	domain	1
chr2	195320000	5,6,7,8,9,10,11,12,13,14	domain	domain	10
chr2	195680000	3,4,5,6,7,8,9	domain	domain	7
chr2	196080000	3,4,5,6,7,8,9,10,11,12,13,14,15,16,17,18,19,23,24,25,26,27,28,29,30,31,32	domain	boundary,domain	27
chr2	196480000	3,4,5,6,7,8,9,10,13,14,15,16,17,19,21,22,23,24,27,28,29,32	boundary,domain	boundary,domain	22
chr2	196720000	5,6,7,8,9,10,11,12,13,14,15,16,17,18,19,20,21,22,23,24,25,26,27,28,29,30,31,32	boundary,domain	domain	28
chr2	197400000	3,4,5,6,7,8,9,10,11,12,13,14	domain	domain	12
chr2	197520000	19	domain	boundary	1
chr2	197640000	16	domain	boundary	1
chr2	197720000	8,9,12,13,14,15	domain	boundary,domain	6
chr2	197800000	3,4,5,6,7,8,9,10,11,15,16,17,18,19,20,21,22,23,24,25,26,27,28,29,30,31,32	boundary,domain	boundary,domain	27
chr2	197920000	21,26,30	boundary	boundary,domain	3
chr2	198160000	24,26,27,28,29,31,32	boundary,domain	boundary,domain	7
chr2	198320000	3,4,5,6,7,8,9,10,11,12,13,14,15,16,17,18,19,20,21,22,23,24,25,27,28,29,31	boundary,domain	domain	27
chr2	198640000	4,5,6,7,9	domain	domain	5
chr2	198880000	3,4,5	domain	domain	3
chr2	199040000	3	domain	domain	1
chr2	199560000	3,4,5,6,7,8,9	domain	domain	7
chr2	199640000	3,11,12,13,14,15,16,17	domain	boundary,domain	8
chr2	199920000	3,4,5,6,7,8,9,10,11,12,13,14,15,16,17,18,19,20,21,22,23,24,25,26,27,28,29,30,31,32	boundary,domain	boundary,domain	30
chr2	200520000	3,4,5,6,7,8,9,10,11,13,14,17,18,19,21,23,24,25,26,27,28,29,30,31,32	domain	domain	25
chr2	200840000	3,4,5,6,7,8,9,10,11,12,13,14,15,16,17,18,19,20,21,22,23,24,25,26,27,28,29,30,31,32	boundary,domain	domain	30
chr2	201480000	3	domain	domain	1
chr2	201760000	3,4,5,6,7,8,9,10,11,12,13,14,15,16,17,20,21,22,23	domain	domain	19
chr2	202240000	3,4,5,6,7,8,9,10,11,12,13,14,15,16,17,18,19,20,21,22,23,24,25,26,27,28,29,30,31,32	domain	boundary,domain	30
chr2	202560000	3,4,5,6,7,8,9,26,30,31	boundary,domain	domain	10
chr2	203480000	5,6,7,8,9,10,22,27,28,29,30,31,32	domain	boundary,domain	13
chr2	203960000	3,4,5,6,7,8,9,10,11,12,13,14,15,16,17,18,19,20,21,22,23,24,25,26,27,28,29,30,31,32	boundary,domain	boundary,domain	30
chr2	204240000	4,5,6,9,13,15,16,17,18,19,20,21,22	boundary,domain	domain	13
chr2	204720000	3,4,8	domain	domain	3
chr2	205720000	3,4,5,6,7,8,9,10,11,12,13,15,17,20,22,23,25,27,28,29,31	domain	domain	21
chr2	205960000	3,4,5,6,7,8,9,10,11,12,13,14,15,16,17,18,19,20,21,22,23,24,25,26,27,28,29,30,31,32	boundary,domain	boundary,domain	30
chr2	206160000	3,4,5,6,7,8,9,10,11,12,13,14,15,16,17,18,19,20,22,23,24,25,26,27,32	boundary,domain	domain	25
chr2	206440000	3	domain	domain	1
chr2	206560000	3,7,8	domain	domain	3
chr2	206680000	3,4,5,9,10,11,12,15	domain	domain	8
chr2	206800000	3	domain	domain	1
chr2	207480000	3,4,5,6,7,8,9,10,11,12,13,14,15,16,17,18,19,23	domain	boundary,domain	18
chr2	207720000	3,4,5,6,17,18,20,21,22,23,24,25	boundary,domain	domain	12
chr2	208120000	3,4,5,6,7,8,9,10,12,13,14,15,16	domain	boundary,domain	13
chr2	208360000	3,4,5,6,7,8,9,10	boundary,domain	domain	8
chr2	208800000	3,4,5,6,7,8,9,10,11,12,13,14,15,16,17,18,19,20,21,22,23,24,25,26,27,28,29,30,31,32	domain	gap	30
chr2	208840000	3,4,5,6,7,8,9,10,11,12,13,14,15,16,17,18,19,20,21,22,23,24,25,26,27,28,29,30,31,32	gap	domain	30
chr2	209200000	3,5,6,7	domain	boundary,domain	4
chr2	209320000	5,6,7,8,9,10,11	boundary,domain	domain	7
chr2	209440000	13,14	domain	domain	2
chr2	209600000	4,5,6,7,16,17	domain	domain	6
chr2	209800000	4	domain	domain	1
chr2	209960000	4,7	domain	domain	2
chr2	210240000	3,4,5,6,7,8,9,10,11,12,13,14,15,16,17,18,19,20,21,22,23,24,25,26,27,28,29,30,31,32	domain	boundary,domain	30
chr2	210480000	3,4,5,6,7,8,9,10,11,12,13,14,15,16,17,18,19,20,21,22,23,24,25,26,27,28,29,30,31,32	boundary,domain	domain	30
chr2	210760000	3,4,5	domain	domain	3
chr2	210880000	4,5,6	domain	domain	3
chr2	211040000	3,4,5,6,7,8,9,10,11,12,13,14	domain	domain	12
chr2	211160000	3,5,6	boundary	domain	3
chr2	211440000	3,4,5,6	domain	domain	4
chr2	211600000	4,5,6,7,8,9,10,11,12,13,14,15,16,17,18	domain	boundary,domain	15
chr2	212120000	3,4,5,6,7,8	domain	domain	6
chr2	212640000	3,4,5,6,7,8,9,10,11,12,13,14,15,16,17,18,19,20,21,22,23,24,25,26,27,28,29,30,31,32	domain	boundary,domain	30
chr2	213200000	4,5,6,7,8,9,10,11,12,13,14,15,16,17,18,19,20,21,22,23,24,25,26,27,28,29,30,31,32	boundary,domain	domain	29
chr2	213720000	3	domain	domain	1
chr2	214960000	3,5	domain	domain	2
chr2	215320000	3,5,6,7,8,9,10,11,12,13,14,15,16,17,18,19,20,23,29,31,32	domain	boundary,domain	21
chr2	215960000	3,5,8,10	domain	boundary,domain	4
chr2	216080000	5,6,7,8,9,11,12,13,14,15,16,17,18,19,20,21,22,23,24,25,26,27,28,29,30,31,32	domain	boundary,domain	27
chr2	216480000	3,4,5,6,7,8,9,10,11,12,13,14,15,16,17,18,19,20,21,22,23,24,25,26,27,28,29,30,31,32	boundary,domain	boundary,domain	30
chr2	216680000	3,4,5,6,7,8,9,10,11,12,13,14,15,16	boundary,domain	domain	14
chr2	217160000	3	domain	domain	1
chr2	217520000	3,4,5,6	domain	domain	4
chr2	217760000	3,4,5,6,7,8,9,10,11,12,13,14,15,16,17,18,19,20,21,22,23,24,25,26,27,28,29,30,31,32	domain	boundary,domain	30
chr2	218080000	3,4,5,6	domain	boundary,domain	4
chr2	218160000	3,4,5,6,7,8,9,10,11,12,13,14,15,16,17,18,19,20,21,22,23,24,25,26,27,28,29,30,31,32	boundary,domain	boundary,domain	30
chr2	218400000	12,15,16,17,18,19,26,28	boundary	boundary,domain	8
chr2	218720000	4,5,6,7,8,9,10,11,12,13,14,15,16,17,18,19,20,22,23,24,26,28,31,32	boundary,domain	boundary	24
chr2	218840000	3,4,5,6,7,8,12	boundary,domain	boundary,domain	7
chr2	219000000	3,4,5,6,7,8,9,10,11,12,13,14,15,16,17,18,19,20,21,22,23,24,25,26,27,28,29,30,31,32	boundary,domain	boundary,domain	30
chr2	219160000	3	domain	domain	1
chr2	219400000	3,4,5,6,7,8,9,10,11,12,13,14,15,16,17,18,19,20,21,22,23,24,25,26,27,28,29,30,31,32	boundary,domain	boundary,domain	30
chr2	219680000	3,4,5,6,7,8,9,10,11,12,13,14,15,16,17,18,19,20,21,22,23,24,25,26,27,28,29,30,31,32	boundary	domain	30
chr2	220160000	3,4,5	domain	domain	3
chr2	220680000	3,4,5,6,7,8	domain	domain	6
chr2	220960000	3,4	domain	domain	2
chr2	221600000	3,4,5,6,7,8,9,10,11	domain	domain	9
chr2	222000000	3,4,5,6,7,8,9,10,11,12,13,14,15,16,17,18,19,20,21,22,23,24,25,26,27,28,29,30,31,32	domain	boundary,domain	30
chr2	222240000	3,26,27,28,29,30,31,32	boundary	boundary,domain	8
chr2	222640000	3,4,5,6,7,8,9,10,11,12,13,14,15,16,17,18,19,20,21,22,23,24,25,26,27,28,29,30,31,32	boundary,domain	boundary,domain	30
chr2	222960000	3,4,5,6,7,8,9,10,11,12,13,14,15,16,17,18,19,20,21,22,23	boundary,domain	domain	21
chr2	223280000	3	domain	domain	1
chr2	223680000	4,5,6,8,9,10,11	domain	domain	7
chr2	223880000	9,10,27	domain	boundary	3
chr2	223960000	4,5,6,7,8,9,10,11,12,13,14,15,16,17,18,19,20,21,22,23,24,25,26,27,28,29,30,31,32	boundary,domain	domain	29
chr2	224320000	4,6,7,8,31,32	domain	domain	6
chr2	224720000	4,5,6,7,8	domain	domain	5
chr2	225080000	3,4,5,6,7,8,9,10,11,12,13,14,15,16,17,18,19,20,21,22,23,24,25,26,27,28,29,30,31,32	domain	domain	30
chr2	225640000	3,4,5,6,7,8,9,10,11,12,13,14,15,16,17	domain	domain	15
chr2	225960000	5	domain	domain	1
chr2	226800000	3,4,5,6,7,8,9,10,11,12	domain	domain	10
chr2	227040000	3,4,8,9,10	domain	boundary,domain	5
chr2	227120000	6,7,8,9,11,12,13,14,15,16,17,18,19,20,21,23,24,25,26,27,28,31	boundary,domain	boundary,domain	22
chr2	227320000	3,4,5,6,7,8,9,10,11,12,13,14,15,16,17,18,19,20,21,22,23,24,25,26,27,28,29,30,31,32	boundary,domain	boundary,domain	30
chr2	227600000	22,24,27,30	boundary,domain	boundary,domain	4
chr2	227880000	3,4,5,6,7,8,9,10,11,12,13,14,15,16,17,18,19,20,21,22,23,24,25,26,27,28,29,30,31,32	boundary,domain	domain	30
chr2	228680000	3,4,5,6,7,8,9,10,11,12,13,14,15,16,17,18,19	domain	domain	17
chr2	229120000	3,5,7	domain	domain	3
chr2	229320000	3,4	domain	domain	2
chr2	229400000	7,13,14,15,16,17,18,19,20,22,27,28,30,31	domain	boundary,domain	14
chr2	229720000	3,4,5,6,7,8,9,10,11,12,13,14,15,16,17,18,19,20,21,22,23,24,25,26,27,28,29,30,31,32	boundary,domain	boundary,domain	30
chr2	229920000	3,4,12,13,14,16,25	boundary,domain	domain	7
chr2	230160000	4,5,9	domain	domain	3
chr2	230400000	3	domain	domain	1
chr2	230640000	3,4,5,6,7,8,9,10	domain	boundary,domain	8
chr2	230840000	3,4,5,6,7,8,9,10,11,12,13,14,16,17,18,19,20,21,22,23,24,25,26,27,28,30,31,32	boundary,domain	boundary,domain	28
chr2	231040000	3,4,5,6,7,8,9,10,11,12,13,14,15,16,17,18,19,20,21,22,23,24,25,26,27,28,29,30,31,32	boundary,domain	boundary,domain	30
chr2	231600000	3,4,5,6,7,8,9,10,11,12,13,14,15,16,17,18,19,20,21,22,23,24,25,26,27,28,29,30,31,32	boundary,domain	boundary,domain	30
chr2	231720000	3,4,5,6,7,8,9,10,11,12,13,14,15,18,19,22,24,30	boundary	domain	18
chr2	232560000	3,4,5,6,7,8,9,10,11,12,13,14,15,16,17,18,19,20,21,22,23,24,25,26,27,28,29,30,31,32	domain	domain	30
chr2	232840000	28,29	boundary	domain	2
chr2	233240000	3,4,5,6,7,8,9,10,11,12,13,14,15,16,19,20,21,22,23,24,25,26,27,28,29,30,31,32	domain	boundary,domain	28
chr2	233360000	4,5,6,8,9,13,15,17,18,19,20,23	boundary,domain	boundary,domain	12
chr2	233880000	3,4,5,6,7,8,9,10,11,12,13,14,15,16,17,18,19,20,21,22,23,24,25,26,27,28,29,30,31,32	boundary,domain	boundary,domain	30
chr2	234000000	8,12	boundary	boundary	2
chr2	234120000	3,4,5,6,7,8,9,12,13,14	boundary,domain	domain	10
chr2	234520000	3,4,5,6,7,8,9,10,11,12,13,14,15,16	domain	domain	14
chr2	235120000	3,4,5,6,7,8,9,10,11,12,13,14,15,16,17,18,19,20,21,22,23,24,25,26,27,28,29,30	domain	boundary,domain	28
chr2	235240000	29	boundary	domain	1
chr2	235400000	4,5,18,19,20,21	boundary,domain	domain	6
chr2	235480000	7,22	domain	domain	2
chr2	235600000	3,4,16,26	domain	boundary,domain	4
chr2	235760000	3,4,5,6,7,8,9,10,11,12,13,14,15,16,17,18,19,20,21,22,23,24,25,26,27,28,29,30,31,32	boundary,domain	boundary,domain	30
chr2	236280000	3,4,5,6,7,8,9,10,11,12,13,14,15,16,17,18,19,20,21,22,23,24,25,26,27,28,29,30,31,32	domain	domain	30
chr2	237080000	3,4,5,6,7,8,9,10,11,12,13,14,15,16,17,18,19,20,21,22,23,24,25,26,27,28,29,30,31,32	domain	boundary,domain	30
chr2	237440000	3,4,5,6,7,8,10,11,12,13,14,15,16,17,18,19,20,21,22,23,24,25,26,27,28,29,30,32	boundary,domain	boundary	28
chr2	237600000	3,4,5,7,8,9,10,11,12,16,19,22,26,30,31,32	boundary,domain	boundary,domain	16
chr2	237800000	4,5,6,7,8,9,10,11,12,13,14,15,16,17,18,19,20,24,31	boundary,domain	boundary,domain	19
chr2	238280000	4,5,6,7,8,9,10,11,12,13,14,15,16,17,18,19,20,21,22,23,24,25,26,27,28,29,30,31,32	boundary,domain	boundary,domain	29
chr2	238840000	14,17,18,19,21,23,25,26,27,28,29,30,31,32	boundary,domain	boundary	14
chr2	239000000	3,4,5,6,7,8,9,10,11,12,13,14,15,16,17,18,19,20,21,22,23,24	boundary,domain	domain	22
chr2	239400000	3,4,5,6,7,8,9,10	domain	domain	8
chr2	239880000	7,8	domain	domain	2
chr2	240040000	3,4,5,6,7,8,9,10,11,12,13,14,15	domain	boundary,domain	13
chr2	240160000	3,4,5,6,7,8,9,11,12	boundary,domain	domain	9
chr2	240440000	3,4	domain	domain	2
chr2	240680000	3,4,5,6,7,8,9,10,11,12,13,14,15,16,17,18,19,20,21,22,23,24,25,26,27,28,29,30,31,32	domain	gap	30
chr2	240720000	3,4,5,6,7,8,9,10,11,12,13,14,15,16,17,18,19,20,21,22,23,24,25,26,27,28,29,30,31,32	gap	domain	30
chr2	240960000	3,4,5,6,7,8,9,10,11,12,13,14,15,16,17,18,19,20,21,22,23,24,25,26,27,28,29,30,31,32	domain	gap	30
chr2	241000000	3,4,5,6,7,8,9,10,11,12,13,14,15,16,17,18,19,20,21,22,23,24,25,26,27,28,29,30,31,32	gap	domain	30
chr2	241280000	4,5	domain	domain	2
chr2	241720000	3,4,5,6,7,8	domain	domain	6
chr2	241880000	3,4	domain	domain	2
chr2	242080000	3,4,5,6,7,8,9,10,11,12,13,14,15,16,17,18,19,20,21,22,23,24,25,26,27,28,29,30,31,32	domain	gap	30
chr2	242193529	3,4,5,6,7,8,9,10,11,12,13,14,15,16,17,18,19,20,21,22,23,24,25,26,27,28,29,30,31,32	gap	gap	30
chr20	40000	3,4,5,6,7,8,9,10,11,12,13,14,15,16,17,18,19,20,21,22,23,24,25,26,27,28,29,30,31,32	domain	gap	30
chr20	80000	3,4,5,6,7,8,9,10,11,12,13,14,15,16,17,18,19,20,21,22,23,24,25,26,27,28,29,30,31,32	gap	boundary,domain	30
chr20	280000	4	domain	domain	1
chr20	560000	3,4,5,6,7,8,9,10	boundary,domain	domain	8
chr20	760000	3,4,5,6,7,8,9,10,11,12,13,14,15,16	boundary	domain	14
chr20	1000000	13	domain	domain	1
chr20	1200000	6	domain	domain	1
chr20	1280000	3,4	domain	domain	2
chr20	1560000	3,4,5,6,7,8,9,10,11,12,13,14,15,16,17,18,19,20,21,22,23,24,25,26,27,28,29,30,31,32	domain	gap	30
chr20	1600000	3,4,5,6,7,8,9,10,11,12,13,14,15,16,17,18,19,20,21,22,23,24,25,26,27,28,29,30,31,32	gap	domain	30
chr20	1760000	3	domain	domain	1
chr20	2200000	3,4,5,6,7	domain	domain	5
chr20	2480000	3,4,5,6,7,8,9,10,11,12,13,14,15,16,17,18,19,20,21	domain	boundary,domain	19
chr20	2680000	5,6,7,11,12,13,14,15,16,17,18,19,20,21,22,23,24,25,26	boundary,domain	boundary,domain	19
chr20	2840000	13,20,21	boundary	boundary,domain	3
chr20	3040000	6,7,8,10,11,12,13,14,15,16,18,19,20,21,22,23,24,25,26,28,29	boundary,domain	boundary,domain	21
chr20	3160000	5,6,8,9,10,22,23,25,27,28,29,30,31,32	boundary,domain	boundary,domain	14
chr20	3680000	3,4,5,6,7,8,9,10,11,12,13,14,15,16,17,18,19,20,21,22,23,24,25,26,27,28,29,30,31,32	boundary,domain	boundary,domain	30
chr20	3880000	5,11	boundary,domain	domain	2
chr20	4080000	3,4,19,20,21,22,23,24,25,26,27,29,30,31,32	boundary,domain	boundary,domain	15
chr20	4200000	3,4,5,6,7,8,9,10,11,12,13,14,15,16,17,18,19,20,21,22,24,25,26,27,28,29,30,31,32	boundary,domain	domain	29
chr20	4600000	3,4,5,6,7,8,9,10,11,12,13,14	domain	domain	12
chr20	4960000	4	domain	domain	1
chr20	5120000	3,7,8,11,12,15,20,21,23,24,25,27,28,29,30,31	domain	boundary,domain	16
chr20	5240000	3,4,5,6,9,10,11,12,13,14,15,16,17,18,19,20,21,22,23,24,25,26,27,28,29,30,31,32	boundary,domain	boundary,domain	28
chr20	5480000	3,4,5,6,7,8,9,10,11,12,13,14,15,16,17,18,19,20,21,22,23,24,25,26,27,28,29,30,31,32	boundary,domain	domain	30
chr20	5800000	3,4	domain	domain	2
chr20	6120000	3,4,5,6,7,8,9,10,11,12,13,14,15,16,17,18,19,20,21,22,23,24,25,26,27,28,29,30,31,32	domain	domain	30
chr20	6480000	3,4	domain	domain	2
chr20	6680000	6,7,8,9,10,11,12,13	domain	domain	8
chr20	7040000	3,4	domain	domain	2
chr20	7320000	5,6,7,8	domain	boundary,domain	4
chr20	7440000	3,4,5,6,7,8,9,10,11	boundary,domain	domain	9
chr20	7560000	6	domain	domain	1
chr20	7920000	3,4,5,6,7,8,9,10,11,12,13,14,15,16,17,18,19,20,21,22,23,24,25,26,27,28,29,30	domain	domain	28
chr20	8760000	3,4,5,6,7,8,9,10,11,12,13,14,15,16,17,18,19,20,21,22,23,24	domain	domain	22
chr20	9400000	3,4,5,6,7,8,9,10,11,12,13,14,15,16,17,18,19,20,21,22,23,24,25,26,27,28,29,30,31,32	domain	boundary,domain	30
chr20	9600000	3,4,5,6,7,8,9,10,11,12,13,14,15,16,17,18,19,20,21,22,23,24,25	boundary,domain	domain	23
chr20	9920000	3,4,5,6,7,8	domain	domain	6
chr20	10400000	3,4,5,6,7,8,9,10,11,12,13,14,15,16,17,18,19,20,21,22,23,24,25	domain	domain	23
chr20	10680000	3,4,5,6	domain	domain	4
chr20	11320000	3,4,5,6,7,8,9,10,11,12,17	domain	domain	11
chr20	11560000	4,5,6,7,8,9,10,11,12,13,14,15,16,17,18,19,20,21,22,23,24,25,26,27,28,29,30,31,32	boundary,domain	domain	29
chr20	12280000	6,7	domain	domain	2
chr20	12400000	3	domain	domain	1
chr20	12680000	10	domain	boundary	1
chr20	12760000	10,11	boundary,domain	boundary	2
chr20	12880000	4,5,6,7,8,9,10,11,12,13,14,15,16,17,18,19,20,21,22,23,24,25,26,27,28,29,30,31,32	boundary,domain	boundary,domain	29
chr20	13120000	23,24,25,26,29,32	boundary	domain	6
chr20	13440000	3	domain	domain	1
chr20	13560000	31	domain	boundary	1
chr20	13800000	4,5,6,7,8,9,10,11,12,13,14,16,18,19,20,21,22,23,24,25,26,27,28,29,30,31,32	boundary,domain	boundary,domain	27
chr20	14120000	3,4,5,6,7,8,9,10,11,12,13,14,15,16,17,18,19,20,21,22,23,24,25	boundary,domain	domain	23
chr20	14320000	3	domain	domain	1
chr20	15120000	3,4,5,6,7,8,9,10,11,12,13,14,15,16,17,18,19,20,21,22,23,24,25,26,27,28,29,30,31,32	domain	gap	30
chr20	15160000	3,4,5,6,7,8,9,10,11,12,13,14,15,16,17,18,19,20,21,22,23,24,25,26,27,28,29,30,31,32	gap	domain	30
chr20	16000000	3,5,6	domain	domain	3
chr20	16200000	3	domain	domain	1
chr20	16520000	19,20,21,22,23,24,27,28,29,30,31,32	domain	boundary,domain	12
chr20	16800000	3,4,5,6,7,8,9,10,11,12,13,14,15,16,17,18,19,20,21,22,23,24,25,26,27,28,29,30,31,32	domain	domain	30
chr20	17160000	4	domain	domain	1
chr20	17480000	3,4,5,6,7,8,9,10,11,12,13,14,15,16,17,18,19,20,21,22,23,24,25,26,27,28,29,30,31,32	domain	domain	30
chr20	17680000	3,4,5	domain	domain	3
chr20	18040000	4,5,6,7,8,9,10,11,12,14,15,17,18,19,20,21,23,24,25,26,27,29,32	domain	boundary,domain	23
chr20	18360000	5,6,8,9,10,12,13,14,15,16,17,18,19,20,21,22,23,24,25,26,27,28,29,30,31,32	boundary,domain	boundary,domain	26
chr20	18520000	9,10,11,12,14,19,23	boundary	domain	7
chr20	18800000	3	domain	domain	1
chr20	19200000	3,4,5,6	domain	domain	4
chr20	19600000	6	domain	boundary	1
chr20	19680000	3,4,5,6,7,8,9,10,11,12,13,14,15,16,17,18,19,20,21,22,23,24,26,31,32	boundary,domain	boundary,domain	25
chr20	19800000	18	boundary	boundary	1
chr20	20040000	3,4,5,6,7,8,9,10,11,12,13,14,15,16,17,18,19,20,21,22,23,24,25,26,27,28,29,30,31,32	boundary,domain	boundary,domain	30
chr20	20360000	5	domain	domain	1
chr20	20600000	4,5,6,7,8,9,10,11,12,13,14,15,16,18,19,20,21,22,23,24,25,27,31,32	domain	domain	24
chr20	20840000	3,4,5,6,7,8,9,10,11,12,13,14,15,16,17,18,19	domain	domain	17
chr20	21480000	4	domain	domain	1
chr20	21640000	3,4,5,6,7,8,9,10,11,12,13,14,15,16,17,18,19,20,21,22,23,24,25,26,27,28,29,30,31,32	domain	domain	30
chr20	22160000	3,7,8,27	domain	boundary,domain	4
chr20	22280000	3,4,5,6,7,8,9,10,11,12,13,14,15,16,17,18,19,20,21,25,28	boundary,domain	domain	21
chr20	22680000	3,4,5,6,7,8	domain	domain	6
chr20	23360000	3,4,5,6,7	domain	domain	5
chr20	23720000	3,4,5,6,7,8,9,10,11,12,13,14,15,16,17,18,19,20,21,22,23,24,25,26,27,28,29,30,31,32	domain	gap	30
chr20	23760000	3,4,5,6,7,8,9,10,11,12,13,14,15,16,17,18,19,20,21,22,23,24,25,26,27,28,29,30,31,32	gap	domain	30
chr20	24160000	5	domain	domain	1
chr20	24920000	3,4,5,6,7,8,9,10,11,12,13,14,15,16,17,18,19	domain	boundary,domain	17
chr20	25200000	9,10,11	boundary,domain	domain	3
chr20	25320000	7,8	domain	boundary	2
chr20	25400000	3,4,5,6,7,8	boundary,domain	domain	6
chr20	25760000	3,4,5,6,7,8,9,10,11,12,13,14,15,16,17,18,19,20,21,22,23,24,25,26,27,28,29,30,31,32	domain	gap	30
chr20	31240000	3,4,5,6,7,8,9,10,11,12,13,14,15,16,17,18,19,20,21,22,23,24,25,26,27,28,29,30,31,32	gap	boundary,domain	30
chr20	31520000	3,4,5,6	domain	domain	4
chr20	31640000	8	domain	domain	1
chr20	31720000	3,4,5,6,7,10,11	domain	domain	7
chr20	32080000	3,4,5,6,7,8,9,10,11,12,13,14,15,16,19,20	boundary,domain	domain	16
chr20	32480000	3,4,7,8,9,16,17,18,19,20,21,22,23,24	domain	boundary,domain	14
chr20	32680000	3,18	boundary,domain	boundary,domain	2
chr20	32840000	4,5,6,7,8,9,10,11,12,13,14,15,16,17,18,19,20,21,22,23,24,25,26,27,28,29,31	boundary,domain	boundary,domain	27
chr20	33360000	3,4,5,6,7,8,9,10,11,12,13,14,15,16,17,18,19,20,21,22,23,24,25,26,27,28,29,30,31,32	boundary,domain	boundary,domain	30
chr20	33720000	3,4,5,6,7,8,9,10,19,20,21,22,23,24,25,26,27,28,29,30,31,32	boundary,domain	boundary,domain	22
chr20	34160000	3,4,5,6,7,8,9,10,11,12,13,14,15,16,17,18,19,20,21,22,23,24,25,26,27,28,29,30,31,32	boundary,domain	boundary,domain	30
chr20	34520000	17,18,19,20,21,22,23,24,25,26,27,28,29,30,31,32	boundary	boundary,domain	16
chr20	34800000	3,4,5,6,7,8,9,10,11,12,13,14,15,16,17,18,19,20,21,22,23,24,25,26,27,28,29,30,31,32	boundary,domain	domain	30
chr20	35280000	3,4,5,7,9,10,13,14,15,16	domain	boundary,domain	10
chr20	35440000	3,4,5,6,7,8,9,10,11,12,13,14,15,16,17,18,19,20,21,22,23,24,25,26,27,28,29,30,31,32	boundary,domain	boundary,domain	30
chr20	35720000	3,4,28,31	boundary	boundary	4
chr20	35960000	3,4,5,6,7,8,9,10,11,12,13,14,15,16,17,18,19,20,21,22,23,24,25,26,27,28,29,30,31,32	boundary,domain	boundary,domain	30
chr20	36160000	3,4,5,6,7,8,9,10,11,12,13,14,15,16,17,18,19,20,21,22,23,24,25,26,27,28,29,30,31,32	boundary,domain	domain	30
chr20	36480000	3,4,5,6,7,8,10,12	domain	domain	8
chr20	36960000	3,4,5,6,7,8,9,10,11,12,13,14,16,17,20,21,22,24,25,26,27,28,29,30,31,32	domain	boundary,domain	26
chr20	37160000	3,4,5,6,9,11,12,13,14,15,16,17,18,19,20,21,22,23,24,25,26,27,28,30,32	boundary,domain	boundary,domain	25
chr20	37560000	3,4,5,6,7,8,9,10,11,12,13,14,15,16,17,18,19,20,21,22,23,24,25,26,27,28,29,30,31,32	boundary,domain	domain	30
chr20	38040000	3	domain	domain	1
chr20	38240000	3,4,8	domain	domain	3
chr20	38440000	3,4,5,6,7,8,9,10,11,12,13,14,15,17,19,20,24,28	domain	boundary,domain	18
chr20	38640000	3,4,5,6,11,12,13,14,15,16,17,18,19,20,21,22,23,24,25,26,27,28,29,30,31,32	boundary,domain	boundary,domain	26
chr20	38800000	3,8,14,15,18,19,20,21,22,23,24,25,26,27,28,29,30,31,32	boundary,domain	boundary,domain	19
chr20	38920000	4,5,12	domain	boundary,domain	3
chr20	39080000	3,4,5,6,7,8,9,10,11,12,13,14,15,16,17,18,19,20	boundary,domain	domain	18
chr20	39880000	4	domain	domain	1
chr20	40160000	6	domain	domain	1
chr20	40720000	3,4,5,6,7,8,9,10,11	domain	boundary,domain	9
chr20	40960000	3,4,5,6,7,8,9,10,11,12,13,14,15,16,17,18,19,20,21,22,23,24,25,26,27,28,29,30,31,32	boundary,domain	boundary,domain	30
chr20	41120000	3,10,11,16,20,21,22,23,24,25,26,27,28,29,30,31,32	boundary,domain	domain	17
chr20	41440000	5,6,7,8,12,13,14,20,22,24,25,26,27,28,29,30,31,32	domain	boundary,domain	18
chr20	41720000	3,4,5,6,7,8,9,10,11,12,13,14,15,16,17,18,19,20,21,22,23,24,25,26,27,28,29,30,31,32	boundary,domain	domain	30
chr20	41960000	3,4,5	domain	domain	3
chr20	42520000	3	domain	domain	1
chr20	43240000	3,4	domain	domain	2
chr20	43400000	3,4,5,6,7,8,9,10,11,12,13,14,15,16,17,18,19,20,21,22,23,24,25,26,27,28,29,30,31,32	domain	domain	30
chr20	43680000	3,4,5,6,32	domain	domain	5
chr20	44120000	3,4,5,6,7,8	domain	boundary	6
chr20	44200000	3,4,5,7,8,9,10,11,12,13,14,15,16,17,18,19,20,21,22,23,24,25,26,27,32	boundary,domain	boundary,domain	25
chr20	44400000	3,24	domain	boundary	2
chr20	44680000	3,4,5,6,7,8,9,10,11,12,13,14,15,16,17,18,19,20,21,22,23,24,25,26,27,28,29,30,31,32	boundary,domain	boundary,domain	30
chr20	44760000	10,12	boundary	boundary	2
chr20	44880000	3,4,5,6,7,8,9,10,11,12,13,14,15,16,17,18,19,20,21,22,23,24,25,26,27,28,29,30,31,32	boundary,domain	domain	30
chr20	45120000	3	domain	domain	1
chr20	45320000	3,4,5,7	domain	domain	4
chr20	45480000	3,4,5,6,7	domain	domain	5
chr20	45800000	3,4,5,6,7,8,9,10,11,12,13,14,15,16,17,18,19,20	domain	boundary,domain	18
chr20	45960000	4,5,7,8,9,10,15,16,19,20,21,22,23,24,25,26,27,28,29,30,31,32	boundary,domain	boundary,domain	22
chr20	46120000	29	boundary	boundary	1
chr20	46480000	3,4,5,6,7,8,18,22,27,28,29	domain	boundary,domain	11
chr20	46720000	3,4,5,6,7,8,9,10,11,12,13,14,15,16,17,18,19,20,21,22,23,25,26	boundary,domain	domain	23
chr20	47240000	3,4,5,6,7,8,9,10,11,12,13	domain	domain	11
chr20	47400000	3,4	domain	domain	2
chr20	47640000	3	domain	domain	1
chr20	47800000	3,4,5,6,7,8,9,10,11,12,13,14,15,16,17,18,19,20,21,22,23,24,25,26,27,28,29,30,31,32	domain	gap	30
chr20	47840000	3,4,5,6,7,8,9,10,11,12,13,14,15,16,17,18,19,20,21,22,23,24,25,26,27,28,29,30,31,32	gap	domain	30
chr20	48400000	3,4	domain	domain	2
chr20	48640000	3,4,5,6,7,8,9,10,11,12,13,14,15,16,17,18,19	domain	boundary,domain	17
chr20	48920000	3,4,5,6,7,8,9,10,11,12,13,14,15,16,17,18,19,20,21,22,23,24,25,26	boundary,domain	boundary,domain	24
chr20	49280000	3,4,5,6,7,8,9,10,11,12,13,14,15,16,17,18,21,22,23,24,25,26,27,28,29,30,31	boundary,domain	boundary,domain	27
chr20	49560000	3,4,5,6	domain	domain	4
chr20	49960000	3,4,5,6,7,8,9,10,11,12,13,14,15,16,17,18,19,20,21,22,23,24,25,26,27,28,29,30,31,32	boundary,domain	boundary,domain	30
chr20	50120000	3,4,5,6,7,8,9,10,11,12,13,14,15,16,17,18,19,20,21,22,23,24,25,26,27,28,29,30,31,32	boundary,domain	boundary,domain	30
chr20	50200000	3,4,5	boundary,domain	domain	3
chr20	50480000	3,4,5,6,20,29,30,31,32	boundary,domain	boundary,domain	9
chr20	50760000	3,4,5,6,7,8,9,10,11,12,13,14,15,16,17,18,19,20,21,22,23,24,25,26,27,28,29,30,31,32	boundary,domain	boundary,domain	30
chr20	50960000	3,4,5,6,7,8,9,10,11,12,13,14,15,16,17,18,19,20,21,22,23,24,25,26,27,28,29,30,31,32	boundary	domain	30
chr20	51360000	3,4,5,6,7,8,9,10	domain	domain	8
chr20	51640000	3,4,5,6,7,8	domain	domain	6
chr20	52120000	4,5,6	domain	domain	3
chr20	52200000	7,8,9,10,11,12,13,14,15,16,17,18,19,20,21,22,23,24,25,26,27,28,29,30,31,32	domain	domain	26
chr20	52440000	3	domain	domain	1
chr20	53560000	3,4,5,6,7,8,9,10,11,12,13,14,15,16,17,18,19,20,21,22,23,24,25,26,27,28,29,30,31,32	domain	domain	30
chr20	53960000	3,5	domain	boundary,domain	2
chr20	54080000	3,4,5,6,7,8,9,10,11,12,13,14,15,16,17,18,19,20,21,22,23,24,25,26,27,28,29,30,31,32	boundary,domain	boundary,domain	30
chr20	54200000	3,4,5,6,7,8,9,14,15,17,18,19,20,21,22,25,27,28	boundary	boundary,domain	18
chr20	54640000	3,4,5,6,7,8,9,10,11,12,13,14,25,26,27,28,29,30,31,32	boundary,domain	domain	20
chr20	55440000	4	domain	domain	1
chr20	56200000	3,4,5,6,7,8,9,13,18	domain	boundary,domain	9
chr20	56360000	3,4,5,6,7,8,9,10,11,12,13,14,15,16,17,18,19,20,21,22,23,24,25,26,27,28,29,30,31,32	boundary,domain	boundary,domain	30
chr20	56480000	3,5,9,26	boundary,domain	domain	4
chr20	57080000	3,4,5,6,7,8,9,10,11,12,13,14,15,16,17,18,19,20,21,22,23,24,25,26,27,28,29,30,31,32	boundary,domain	boundary,domain	30
chr20	57360000	3,4,5,6,7,8,9,10,11,12,13,14,15,16,17,18,19,20,21,22,23,24,25,26,27,28,29,30,31,32	boundary,domain	boundary,domain	30
chr20	57480000	8	boundary	boundary	1
chr20	57600000	3,4,5,6,7,8,9,10,11,12,13	boundary,domain	domain	11
chr20	58240000	3,4,5,6,7,8,9,10,11,12,13,14,15,16,17,18,19,20,21,22,23,24,25,26,27,28,29	domain	domain	27
chr20	58840000	4,5,6,7,8,9,10,11,12,13,14,15	domain	domain	12
chr20	59040000	3,4	domain	domain	2
chr20	59240000	3	domain	domain	1
chr20	59520000	3,4,5,6,7,8,9,10,11,12,13,14,15,16,17,18,19,20,21,22,23,24,25,26,27,28,29,30,31,32	domain	domain	30
chr20	59760000	3,4,5,6,7,8,9,11,14,15,16,17,18,19,20,21,22,23,24,25,26,27,28,29,30,31,32	boundary,domain	boundary,domain	27
chr20	59880000	3,4,5,6,7,8,9,10,11,12,13,14,17,19,25,26	boundary	domain	16
chr20	60040000	3,4,6	domain	domain	3
chr20	60200000	3	domain	domain	1
chr20	60680000	3,4,5	domain	domain	3
chr20	61240000	3,4,5,6,7,8,9,10,11,12,13,14	domain	domain	12
chr20	61680000	3	domain	domain	1
chr20	61920000	3,4,5,6,7,8,9	domain	domain	7
chr20	62160000	3	domain	domain	1
chr20	62320000	3,4,5,6,7,8,9,10,11,12,13,14,15,16,17,18,19,20,21,22,23,24,25,26,27,28,29,30,31,32	domain	gap	30
chr20	62360000	3,4,5,6,7,8,9,10,11,12,13,14,15,16,17,18,19,20,21,22,23,24,25,26,27,28,29,30,31,32	gap	domain	30
chr20	62880000	3,4,5,6,7,8,9,10,11,12	domain	boundary,domain	10
chr20	63080000	3,4,8,15	domain	boundary	4
chr20	63240000	5,9,11,12,14,17,18,20,21	domain	domain	9
chr20	63480000	3,4,5,6,7,8,9,10,11,12,13,14,15,16,17,19	boundary,domain	domain	16
chr20	64000000	3,4	domain	domain	2
chr20	64120000	3	domain	domain	1
chr20	64280000	3,4,5,6,7,8,9,10,11,12,13,14,15,16,17,18,19,20,21,22,23,24,25,26,27,28,29,30,31,32	domain	gap	30
chr20	64360000	3,4,5,6,7,8,9,10,11,12,13,14,15,16,17,18,19,20,21,22,23,24,25,26,27,28,29,30,31,32	gap	gap	30
chr21	5000000	3,4,5,6,7,8,9,10,11,12,13,14,15,16,17,18,19,20,21,22,23,24,25,26,27,28,29,30,31,32	gap	gap	30
chr21	10320000	3,4,5,6,7,8,9,10,11,12,13,14,15,16,17,18,19,20,21,22,23,24,25,26,27,28,29,30,31,32	gap	domain	30
chr21	10480000	3,4,5,6,7,8,9,10,11,12,13,14,15,16,17,18,19,20,21,22,23,24,25,26,27,28,29,30,31,32	domain	gap	30
chr21	14080000	3,4,5,6,7,8,9,10,11,12,13,14,15,16,17,18,19,20,21,22,23,24,25,26,27,28,29,30,31,32	gap	domain	30
chr21	14360000	6	domain	domain	1
chr21	14440000	3,4	domain	domain	2
chr21	14840000	5,6,7,8,9,10	domain	domain	6
chr21	15080000	4,5	domain	domain	2
chr21	15600000	4,5,6,7,8,9,10,11,12,13,14,15,16	domain	boundary,domain	13
chr21	15680000	14	boundary	boundary	1
chr21	15760000	18,20	domain	boundary	2
chr21	15880000	3,4,5,6,7,8,9,10,11,12,13,14,15,16,17,18,19,20,21,22,23,24,25,26,27,28,29,30,31,32	boundary,domain	domain	30
chr21	16360000	3,4,5,6	domain	domain	4
chr21	16920000	4,5,6,7,8,9,10	domain	domain	7
chr21	17320000	3,4,5,6,7,8,9,10,11,12,13,14,15,16,17,18,19,20,21,22,23,24,25,26,27,28,29,30,31,32	domain	boundary,domain	30
chr21	17640000	3,4,5,6,7,8,9,10,11,12,13,14,15,16,17,18,19,20,21,22,23,24,25,26,27,28,29,30,31,32	boundary,domain	domain	30
chr21	17920000	4,5,23,24,25,26,29,30,31,32	boundary,domain	boundary,domain	10
chr21	18040000	24,27,28,29,30	boundary,domain	boundary	5
chr21	18280000	4,5,6,7,8,9,10,11,12,13,14,15,16,17,18,19,20,21,22,23,24,25,26,27,28,29,30,31,32	boundary,domain	boundary,domain	29
chr21	18400000	8,13,26	boundary	boundary,domain	3
chr21	18480000	3,4,5,6,7,8,9,10,11,12,14,15,16,17,18,19,20,21,25,26,28	boundary,domain	boundary,domain	21
chr21	18560000	5,6,9,12	boundary	domain	4
chr21	18680000	7,10	boundary,domain	domain	2
chr21	18760000	4,5,6,8,27	domain	domain	5
chr21	18880000	4,5,6,8	domain	domain	4
chr21	18960000	4,6,8,9,10	domain	domain	5
chr21	19080000	3,4,5	domain	domain	3
chr21	19280000	3,4,5,6,7,8,9,10,11,12,13,14,15,16,17,18,19,20	domain	boundary,domain	18
chr21	19400000	7,9	boundary	domain	2
chr21	19600000	3,4	domain	domain	2
chr21	19960000	8,9,10	domain	domain	3
chr21	20440000	4,5,6,7,8,9,10	domain	domain	7
chr21	20960000	3,4,5,6,7,8,9,10,11,12,13,14,15,16,17,18,19,20,21,22,23,24,25,26,27,28,29,30,31,32	domain	boundary,domain	30
chr21	21120000	3,4,5,6,7,8,9	boundary	domain	7
chr21	21720000	3,4,5	domain	domain	3
chr21	21960000	3,4,5,6,7,8,9,10,11,12	domain	domain	10
chr21	23040000	3,4,5,6,7,8,9,10,11,12,13,14,15,16,17,18,19,20,21,22,23,24,25,26,27,28,29,30,31,32	boundary,domain	boundary,domain	30
chr21	23280000	3,4,5,6,7,8,9,10,14,16,17,26,27	boundary,domain	boundary,domain	13
chr21	23400000	3,4,5,11,12,13,18,19,20,24	boundary,domain	domain	10
chr21	23520000	4,8,9,14	domain	domain	4
chr21	23640000	7,12	domain	domain	2
chr21	23880000	3,4,5,6,7	domain	domain	5
chr21	24520000	5,7,8	domain	domain	3
chr21	24880000	5,6,7	domain	domain	3
chr21	24960000	9	domain	domain	1
chr21	25120000	3,4,5,6,7,15,18	domain	domain	7
chr21	25400000	3,4,5,6,7,8,9,10,11,12,13,14,15,16,17,18,19,20,21,22,23,24,25,26,27,28,29,30,31,32	domain	boundary,domain	30
chr21	25560000	3,8,9,10,11,12,13,14,15,16,17,18,19,20,24,25,26,31,32	boundary,domain	boundary,domain	19
chr21	25720000	3,4,7,8,9,10,11,12,13,14,15	boundary	domain	11
chr21	26240000	3,5,6,7,8,9	domain	domain	6
chr21	26600000	3	domain	domain	1
chr21	26800000	3,4,5,6,7,8,9,10,11,12,13,14,15,16,17,18,19,20,21,22,23,24,25,26	domain	domain	24
chr21	27840000	3,4,5,6,7,8,9,10,11,12,13,14,15,16,17,18,19,20,21,22,23,24,25,26,27,28,29,30,31,32	domain	gap	30
chr21	28040000	3,4,5,6,7,8,9,10,11,12,13,14,15,16,17,18,19,20,21,22,23,24,25,26,27,28,29,30,31,32	gap	domain	30
chr21	28400000	8	domain	domain	1
chr21	28760000	3,4,5	domain	domain	3
chr21	29040000	3,4,5,6,7,8,9,10,11,12,13,14,15,16,17,18,19,20,21,22,23,24	domain	boundary,domain	22
chr21	29400000	4,5,6,7,8,9,10,11,12,13,14,15,16,17,18,19,20,21,22,23,24,25,26,27,28,29,30,31,32	boundary,domain	boundary,domain	29
chr21	29880000	22,23,24,25,26,27,28,29,30,31,32	boundary,domain	boundary,domain	11
chr21	30000000	5,6,7,8,9,10,11,12,13,14,15,16,17,18,19,20,21,22	domain	domain	18
chr21	30480000	3,4,5,6,7,8	domain	domain	6
chr21	30760000	3,4,5,6,7,8,9	domain	domain	7
chr21	31080000	3,4,5,6,7,8,9,10,11,12,13,14,15,16,17,18,22,23,25	domain	boundary,domain	19
chr21	31200000	24,25,26,27,30	domain	boundary	5
chr21	31680000	3,4,5,6,7,8,9,10,11,12,13,14,15,16,17,18,19,20,21,22,23,24,25,26,27,28,29,30,31,32	domain	domain	30
chr21	32280000	3,4,5,6,7,8,9,10,11,12,13,14,15,16,17,18,19,20,21,22,23,24,25,26,27,28,29,30,31,32	boundary,domain	boundary,domain	30
chr21	32640000	3,5,6,7,8,12,13,14,15,16,17,18,19,20,21,22,23,24,25,26,27,28,29,30,31,32	boundary,domain	boundary,domain	26
chr21	32800000	3,4,5,7,8,9,11,12,13,14,25,26,27,28	boundary,domain	domain	14
chr21	33200000	3,4,5,6,7,8,9	domain	domain	7
chr21	33480000	3,4,5,6,7,8,9,10,11,12,13,14,15,16,17,19,20	domain	boundary,domain	17
chr21	33920000	3,4,5,6,7,8,9,10	domain	domain	8
chr21	34360000	3,4,5,6,7,8,9,10,11,12,13,14,15,16,17,18,19,20,21,22,23,24,25,26,27,28,29,30,31,32	domain	gap	30
chr21	34480000	3,4,5,6,7,8,9,10,11,12,13,14,15,16,17,18,19,20,21,22,23,24,25,26,27,28,29,30,31,32	gap	domain	30
chr21	34640000	3,4,5	domain	domain	3
chr21	34880000	3,4	domain	domain	2
chr21	35440000	3,4,5,6,7	domain	domain	5
chr21	36040000	6,7,8,9,11,15	domain	boundary	6
chr21	36120000	3,4,5,6,7,8,9,10,11,12,13,14,15,16,17,18,19,20,21,22,23,24,25,26,27,28,29,30,31,32	boundary,domain	boundary,domain	30
chr21	36360000	3,4,5,6,7,8,9,10,11,12,19,20,21,26	boundary,domain	domain	14
chr21	36720000	3,4,5	domain	domain	3
chr21	36960000	3,4,5,6,7,9,10,13,23,24,26,28,29,30,31,32	domain	boundary,domain	16
chr21	37120000	5,6,7,8,9,10,11,12,13,14,15,16,17,18,19,20,21,22,23,24,25,26,27,28,29,30,31,32	domain	domain	28
chr21	37640000	3,4,5,6,7,8,9,10,11,12,13,14,15,16,17,18,19,20,21,22,23,24,25,26,27,28,29,30,31,32	boundary,domain	domain	30
chr21	37920000	3	domain	domain	1
chr21	38160000	3,4	domain	domain	2
chr21	38400000	3,4,5,6,7,8,9,10,11,12,13,14,15,16,17,18,19,20,21,22,23,24,25,26,27,28,29,30,31,32	domain	boundary,domain	30
chr21	38720000	3,4,5,6,7,8,9,25,26,27	boundary,domain	domain	10
chr21	39200000	3,4,5,6,7,8,9,10,11,12,13,14,15,16,18,19	domain	boundary,domain	16
chr21	39400000	3	domain	domain	1
chr21	39480000	3,4,5,6,7,8,9,10,11,12	boundary,domain	domain	10
chr21	39760000	3,4,5	domain	domain	3
chr21	40000000	3,4,5,6,7,8,9,10,11,12,13,14,15,16,17,18,19,20,21,22,23,24,25,26,27,28,29,30,31,32	domain	gap	30
chr21	40040000	3,4,5,6,7,8,9,10,11,12,13,14,15,16,17,18,19,20,21,22,23,24,25,26,27,28,29,30,31,32	gap	domain	30
chr21	40440000	4	domain	domain	1
chr21	40840000	3,4	domain	domain	2
chr21	41120000	3,4,5,6,7,8,9,10,11,12,13,14,15,16,17,18,20,21,22,23,24,25,26	domain	boundary	23
chr21	41280000	3,4,8,9,18,19,25,26,27,28,29,30	boundary,domain	boundary,domain	12
chr21	41480000	3,4,5,6,7,8,9,10,11,12,13,14,15,16,17,18,19,20,21,22,23,24,25,26,27,28,29,30,31,32	boundary,domain	boundary,domain	30
chr21	41600000	3,4,5,7,8,9,10,11	boundary,domain	boundary,domain	8
chr21	41800000	3,5,11,13	boundary,domain	domain	4
chr21	42120000	3,4,5,6,7,8,9,10,11,12,13,14,15,16,17,18,19,20,21	boundary,domain	boundary,domain	19
chr21	42520000	3,4,5,6,7,8,9,10,11,12,13	domain	domain	11
chr21	42840000	3,4	domain	domain	2
chr21	43040000	3,4,5,6,7,8,9,10,11,12,13,14,15,16,17,18,19,20,21,22,23,24,25,26,27,28,29,30,31,32	domain	gap	30
chr21	43560000	3,4,5,6,7,8,9,10,11,12,13,14,15,16,17,18,19,20,21,22,23,24,25,26,27,28,29,30,31,32	gap	domain	30
chr21	43720000	3	domain	domain	1
chr21	44080000	3,4,5,6,7,8,9,10,11,12,13,14,15,16,17,18,19,20,21,22,23,24,25,26,27,28,29,30,31,32	domain,gap	gap	30
chr21	44240000	3,4,5,6,7,8,9,10,11,12,13,14,15,16,17,18,19,20,21,22,23,24,25,26,27,28,29,30,31,32	gap	domain	30
chr21	44480000	3,4,5	domain	domain	3
chr21	44800000	3,4,5,6,7,8,9,10,11,12,13	domain	boundary,domain	11
chr21	44880000	5,9,10,12,14,15	boundary,domain	domain	6
chr21	44960000	3	domain	domain	1
chr21	45160000	3,18,19,20	domain	domain	4
chr21	45280000	3,4,5,6,7	domain	domain	5
chr21	45480000	3,4,5,7,8,9,26,28	domain	domain	8
chr21	45640000	22,24,25	domain	domain	3
chr21	45920000	3,4,5,6,7,8,9,10,11,12,13,14,15,16,17,18	domain	boundary,domain	16
chr21	46080000	3,4,5,6,7,11	boundary	domain	6
chr21	46400000	3,4	domain	domain	2
chr21	46709983	3,4,5,6,7,8,9,10,11,12,13,14,15,16,17,18,19,20,21,22,23,24,25,26,27,28,29,30,31,32	domain	gap	30
chr22	10680000	3,4,5,6,7,8,9,10,11,12,13,14,15,16,17,18,19,20,21,22,23,24,25,26,27,28,29,30,31,32	domain	gap	30
chr22	17040000	3,4,5,6,7,8,9,10,11,12,13,14,15,16,17,18,19,20,21,22,23,24,25,26,27,28,29,30,31,32	gap	domain	30
chr22	17200000	3	domain	domain	1
chr22	17560000	3,4,5,6,7,8,9,10,11	domain	domain	9
chr22	17800000	3,4,5,6,7	domain	domain	5
chr22	18160000	3,4,5,6,7,8,9,10,11,12,13,14,15,16,17,18,19,20,21,22,23,24,25,26,27,28,29,30,31,32	domain	gap	30
chr22	18960000	3,4,5,6,7,8,9,10,11,12,13,14,15,16,17,18,19,20,21,22,23,24,25,26,27,28,29,30,31,32	gap	domain	30
chr22	19400000	5	domain	domain	1
chr22	19480000	3,4,6,7,8,12	domain	domain	6
chr22	19680000	3,4,5,6,7,8,9,10,11,12	domain	domain	10
chr22	19960000	3,4,5,6	domain	domain	4
chr22	20240000	3,4,5,6,7,8,9,10,11,12,13,14,15,16,17,18,19,20,21,22,23,24,25,26,27,28,29,30,31,32	domain	gap	30
chr22	20360000	3,4,5,6,7,8,9,10,11,12,13,14,15,16,17,18,19,20,21,22,23,24,25,26,27,28,29,30,31,32	gap	domain	30
chr22	20680000	3,4,5,6,7,8,9,10,11,12,13,14,15,16,17,18,19,20,21,22,23,24,25,26,27,28,29,30,31,32	domain	gap	30
chr22	20720000	3,4,5,6,7,8,9,10,11,12,13,14,15,16,17,18,19,20,21,22,23,24,25,26,27,28,29,30,31,32	gap	domain	30
chr22	20880000	3	domain	domain	1
chr22	21120000	3,4,5,6,7,8,9,10,11,12,13,14,15,16,17,18,19,20,21,22,23,24,25,26,27,28,29,30,31,32	domain	gap	30
chr22	21560000	3,4,5,6,7,8,9,10,11,12,13,14,15,16,17,18,19,20,21,22,23,24,25,26,27,28,29,30,31,32	gap	domain	30
chr22	22000000	3,4,5	domain	domain	3
chr22	22240000	3,4,5,6,7,8,9,10,11,12,13,14,15,16,17,18,19,20,21,22,23,24,25,26,27,28,29,30,31,32	domain	gap	30
chr22	22320000	3,4,5,6,7,8,9,10,11,12,13,14,15,16,17,18,19,20,21,22,23,24,25,26,27,28,29,30,31,32	gap	domain	30
chr22	22960000	3	domain	domain	1
chr22	23040000	8,9	domain	domain	2
chr22	23120000	3,4,5,6,7	domain	domain	5
chr22	23440000	3,4,5,6,7,8,9,10,11,12,13,14,15,16,17,18,19,20,21,22,23,24,25,26,27,28,29,30,31,32	domain	gap	30
chr22	23480000	3,4,5,6,7,8,9,10,11,12,13,14,15,16,17,18,19,20,21,22,23,24,25,26,27,28,29,30,31,32	gap	domain	30
chr22	23920000	3,4,5,6,7,8,9,10,11,12,13,14,15,16,17,18,19,20,21,22,23,24,25,26,27,28,29,30,31,32	domain	gap	30
chr22	24000000	3,4,5,6,7,8,9,10,11,12,13,14,15,16,17,18,19,20,21,22,23,24,25,26,27,28,29,30,31,32	gap	domain	30
chr22	24240000	3,4,5,6,7,8,9,10,11,12,13,14,15,16,17,18,19,20,21,22,23,24,25,26,27,28,29,30,31,32	domain	gap	30
chr22	24280000	3,4,5,6,7,8,9,10,11,12,13,14,15,16,17,18,19,20,21,22,23,24,25,26,27,28,29,30,31,32	gap	domain	30
chr22	24600000	3,4,5,6,7,8,9,10,11,12,13,14,15,16,17,18,19,20,21,22,23,24,25,26,27,28,29,30,31,32	domain	gap	30
chr22	24680000	3,4,5,6,7,8,9,10,11,12,13,14,15,16,17,18,19,20,21,22,23,24,25,26,27,28,29,30,31,32	gap	domain	30
chr22	24920000	3,4,5	domain	domain	3
chr22	25080000	3	domain	domain	1
chr22	25240000	3,4,5,6,7,8,9,10,11,12,13,14,15,16,17,18,19,20,21,22,23,24,25,26,27,28,29,30,31,32	domain	gap	30
chr22	25320000	3,4,5,6,7,8,9,10,11,12,13,14,15,16,17,18,19,20,21,22,23,24,25,26,27,28,29,30,31,32	gap	domain	30
chr22	25800000	3,4,5,6,7,8,9,10,11	domain	domain	9
chr22	26360000	3,4,5,6,7,8,9,10,11,12,13,14	domain	domain	12
chr22	26680000	3,4,5,6,7,8,9,10,11,12,13,14,15,16,17,18,19,20,21,22	domain	domain	20
chr22	27000000	3	domain	domain	1
chr22	27400000	4,5	domain	domain	2
chr22	27840000	3,4,5,6,7,8,9,10,11,12,13,14,15,16,17,18,19,20,21,22,23,24,25,26,27,28,29,30,31	domain	boundary,domain	29
chr22	28000000	3,4,5,9,10,11,17,25,26,27,30,31,32	boundary,domain	domain	13
chr22	28600000	4,6,7,8	domain	domain	4
chr22	28840000	3,4,5,6,29,31	domain	boundary,domain	6
chr22	29080000	4,5	domain	domain	2
chr22	29280000	3,4,5,6,7,8,9,10,11,12,13,14,15,16,17,18,19,20,21,22,23,24,25,26,27,28,29,30,31,32	boundary,domain	boundary,domain	30
chr22	29360000	5,9	boundary	domain	2
chr22	29560000	5,6,7,8,9,10	boundary,domain	domain	6
chr22	30120000	3,4,5,6,7,8,9	domain	domain	7
chr22	30440000	3,4,7,8,10,11,12,13,14,15,16,17,19,21	domain	boundary,domain	14
chr22	30600000	3,4,5,6,7,8,9,10,11,16,17,18,19,20,21,23,24,25,26,27,28,29,30,31,32	boundary,domain	domain	25
chr22	30920000	3,4,5,6	domain	domain	4
chr22	31320000	3,4,5,6,7,8,9,10,11,12,13,14,15,16,17,18,19	domain	domain	17
chr22	31960000	3	domain	domain	1
chr22	32120000	3,4,5,6,7,8,9,10,11,12,13,14,15,16,17,18,19,20,21,22,23,24,25,26,27,28,29,30,31,32	domain	gap	30
chr22	32320000	3,4,5,6,7,8,9,10,11,12,13,14,15,16,17,18,19,20,21,22,23,24,25,26,27,28,29,30,31,32	gap	domain	30
chr22	32520000	3,4	domain	domain	2
chr22	32800000	3,4	domain	domain	2
chr22	33000000	3,4,5	domain	domain	3
chr22	33240000	3,4,5,6,7,8,9,10,11,12,13,14,15,16,17,18,19	domain	domain	17
chr22	33600000	3,4,5	domain	domain	3
chr22	33920000	3,4,5,6,7,8	domain	domain	6
chr22	34120000	3,4,5	domain	domain	3
chr22	34400000	3,4	domain	domain	2
chr22	34920000	5,6,7,8	domain	domain	4
chr22	35040000	12,13,14	domain	boundary	3
chr22	35240000	3,4,5,6,7,8,9,10,11,12,13,14,15,16,17,18,19,20,21,22,23,24,25,26,27,28,29,30,31,32	boundary,domain	domain	30
chr22	35640000	3,4,5,6,7	domain	domain	5
chr22	36160000	3,4,5,6,7,8,9,11,12	domain	boundary,domain	9
chr22	36280000	3,7,8,9,10,11,12,13,14,15,17,18,19,20,21,22,23,24,25,26,27,28,29,30,31,32	boundary,domain	boundary,domain	26
chr22	36520000	3,4,5,6,7,8,9,10,11,12,13,14,15,16,17,18,19,20,21,22,23,24,25,26,27,28,29,30,31,32	boundary,domain	domain	30
chr22	36760000	3,4	domain	domain	2
chr22	37040000	4,5	domain	domain	2
chr22	37280000	3,4,5,6,7,8,9,10,11,12,13,14,15,16,17,18,19,21,23,24,26	domain	boundary,domain	21
chr22	37520000	3,4,5,6,7,8,9,10,11,12,13,14,15,16,17,18,19,20	boundary,domain	boundary,domain	18
chr22	37600000	4,5,7,9,10,11,12,13,17	boundary	boundary,domain	9
chr22	37800000	3,4,6,7,8,9,10,12	boundary,domain	boundary,domain	8
chr22	37880000	5	domain	domain	1
chr22	38000000	3,4,5,6,7	boundary,domain	domain	5
chr22	38360000	3,4,5,6,7,8,9,10,11,12,13,14,15,16,17,18,19,20,21,22,23,24,25,26,27,28,29,30,31,32	domain	gap	30
chr22	38400000	3,4,5,6,7,8,9,10,11,12,13,14,15,16,17,18,19,20,21,22,23,24,25,26,27,28,29,30,31,32	gap	domain	30
chr22	38680000	3,4,5,6,7	domain	domain	5
chr22	38840000	3	domain	domain	1
chr22	39160000	3,4,5,6,7,8	domain	domain	6
chr22	39360000	3,4,6,7,8,15,16,23	domain	domain	8
chr22	39520000	3,4,5,6,7,8,9,10,11,12,13,14,15,16,17,18,19,20	boundary,domain	domain	18
chr22	40040000	3,4,5,6,7,8,9,10,11,12,13	domain	domain	11
chr22	40400000	3,4,5,6,7,8,9,10,11,12,13,14,15,16,17,18,19,20,21,22,23,24,25,26,27,28,29,30,31,32	domain	boundary,domain	30
chr22	40680000	15,16,17,23,24,26	boundary,domain	domain	6
chr22	40800000	6,7,8,17,18,19,20,21,22,23,24,28,29,30,31,32	boundary,domain	domain	16
chr22	40880000	4,5,6	domain	domain	3
chr22	41360000	3,4,5,6,7,8,9,10,11,12,13,14,15,16,17,18,19,20,21,22,23,24,25,26,27	domain	boundary,domain	25
chr22	41680000	3,4,5,6,7,8,9,10,11,12,13,14,15,16,19	boundary,domain	domain	15
chr22	41960000	3,4	domain	domain	2
chr22	42120000	3	domain	domain	1
chr22	42480000	3,4,5,6,7,8,9,10,11,12,13,14,15,16,17,18,19,20,21,22,23,24,25,26,27,28,29,30,31,32	domain	gap	30
chr22	42520000	3,4,5,6,7,8,9,10,11,12,13,14,15,16,17,18,19,20,21,22,23,24,25,26,27,28,29,30,31,32	gap	domain	30
chr22	43200000	3,4,5,6,7,8,9,10,11,12,13,14,15,16	domain	boundary,domain	14
chr22	43360000	3,4,5,8,9,10,15,16,17,18	boundary,domain	domain	10
chr22	43960000	3,4,5,6,7,8,9,10,11,12,13,14,15,16,17	domain	domain	15
chr22	44120000	3,4	domain	domain	2
chr22	44680000	3,4,5,6,7,8,9,10,11,12,13,14,15,16,17,18,19,20,21,22,23,24,25,26,27,28,29,30,31,32	domain	boundary,domain	30
chr22	44960000	3,24	boundary,domain	domain	2
chr22	45240000	3,5,6	domain	domain	3
chr22	45560000	3,4,5,6,7,8,9,10	domain	domain	8
chr22	46040000	3,4,5,6,7,8,9,10,11,12,13,14,15,16,17,18,19,20,21,22,23,24,25,26,27,28,29,30,31,32	domain	gap	30
chr22	46080000	3,4,5,6,7,8,9,10,11,12,13,14,15,16,17,18,19,20,21,22,23,24,25,26,27,28,29,30,31,32	gap	domain	30
chr22	46360000	3,4,5	domain	domain	3
chr22	46560000	3,4,5,6,7,8,9,10,11	domain	boundary,domain	9
chr22	46760000	3,4,5,6,7,8,9,10,11,12,13,14,15,16	boundary,domain	domain	14
chr22	47200000	3,4,5,6,7,8,9,10	domain	domain	8
chr22	47640000	3,4,5,6,7,8,9,10	domain	domain	8
chr22	48040000	3,4	domain	domain	2
chr22	48520000	3,4,5,6,7,8,9,10,11,12,13,14,15,16,17,18,19,20,21	domain	domain	19
chr22	48760000	3	domain	domain	1
chr22	48880000	6	domain	domain	1
chr22	49320000	3,4,5,6,7,8	domain	domain	6
chr22	49760000	3,4,5,6,7,8,9,10,11,12	domain	domain	10
chr22	49920000	3	domain	domain	1
chr22	50120000	3	domain	domain	1
chr22	50280000	3,4,5,6,7,8,9,10,11,12,13,14,15,16,17,18,19,20,21,22,23,24,25,26,27,28,29,30,31,32	domain	gap	30
chr22	50320000	3,4,5,6,7,8,9,10,11,12,13,14,15,16,17,18,19,20,21,22,23,24,25,26,27,28,29,30,31,32	gap	domain	30
chr22	50760000	3,4,5,6,7,8,9,10,11,12,13,14,15,16,17,18,19,20,21,22,23,24,25,26,27,28,29,30,31,32	domain	gap	30
chr22	50818468	3,4,5,6,7,8,9,10,11,12,13,14,15,16,17,18,19,20,21,22,23,24,25,26,27,28,29,30,31,32	gap	gap	30
chr3	0	3,4,5,6,7,8,9,10,11,12,13,14,15,16,17,18,19,20,21,22,23,24,25,26,27,28,29,30,31,32	gap	gap	30
chr3	40000	3,4,5,6,7,8,9,10,11,12,13,14,15,16,17,18,19,20,21,22,23,24,25,26,27,28,29,30,31,32	gap	domain	30
chr3	360000	3	domain	domain	1
chr3	560000	3,4,5,6,7,8,9,10,11,12,13,14,15,16,17,18,19,20,21,22,23,24,25,26,27,28,29,30,31,32	domain	gap	30
chr3	640000	3,4,5,6,7,8,9,10,11,12,13,14,15,16,17,18,19,20,21,22,23,24,25,26,27,28,29,30,31,32	gap	domain	30
chr3	840000	3	domain	domain	1
chr3	1040000	5,6,7,8,9	domain	domain	5
chr3	1320000	4	domain	domain	1
chr3	1720000	3,5,6,8,9	domain	domain	5
chr3	2040000	3,4,5,6,7,8,9	domain	domain	7
chr3	3200000	3,4,5,6,7,8,9,10,11,12,13,14,15,16,17,18,19,20,21,22,23,24,25,26,27,28,29,30,31,32	domain	domain	30
chr3	4320000	3,4,5,6,7,8,9,10,11,12,13,14,15,16,17,18,19,20,21,22,23,24,25,26,27,28,29,30,31,32	domain	boundary,domain	30
chr3	4680000	4,5,6,7,8,9,10,11,12,21,22,23,24,25,26,27,28,29,30,31,32	boundary,domain	boundary,domain	21
chr3	5120000	4,7,8,9,10,12,14,15,22,23,24,26,28,29,30,31,32	boundary,domain	boundary,domain	17
chr3	5200000	5,6,7,8,9,10,11,12,13,14,15,16,17,18,19,20,21,22,23,24,25,26,27,28,29,30,31,32	boundary,domain	boundary,domain	28
chr3	5280000	3,5	boundary,domain	domain	2
chr3	5800000	5,6	domain	domain	2
chr3	6000000	3	domain	domain	1
chr3	6800000	4,5,6,7,8,9,10,11,12,13,14,15,16,17,18,19,20,21,22,23,24,25	domain	domain	22
chr3	8400000	3,4,5,8,9,10,11,12,13,14,15,16,17,18,19,20,21,22,23,24,25,26,27,28,29,30,31,32	domain	boundary,domain	28
chr3	8680000	3,4,5,6,7,8,9,10,11,12,13,14,15,16,17,18,19,20,21,22,23,24,25,26,27,28,29,30,31,32	domain	domain	30
chr3	8920000	12,13	boundary	domain	2
chr3	9320000	3,4,5,6,7,8,9,10,11,12,13,14,15,16,17,18,19,20,21,22,23,24,25,26,27,28,29,30,31,32	boundary,domain	boundary,domain	30
chr3	9440000	3,4,10,11	boundary	domain	4
chr3	9680000	3,4,5,6,7,8,9,13,14,15,16,17,18,19,20,21,22,23,24,25,26,27,28,29,30,31	boundary,domain	boundary,domain	26
chr3	10000000	3,4,24,32	boundary,domain	boundary,domain	4
chr3	10320000	3,4,5,6,7,8,9,10,11,12,13,14,15,16,17,18,19,20,21,22,23,24,25,26,27,28,29,30,31,32	boundary,domain	domain	30
chr3	10760000	3,4,5,6,7,8,27,28,29,32	domain	domain	10
chr3	10920000	3	domain	domain	1
chr3	11080000	3,4,5,6,7,8,9,10,11,12,13,14,15,16,17,18,19,20,21,22,23,24,25,26,27,28,29,30,31,32	domain	boundary,domain	30
chr3	11360000	3,4,5,6	domain	domain	4
chr3	11680000	3	domain	domain	1
chr3	11880000	3,4,5,6,7,8,9,10,11,12,13,14,15,16,17,18,19	domain	boundary,domain	17
chr3	12080000	3,4,5,8,9,10,12,13,14,15,16,17,18,19,20	boundary,domain	domain	15
chr3	12520000	3,4,5,6,7,8,9,10,11,12,13,14,15,16,17,18,19,20,21,23,27,30,31	domain	boundary,domain	23
chr3	12720000	3	domain	domain	1
chr3	12800000	4,5,6,7,8,9,10,11,12,13,14,15,16,17,18,19,20,21,22,23,24,25,26,27,28,29,30,31,32	boundary,domain	boundary,domain	29
chr3	13000000	3,4,5,6,7,8,9,10,11,12,13,15,16,18,19,20,21,22,23,24,25,26,27,28,29,30,31,32	boundary,domain	domain	28
chr3	13480000	3,4,5,6,7,8,9,10,11,12,13,14,15,16,17,18,19,20,21,22,23,24,25,26,27,28,29,30,31,32	domain	boundary,domain	30
chr3	13680000	3,4,5,6,7,8,9,10,11,12,13,14,15,16,17,18,19,20,21,22,23,24,25,26,27,28,29,30,31,32	boundary,domain	boundary,domain	30
chr3	13880000	18,19,20,21,25,26	boundary	boundary,domain	6
chr3	14120000	4,5,6,7,8,9,10,11,12,13,14,15,16,17,18,19,20,21,22,23,24,25,26,27,28,29,30,31,32	boundary,domain	domain	29
chr3	14520000	3,4,5,6,7,8,9	domain	domain	7
chr3	14640000	3,9,10,11,12,13,14,15,16,17,18,19,20,21,22,23,24,25,26,27,28,29,30,31,32	boundary,domain	boundary,domain	25
chr3	14960000	3,5,6,9,10,11,13,14,15,21,22,23,25,26,30,31,32	boundary,domain	boundary	17
chr3	15080000	3,4,6,7,8,9,10,11,12,13,14,15,16,17,18,19,20,21,22,23,24,25,26,27,28,29,30,31,32	boundary,domain	boundary,domain	29
chr3	15200000	3,18,22	boundary	boundary	3
chr3	15440000	3,18,19,20,21,22,25,26,28	boundary,domain	boundary,domain	9
chr3	15600000	3,4,5,6,7,8,9,10,11,12,13,14,15,16,17,18,19,20,21,22,23,24,25,26,27,28,29,30,31,32	boundary,domain	boundary,domain	30
chr3	15800000	3,4,20,21,22,24,25,26,31	boundary,domain	boundary,domain	9
chr3	16280000	3,4,5,6,7,8,9,10,11,12,13,14,15,16,17,18,19,20,21,22,23,24,25,26,27,28,29,30,31,32	boundary,domain	boundary,domain	30
chr3	16560000	3,4,5,6,7,8,9,10,11,12,13,14,15,16,17,18,19,20,22,23,24,26,27,32	boundary,domain	domain	24
chr3	16880000	3	domain	domain	1
chr3	17280000	3,4,5,6,7,8,9,10,11,12,13,14,15,16,17	domain	domain	15
chr3	17920000	4,5,6,7,8,9,10,11,12,13,14,15,16,17,18,19,20,21,22,23,24,25,26,27,28,29,30,31,32	domain	domain	29
chr3	18200000	3,4	domain	domain	2
chr3	18360000	4,5,6,7,8,9,10	domain	domain	7
chr3	18520000	4	domain	domain	1
chr3	18840000	3,4,5,6,7,8,11,12,14,16	domain	domain	10
chr3	19000000	3,4,5,6,7,8,9,10,11,12,13,14,15,16,17,18,19,20,21,22,23,24,25,26,27,28,29,30,31,32	boundary,domain	domain	30
chr3	19280000	3	domain	domain	1
chr3	19880000	3,4,5,6,7,8,9,10,11,12,13,14	domain	domain	12
chr3	20200000	3	domain	domain	1
chr3	20280000	7,8,9,10,11,12,13,16,19,20,21,22,23,24,25,26,27,28,29,30,31,32	domain	boundary,domain	22
chr3	20400000	6,7,8,9,10,11,12,13,14,15,16,17,18	boundary	domain	13
chr3	20680000	3	domain	domain	1
chr3	20960000	6,7	domain	domain	2
chr3	21360000	4,6	domain	domain	2
chr3	21960000	3,4,5,6,7,8,9,10,11,12,13,15,19,23,25	domain	boundary,domain	15
chr3	22160000	10,11,12,13,14,15,16,17,18,19,20,21,22,23,24,25,26,27,28,29,30,31,32	boundary,domain	boundary,domain	23
chr3	22520000	3,4,5,6,7,8,9,27,28,29,30,31,32	boundary,domain	boundary,domain	13
chr3	23000000	5,6,7,8,9,10,11,12,13,14,15,16,17,18,19,20,21,22,23,24,25,26,27,28,29,30,31,32	boundary,domain	domain	28
chr3	23200000	3,4,5,6	domain	domain	4
chr3	23960000	4,5,6,7,8,9,10,11,12,13,14,15,16,17,18,19,20,21,22,23,24,25,26,27,28,29,30,31,32	domain	domain	29
chr3	24720000	5,6,7,8,9,10,11,12,13,14,15,16,17,18,19,20,21,22,23,24,25,26,27,28,29,30,31,32	domain	domain	28
chr3	25640000	3,4,5,6,7,8,9,10,11,12,13,14,15,16,17,18,19,20,21,22,23,24,25,26,27,28,29,30,31,32	domain	boundary,domain	30
chr3	25840000	3,13,16,17,18,24,25,26,28	boundary,domain	domain	9
chr3	26160000	3,4,6,7,8,10,11,13	domain	domain	8
chr3	26720000	4,5,6,7,8,9,10,11,12,13	domain	domain	10
chr3	26960000	3,4,18,19,22,23,25,28	domain	boundary,domain	8
chr3	27040000	16,17,21	domain	boundary,domain	3
chr3	27120000	8,9,10,12,13,14,15,16,17,18,19,20,22,23,24,25,26,27,28,29,31,32	boundary,domain	boundary,domain	22
chr3	27280000	3,4,5,6,7,8,9,10,11,12,13,14,15,22,23,24,25,26,27,28,29,30,31,32	boundary,domain	domain	24
chr3	27480000	4	domain	domain	1
chr3	27720000	3,4,5,6,7,8,9,10,11,12,13,14,15,16,17,18	domain	domain	16
chr3	28360000	4,5,6,7,8,9,10,11,12,13,14,15,16,17,18,19,20,21,22,23,24,25,26,27,28,29,30,31,32	domain	domain	29
chr3	29880000	9,20,24,28,30,32	domain	boundary,domain	6
chr3	30000000	3,4,5,6,7,8,9,10,11,12,13,14,15,16,17,18,19,20,21,22,23,24,25,26,27,28,29,30,31,32	boundary,domain	domain	30
chr3	30760000	3,4,5,6,7,8,9,10,11,12,13,14,15,16,17,18,19	domain	domain	17
chr3	31520000	3,5,6,7,8,9,10,11,12,13,14,15,16,17,18,19,20,21,22,23,24,25,26,27,28,29,30,31,32	domain	domain	29
chr3	31840000	26	domain	domain	1
chr3	32000000	3,4,5	domain	domain	3
chr3	32160000	3,4,5,6,7,8,9,10,11,12,13,14,15,16,17,18,19,20,21,22,24,25,26,27,28,29,30,31,32	domain	boundary,domain	29
chr3	32360000	3,4,8,9,10,11,12,14,15,16,19,23,24,25,30,31,32	boundary,domain	boundary,domain	17
chr3	32480000	4,5,6,7,9,10,11,12,13,14,15,16,17,18,19,20,21,22,23,24,25,26,27,28,29,30,31,32	boundary,domain	boundary,domain	28
chr3	32560000	8	domain	domain	1
chr3	32680000	3,4,5,6,7,8,9,10,11,12,13,14,15,16,17,18,19,20,21,22,23,24,25,26,27,28,29,30,31,32	boundary,domain	boundary,domain	30
chr3	32920000	3,4,17,18,19,20,21,22,30	boundary,domain	boundary,domain	9
chr3	33120000	3,4,5,6,7,8,9,10,14,15,16,20,21,22,23,24,25,26,27,28,29,30,31,32	boundary,domain	boundary,domain	24
chr3	33400000	3,4,5,6,7,8,9,10,11,15,16,18,19,20,21,22,23,24,25,26,27,28,29,30,31,32	domain	domain	26
chr3	33840000	3,4,5,6,7,8,9,10,11,12,13,14,15,16,17,18,19,20,21,22,23,24,25,26,27,28,29,30,31,32	boundary,domain	domain	30
chr3	34120000	3	domain	domain	1
chr3	34720000	4,5,6,7,8,9,10,11,12,13,14,15,16,17,18	domain	domain	15
chr3	35160000	4	domain	domain	1
chr3	35360000	5,6,8,9,10	domain	domain	5
chr3	35560000	3,4	domain	domain	2
chr3	35680000	5,20,23	domain	boundary,domain	3
chr3	35760000	22	domain	boundary	1
chr3	35840000	3,12,14,15,16,17,18,19	domain	boundary,domain	8
chr3	35920000	4,5,6,7,9,13,16,17	boundary,domain	boundary,domain	8
chr3	36000000	3,4,5,6,7,8,9,10,11,12,13,14,15,19,20,21,22	boundary,domain	boundary,domain	17
chr3	36120000	3,5,7,8,10,11,12,14	boundary	domain	8
chr3	36600000	6	domain	boundary	1
chr3	36720000	3,4,5,6,7,8,9,10,11,12,14,15,16,17,18,19,20,21,22,23,24,25,26,27,28,29,30,31,32	boundary,domain	boundary,domain	29
chr3	36880000	7,8,9,11,12,13,14,15,19,21,22,28,29,30,32	boundary,domain	boundary,domain	15
chr3	36960000	3,4,5,6,10,16,17,18,20,22,23,24,25,26,27,29,31	boundary,domain	boundary,domain	17
chr3	37280000	3,4,5,6,7,8,9,10,11,12,13,14,15,16,17,18,19,20,21,22,23,24,25,26,27,28,29,30,31,32	domain	domain	30
chr3	37840000	3,4,5,6,7,8,9,10,11,12,13,14,15,16,17,18,19,20,21,22,23,24,25,26,27,28,29,30,31,32	domain	boundary,domain	30
chr3	38000000	3,4,5,6,7,8,9,10,11,12,13,14,15,16,17,18,19,20,21,22,23,24,25,26,27,28,30,31,32	boundary,domain	domain	29
chr3	38320000	12,14,15	domain	boundary,domain	3
chr3	38480000	3,8,9,10,11,12,13,14,15,16	boundary,domain	domain	10
chr3	38680000	3,4,5,6,7	domain	domain	5
chr3	39080000	3,4,5,6,7,8,9,10,11,12,13,14,15,16,17,18,21,22,23,24,25,26,27,28,29,30,31,32	domain	boundary,domain	28
chr3	39440000	4,5,6,7,8,9,10,11,12,13,14,15,16,17,18,19,20,21,22,23,24,25,26,27,28,29,30,31,32	boundary,domain	domain	29
chr3	39680000	5	domain	domain	1
chr3	40000000	4	domain	domain	1
chr3	40200000	3,4,5,6,7,8,9,10,11,12,13,14,15,16,24,25,26,27,28,29,30,31,32	domain	boundary,domain	23
chr3	40320000	3,10,11,12,16,17,18,19,20,21,22,23,24,25,26,32	boundary,domain	boundary,domain	16
chr3	40560000	3,4,5,6,7,8,9,10,11,12,13,14,15,16,17,18,19,20,21,22,23,24,25	boundary,domain	domain	23
chr3	41000000	3	domain	domain	1
chr3	41240000	3,4,6,7	domain	domain	4
chr3	41880000	3,4,5,6,7,8,9,10,11,12,13,14,15,16,17,18,19,20,23	domain	domain	19
chr3	42240000	3,4,5,6,7,8,9,10,11,12,13,14,15,16,17,18,19,20,21,22,23,24,25,26,27,28,29,30,31,32	boundary,domain	boundary,domain	30
chr3	42480000	3,4,5	domain	domain	3
chr3	42560000	6,7,8,9,11,12,13,14,15,18,19,20,21,22,23,24,25,26,27,28,29,30,31,32	boundary,domain	boundary,domain	24
chr3	42760000	10,13,15,16	boundary,domain	boundary,domain	4
chr3	42920000	3,4,5,6,7,8,9,10,11,12,13,14,15,16,17,18,19,20,21,22,23,24,29,31	boundary,domain	domain	24
chr3	43160000	4	domain	domain	1
chr3	43520000	6	domain	domain	1
chr3	43640000	10,11,13	domain	boundary,domain	3
chr3	43760000	3,5,6,7,8,9,12,13,14	boundary,domain	domain	9
chr3	44320000	3,4,5,6,7,8,9,10,11,12,13,14,15,16,17,18,19,20,21,22,23,24,25,26,27,28,29,30,31,32	domain	boundary,domain	30
chr3	44440000	32	boundary	domain	1
chr3	44520000	4	domain	domain	1
chr3	45000000	3,4,5,6,7,8,9,10,11,12,13,14,15,16,17,18,19,20,21,22,23,24,25,26,27,28,29,30,31,32	boundary,domain	domain	30
chr3	45240000	3,4	domain	domain	2
chr3	45480000	3,4,5,6,23,26	domain	domain	6
chr3	45720000	3,4,5,6,7,8,9,10,11,12,13,14,15,16,17,18,19,20,21,22,23,24,25,26,27,28,29,30,31,32	boundary,domain	boundary,domain	30
chr3	45920000	3,16,17,20,21	boundary,domain	boundary,domain	5
chr3	46080000	3,17,18,19,20,21,22,23,24,25,26,27,28,29,30,31,32	boundary,domain	boundary,domain	17
chr3	46480000	4,5,6,7,8,9,10,11,12,13,14,15,19,20,21,22,23,26,27,29	boundary,domain	boundary,domain	20
chr3	46680000	4,5,6,7,8,9,10,11,12,13,14,15,16,17,18,19,20,21,22,23,24,25,26,27,28,29,30,31,32	boundary,domain	boundary,domain	29
chr3	46840000	15,26	boundary	boundary,domain	2
chr3	46920000	3,4,5,6,7,8,9,10,11,12,13,14,16,17,18,19,20,21,22,23,24,25,26,27,28	boundary,domain	boundary,domain	25
chr3	47400000	3,4,5,6,7,8,9,10,11,12,13,14,15,16,17,18,19,20,21,22,23,24,25,26,27,28,29,30,31,32	boundary,domain	boundary,domain	30
chr3	47800000	3,4,5,6,7,8,9,10,18,19,20,21,22,23,24,25,26,27,28,29,30,31,32	boundary,domain	boundary,domain	23
chr3	48200000	3,4,5,6,7,8,9,10,11,12,13,14,15,16,17,18,19,20,21,22,23,24,25,26,27,28,29,30,31,32	boundary,domain	boundary,domain	30
chr3	48440000	12,26,27,29,30,31	boundary	boundary	6
chr3	48640000	3,4,5,6,7,8,9,10,11,12,13,14,15,16,17,18,19,20,21,22,23,24,25,26,27,28,29,30,31,32	boundary,domain	boundary,domain	30
chr3	48760000	8,11,14	boundary	boundary,domain	3
chr3	49000000	4,5,6,7,8,9,10,11,12,13,14,15,16,17,18,19,20,21,22,23,24,25,26,27,28,29,30,31,32	boundary,domain	boundary,domain	29
chr3	49280000	23	boundary	boundary	1
chr3	49520000	3,4,5,6,7,8,9,10,11,12,13,14,15,16,17,18,19,20,21,22,24,25,26,27,28,29,31	boundary	boundary	27
chr3	49680000	3,4,11,12,13,16	boundary,domain	boundary,domain	6
chr3	49960000	3,4,5,6,7,8,9,14,15	boundary,domain	boundary,domain	9
chr3	50120000	3,5,6,7,10	boundary,domain	boundary,domain	5
chr3	50360000	3,4,5,6,7,8,9,10,11,12,13,14,15,16,17,18,19,20,21,22,23,24,25,26,27,28,29,30,31,32	boundary,domain	boundary,domain	30
chr3	50560000	3,8,10,12,13,14,15,16,17,18,19,20,21,22,23,24,25,26,27,28,29,30,31,32	boundary,domain	boundary,domain	24
chr3	50640000	3,4,5,6,7,8,9,10,11,12	boundary	domain	10
chr3	51400000	3,4,5,6,7,8,9,10,11,12,13,14,15,16,17,18,19	domain	boundary,domain	17
chr3	51480000	19,20,21,22,31,32	boundary,domain	boundary	6
chr3	51720000	3,4,5	domain	domain	3
chr3	51920000	3,4,5,6,7,8,9,10,11,12,13,14,15,16,17,18,19,20,21,22,23,24,25,26,27,28,29,30,31,32	boundary,domain	boundary,domain	30
chr3	52200000	3,4,5,6,7,8,9,10,11,12,13,14,15,16,17,18,19,20,21,22,23,24,25,26,27,28,29,30,31,32	boundary,domain	boundary,domain	30
chr3	52400000	3,4,5,6,7,8,9,10,11,12,13,14,15,16,17,18,19,20,21,22,23,24,25,26,27,28,29,30,31,32	boundary,domain	boundary,domain	30
chr3	52560000	9,13,22	boundary	boundary,domain	3
chr3	52720000	3,4,5,6,7,8,9,10,11,12,13,14,16,17,18,19,20,21,22,23,24,25,26,27,28,29,30,31,32	boundary,domain	boundary,domain	29
chr3	53120000	3,4,5,6,7,8,9,10,11,12,13,14,15,16,17,18,19,20,21,22,23,26,28,30,31	boundary,domain	boundary,domain	25
chr3	53280000	3,4,5,6,7,8,9,10,11,12,13,14,15,16,17,18,19,20,21,22,23,24,25,26,27,28,29,30,31,32	boundary,domain	boundary,domain	30
chr3	53920000	3,4,5,6,7,8,9,10,11,12,13,14,15,16,17,18,19,20,21,22,23,24,25,26,27,28,29,30,31,32	boundary,domain	boundary,domain	30
chr3	54120000	3	domain	domain	1
chr3	54400000	3,5,6,7,8,9,10,25,26,27,28,29,30,31,32	boundary,domain	domain	15
chr3	54840000	3,4,5,8	domain	domain	4
chr3	55240000	5	domain	domain	1
chr3	55480000	3,4,5,6,7	domain	domain	5
chr3	55880000	3	domain	domain	1
chr3	56320000	6,8,9,10,13,18,19,20,21,23,24,25,26,28	domain	boundary,domain	14
chr3	56560000	5,6,7,8,9,10,11,12,13,14,15,16,17,18,19,20,21,22,23,24,25,26,27,28,29,30,31,32	boundary,domain	boundary,domain	28
chr3	56680000	5	domain	domain	1
chr3	57000000	3,4,5,6,7,8,9,10,11,12,13,14,15,16,17,18,19,20,21,22,23,24,25,26,27,28,29,30,31,32	boundary,domain	boundary,domain	30
chr3	57080000	7,8,9,10,11,12,13,18	boundary	boundary,domain	8
chr3	57240000	3,6,10,11,12,13,14,15,16,18,19,20,22,23,24	boundary,domain	domain	15
chr3	57840000	4,5,6,7,8,9,10,11,12,13,14	domain	boundary,domain	11
chr3	57960000	15,16,17,18,19,25	domain	boundary	6
chr3	58200000	3,4	domain	domain	2
chr3	58320000	3,4,5,6,7,8,9,10,11,12,13,14,15,16,17,18,19,20,21,22,23,24,25,26,27,28,30,31,32	boundary,domain	boundary,domain	29
chr3	58560000	3,4,10,11,12,13,14,15,16,17,19,20,21,22,23,24,25,26,27,28,29,30,31,32	boundary,domain	boundary,domain	24
chr3	58640000	4,5,6,7,8,9,10,15,18,20,21,23,27,28	boundary,domain	boundary,domain	14
chr3	58760000	3,4,5,6,8,9,11,12,13,16,17,19	boundary,domain	domain	12
chr3	59160000	3,4,6,7,8,9	domain	domain	6
chr3	59560000	4,5	domain	domain	2
chr3	59880000	3,4,5,6,7,8,9,10,11,12,13,14,15,16,17,18	domain	domain	16
chr3	60840000	3	domain	domain	1
chr3	61400000	3,4,5,6,7,8,9,10,11,12,13,14,15,16,17,18,19,21	domain	domain	18
chr3	61520000	3	domain	domain	1
chr3	62200000	3,4,5,6,7,8,9,10,11,12,13,14,15,16,17,18,19,20,21,22,23,24,25,26,27,28,29	domain	boundary,domain	27
chr3	62320000	19,20	boundary	boundary	2
chr3	62600000	3,4,5,6,7,8,9,10,11,12,13,14,15,16,17,18,19,20,21,22,23,24,25,26,27,28,29,30,31,32	boundary,domain	domain	30
chr3	63200000	3,4	domain	domain	2
chr3	63320000	3,4,5,6,7,8,9,10,11,12	domain	domain	10
chr3	63840000	3,4,5,6,7,8,9,10,11,12,13,14,15,16,17,18,19,20,21,22,23,24,25,26,27,28,29,30,31,32	domain	boundary,domain	30
chr3	64000000	3,4,5,6,7,8,9,10,12,14,15,16,17,18,20,21,25,31,32	boundary,domain	domain	19
chr3	64400000	3	domain	domain	1
chr3	64480000	3,4,5,6,7,8,9,10,11,12,13,14,15,16,17,18,19,20,21,22,23,24,25,26,27,28,29,30,31,32	domain	domain	30
chr3	64720000	3,4,5	domain	domain	3
chr3	65440000	3,4,5,16,17,18	domain	domain	6
chr3	65760000	3,4,5,6,7,8,9,10,11,12,24,25,26,27,28,29,30,31,32	domain	boundary,domain	19
chr3	66240000	3,4,5,6,7,8,9,10,11,12,13,14,15,16,17,18,19,20,21,22,23,24,25,26,27,28,29,30,31,32	boundary,domain	domain	30
chr3	66560000	3	domain	domain	1
chr3	66880000	3,4,5,6,7,8,9,10,11,12,13,14,15,16,17,18,19,20,21,22,23,24,25,26,27,28,29,30,31,32	domain	domain	30
chr3	67040000	3	domain	domain	1
chr3	67120000	3,4	domain	domain	2
chr3	67400000	3,4,5,6,7	domain	domain	5
chr3	67840000	3,4,5,6,7,8,9	domain	domain	7
chr3	68920000	3,4,5,6,7,8,10,12,13	domain	boundary,domain	9
chr3	69000000	6,7,8,9,10,11,12,13,14,15,16,17,18,19,20,21,22,23,24,25,26,27,28,29,31,32	boundary,domain	domain	26
chr3	69440000	3,4,5,6,7	domain	domain	5
chr3	69680000	4,5,6,7,8,9,12,13	domain	domain	8
chr3	70000000	3,4,5,6,7,8	domain	domain	6
chr3	70160000	3	domain	domain	1
chr3	70360000	3,4,5,6,7,8,9,10,11,12,13,14,15,16,17,18,19,20,21,22,23,24,25,26,27,28,29,30,31,32	domain	gap	30
chr3	70400000	3,4,5,6,7,8,9,10,11,12,13,14,15,16,17,18,19,20,21,22,23,24,25,26,27,28,29,30,31,32	gap	domain	30
chr3	70960000	3	domain	domain	1
chr3	71120000	3,4,5,6,7,8,9,10,11,12,13,14,15,16,17,18,19,20,21,22,23,24,25,26,27,28,29,30,31,32	domain	gap	30
chr3	71160000	3,4,5,6,7,8,9,10,11,12,13,14,15,16,17,18,19,20,21,22,23,24,25,26,27,28,29,30,31,32	gap	domain	30
chr3	71680000	3,4,5,6,7,8,9,10,11,12	domain	domain	10
chr3	71880000	3	domain	domain	1
chr3	72280000	3	domain	domain	1
chr3	72880000	3,4,5,6,7,8,9,10,11,12,13,14,15,16,17,18,19	domain	boundary	17
chr3	73080000	3,4,5,6,7,8,9,10,11,12,13,14,15,16,17,18,19,20,21,22,23,24,25,26,27,28,29,30,31,32	boundary,domain	boundary,domain	30
chr3	73440000	5,6,7,8,10,11	domain	domain	6
chr3	73520000	9,15,18,19,20,21,22,23,24,25,26,27,28,29,30,31,32	boundary,domain	boundary,domain	17
chr3	73840000	3,4,5,6,7,8,9,10,11,12,13,14,15,16,17,18,19,20,21,22,23,24,25,26,27,28,29,30,31,32	boundary,domain	domain	30
chr3	74280000	6,8,9	domain	domain	3
chr3	74600000	3	domain	domain	1
chr3	75040000	10	domain	domain	1
chr3	75160000	4,5,6,7	domain	domain	4
chr3	75480000	3,4,5,6,7,8,9,10,11,12,13,14,15,16,17,18,19,20,21,22,23,24,25,26,27,28,29,30,31,32	domain	gap	30
chr3	75960000	3,4,5,6,7,8,9,10,11,12,13,14,15,16,17,18,19,20,21,22,23,24,25,26,27,28,29,30,31,32	gap	domain	30
chr3	76160000	3,4	domain	domain	2
chr3	76280000	6,7	domain	domain	2
chr3	76360000	4,8	domain	domain	2
chr3	76640000	3,4,5,6,7,8,9,10,11,12,13,14,15,16	domain	boundary,domain	14
chr3	76840000	4,20	domain	domain	2
chr3	77000000	3,4,5,6,7,8,9,10,11,14,21,23,24	domain	domain	13
chr3	77280000	3,4,5,6,7,8,9,10,11,12,13,14,15,16,17,19	domain	domain	16
chr3	78160000	3,4,5,6	domain	domain	4
chr3	78640000	3,4,5,6,7,8,9,10,11,12,13,14,15	domain	domain	13
chr3	79040000	3,4,5	domain	domain	3
chr3	79280000	3,4,5,6,7,8,9,10,11,12,13,14,15,16,17,18,19,20,21,22,23,24,25,26,27,28,29,30,31,32	domain	gap	30
chr3	79480000	3,4,5,6,7,8,9,10,11,12,13,14,15,16,17,18,19,20,21,22,23,24,25,26,27,28,29,30,31,32	gap	domain	30
chr3	79760000	3,4,5	domain	domain	3
chr3	80080000	5,6,7,8	domain	domain	4
chr3	80600000	3,4,5,6,7,8,9,10	domain	domain	8
chr3	80760000	3	domain	domain	1
chr3	81040000	3,4,5,6,7,8,9,10,11,12,13,14,15,16,17,18,19,20,21,22,23,24,25,26,27,28,29,30,31,32	domain	gap	30
chr3	81080000	3,4,5,6,7,8,9,10,11,12,13,14,15,16,17,18,19,20,21,22,23,24,25,26,27,28,29,30,31,32	gap	domain	30
chr3	81240000	3	domain	domain	1
chr3	81360000	6	domain	domain	1
chr3	82200000	3,4,5,6,7,8,9,11,12,13,14,15,16,17,18,19	domain	domain	16
chr3	82400000	3,9,10,11,12,13	domain	domain	6
chr3	82480000	6,7,14,15	domain	boundary,domain	4
chr3	82600000	3,4,6,7,8,9,10	boundary,domain	domain	7
chr3	82760000	8	domain	domain	1
chr3	82920000	4,5	domain	domain	2
chr3	83120000	5,6	domain	domain	2
chr3	83280000	3,6,10	domain	domain	3
chr3	83480000	3,4,5,6,7,8	domain	boundary,domain	6
chr3	83720000	3,4,5,6,7,8,9,10,11,12,13,14,15,16,17,23,24	boundary,domain	boundary,domain	17
chr3	83880000	4,5,6,7,8,9,12,18,19,20,21,22,23,24,25,26,27,28,29,30,31,32	boundary,domain	boundary,domain	22
chr3	84000000	9,22	boundary	boundary	2
chr3	84160000	3,4,5,8,28	boundary	boundary,domain	5
chr3	84240000	8,10,13,27	boundary	boundary,domain	4
chr3	84320000	3,4,5,6,7,8,11,12,13,14,15,16,19,20,21,22,25,29,30	boundary,domain	boundary,domain	19
chr3	84440000	9,10,15,17,18,19,24,25	boundary	domain	8
chr3	84520000	3,5,6,10,12	boundary,domain	boundary,domain	5
chr3	84640000	3,5,6,7,8,9,10,11,12,13,14,15,16,17,18,19	boundary,domain	boundary,domain	16
chr3	84800000	3,4,5,6,7,8,10	boundary,domain	boundary,domain	7
chr3	85080000	3,4,5,6,7,8,10,11,12,13,16	boundary,domain	boundary,domain	11
chr3	85360000	3,4,5,6,7,8,9,10,14,31	boundary,domain	boundary	10
chr3	85480000	3,4,5,6,7,8,9,10,11,12,13,14,15,16,17,18,19,20,21,22,23,24,25,26,27,28,29,30,31	boundary,domain	boundary,domain	29
chr3	85760000	3	domain	domain	1
chr3	85840000	4	boundary	domain	1
chr3	85920000	4,5	boundary	domain	2
chr3	86080000	4	domain	domain	1
chr3	86160000	9,10	domain	boundary	2
chr3	86240000	3,4,5,6,7,8	domain	domain	6
chr3	86320000	11,16,19,20	domain	boundary,domain	4
chr3	86480000	3,5	domain	boundary,domain	2
chr3	86680000	3,4,5,6,7,8,9,10,11,12,13,14,15,16,17,18,19,20,21,22,23,24,25,26,27,28,29,30,31,32	boundary,domain	boundary,domain	30
chr3	86760000	6	boundary	domain	1
chr3	86960000	17,18,19,20,21,23,24,28	boundary	boundary,domain	8
chr3	87240000	3,4,5,6,7,8,9,10,11,12,13,14,15,16,17,18,19,20,21,22,23,24,25,26,27,28,29,30,31,32	domain	domain	30
chr3	87560000	4,5,6	domain	domain	3
chr3	88000000	3,4,5,6,7	domain	domain	5
chr3	88200000	3,4,5,6,7,8,9,10,11,12,13,14,15,16,17,18,19,20,21,22,23,24,25,26,27,28,29,30,31,32	domain	domain	30
chr3	88480000	3,4,5,6	domain	boundary,domain	4
chr3	88560000	4	domain	boundary	1
chr3	88680000	3,4,5,6,7,8,9,10	domain	boundary	8
chr3	88800000	4,6,7,8,9	boundary,domain	boundary,domain	5
chr3	88920000	4,5,8,14	boundary,domain	boundary,domain	4
chr3	89000000	5,11,12,13,14,15,16,17	domain	boundary	8
chr3	89160000	3,4,5,6,7,8,9,10,11,12,13,14,15,16,17,18,19	boundary,domain	domain	17
chr3	89440000	3,4,5,6,7,8,9,10,11	boundary,domain	boundary,domain	9
chr3	89600000	8,9	boundary	domain	2
chr3	89720000	3,8	boundary	domain	2
chr3	89800000	3,4	domain	domain	2
chr3	89960000	3,4,5,6	domain	domain	4
chr3	90240000	3,4,5,6,7,8,9,10,11,12,13,14,15,16,17,18,19,20,21,22,23,24,25,26,27,28,29,30,31,32	domain	gap	30
chr3	93800000	3,4,5,6,7,8,9,10,11,12,13,14,15,16,17,18,19,20,21,22,23,24,25,26,27,28,29,30,31,32	gap	domain	30
chr3	93960000	3	domain	domain	1
chr3	94120000	3,4	domain	domain	2
chr3	94240000	3,4,5,6,7	domain	domain	5
chr3	94800000	3,4,5,6,7,8,9,10,11,12,13,14	domain	domain	12
chr3	95520000	3,4,7	domain	domain	3
chr3	95640000	3,4,6,13	domain	domain	4
chr3	95760000	3,5,7	domain	domain	3
chr3	96120000	6,7,8,9,10,11,12,13,14	domain	boundary,domain	9
chr3	96280000	3,4,5,6,7,8,9	boundary,domain	domain	7
chr3	96840000	3,4,5,6,7,8,9,10,11,12,13,14,15,16,17,18,19,20,21,22,23,24,25,26,27,28,29,30,31	domain	domain	29
chr3	97760000	3,4,5,6,7,8,9,10,11,12,13,14,15,16,17,18,19,20,21,22,23,24,25,26,27,28,29,30,31,32	domain	boundary,domain	30
chr3	98040000	3,4,5,6,7,8,9,10,11,12,19,20,21,22,23,24,25,26,27,28,29,30,31,32	boundary,domain	boundary,domain	24
chr3	98160000	26,28,29,30	boundary	boundary,domain	4
chr3	98400000	3,4,5,14,16,17,18,19,20,22,23,24,25,26,27,28,29,30,31,32	boundary,domain	boundary,domain	20
chr3	98520000	6,7,8,9,10,11,12,13,14,15,16,17,18,19,20,21	boundary,domain	domain	16
chr3	98840000	23,25,26	boundary	domain	3
chr3	99000000	4,5,6,7,8,9,10,11,12,13,14,15,16,17,18,19,20,21	domain	domain	18
chr3	99440000	3,4,5	domain	domain	3
chr3	99800000	3,4,5,6,7,8,9,10,11,12,13,14,15,16,17,18,19,20,21,22,23,24,25,26,27,28,29,30,31,32	domain	domain	30
chr3	100280000	3,4,5,6,7,8,9,10,11,12,14,15,16,17,18,19,20,21,22,23,24,25,26,27,28,29,30,31,32	domain	domain	29
chr3	100440000	3,13,14	boundary,domain	domain	3
chr3	100640000	18,19,20	domain	domain	3
chr3	100760000	3,4,5,6,7,8,9,10,11,12,13,14	domain	domain	12
chr3	101720000	4,5,6,7,8,9,10,11,12,13,14,15,16,17,18,19,20,21,22,23,24,25,26,27,28,29,30,31,32	domain	domain	29
chr3	102240000	3,4,5,6,7,8,9,10	domain	domain	8
chr3	102600000	3,4,5,6,7,8,9,10,11,13,14,15,16,17,18,19,20,21	domain	domain	18
chr3	103280000	7	domain	domain	1
chr3	103640000	3	domain	domain	1
chr3	103880000	4,5	domain	domain	2
chr3	104000000	6,12	domain	domain	2
chr3	104080000	3,4,5,6,7,8,9	domain	domain	7
chr3	104240000	22,25,26	domain	boundary,domain	3
chr3	104520000	5,6,7,8,9,10,11,12,13,14,15,16,17,18,19,20,21,22,23,24,25,26,27,28,29,30	boundary,domain	domain	26
chr3	105400000	3,4,5,6,7,8,12,13,16,29,30	domain	boundary	11
chr3	105480000	27	domain	boundary	1
chr3	105600000	5,6,8,9,10,11,12,13,14,15,16,17,18,19,20,21,22,23,24,25,26,27,28,29,30,31,32	boundary,domain	domain	27
chr3	106600000	5,8,9,10	domain	domain	4
chr3	107200000	3,4,5,6,7,8,9,10,11,12,13,14,15,16,17,18,19,20,21,22,23,24,25,26,27,28,29,30,31,32	domain	boundary,domain	30
chr3	107400000	15,16,17,21,22,28,29,31	boundary	domain	8
chr3	107520000	6,7,19	boundary	domain	3
chr3	107800000	13,14	domain	domain	2
chr3	107880000	5,6,7,8,9,10,11,12,15	domain	domain	9
chr3	108480000	3,5	domain	boundary,domain	2
chr3	108600000	3,4,5,6,7,8,9,10,11,12,13,14,15,16,17,18,19,20,21,22,23,24,25,26,27,28,29,30,31,32	boundary,domain	boundary,domain	30
chr3	108960000	3,4,5,6,7,9,10,11,12,13,14,15,16,17,18,19,20,21,22,23,24,25,26,27,28,29,30,31,32	boundary,domain	boundary,domain	29
chr3	109160000	3,4,5,6,7,8,9,11,12	domain	domain	9
chr3	109320000	14	boundary	domain	1
chr3	109480000	16,17,18	boundary,domain	boundary,domain	3
chr3	109680000	3,4,5,6,7,8,9,10,11,12,13,14,15,16,19,21	boundary,domain	domain	16
chr3	110120000	3	domain	domain	1
chr3	110360000	7,8,9,10,11,12,13,14,15,16	domain	domain	10
chr3	111080000	3	domain	domain	1
chr3	111560000	3,4,5,6,7,8,9,10,11,12,13,14,15,16,17,18,19,20,21,22,23,24,25,26,27,28	domain	boundary,domain	26
chr3	111640000	13,14,16,22,24,25,26,27,28,29,30,31,32	boundary,domain	boundary,domain	13
chr3	112040000	3,4,5,6,7,8,9,10,11,12,13,14,15,16,17,18,19,20,21,22,23,24,25,26,27,28,29,30,31,32	boundary,domain	domain	30
chr3	112320000	3	domain	domain	1
chr3	112600000	3,4,5,6,7,8,9,10,11,12,13,14,15,19,21,22,23,24,25,26,27	domain	domain	21
chr3	113000000	3,4,5,6,7,8,9,10,11,12,13,14,15,16,17,18,19,20,21,22,23,24,25,26,27,28,29,30,31,32	domain	domain	30
chr3	113320000	3,16,17,18,19,21,29	domain	domain	7
chr3	113480000	3,4,31,32	domain	boundary,domain	4
chr3	113720000	5,6,7,8,9,10,11,14,18,19,20,21,22,23,24,25,26,27,28,29,30,31,32	domain	boundary,domain	23
chr3	113920000	9,10,11,14,18,19,20,21,22,23,24,25,26,29,30,32	boundary	boundary,domain	16
chr3	114120000	3,4,5,6,7,8,10,11,12,13,14,15,16,17,18,23,25,26	boundary,domain	domain	18
chr3	114360000	3,4,5,6,7,8,9,14,15	domain	domain	9
chr3	114800000	3	domain	domain	1
chr3	115200000	3,4,5,6,7,8,9,10,11,12,13,14,15,16,17,18,19,20,21,22,23	domain	domain	21
chr3	115840000	4,5	domain	boundary,domain	2
chr3	115920000	4,5,6,7,8,9,10,11,12,13,14,15,16,17,18,19,20,21,22,23,24,25,26,27,28,29,30,31,32	boundary,domain	domain	29
chr3	116760000	3,4,5,6,7,8,9,10,11,12,13,14,15,16,17,18,19,20,21,22,23,24,25,26,27,28,29,30,31,32	domain	domain	30
chr3	117000000	3,4,5,6,7	domain	domain	5
chr3	118040000	3,4,5,6,7,8,9,10,11,12,13,14,15,16,17,18,19,20,21,22,23,24,25,26	domain	boundary,domain	24
chr3	118240000	5,12,13	boundary,domain	boundary,domain	3
chr3	118320000	3,4,5	boundary,domain	domain	3
chr3	118440000	3	domain	domain	1
chr3	118600000	3,4,5	domain	domain	3
chr3	118800000	3,4,5,6,7,8,9,10,11,12,13,14,15,16,17,18,19,20,21,22,23	domain	boundary,domain	21
chr3	119120000	3,4,5,6,7,9,10,11,12,13,14,15,16,17	boundary,domain	boundary,domain	14
chr3	119240000	7,8	boundary,domain	domain	2
chr3	119480000	3,4,5,6,7,8	domain	domain	6
chr3	119840000	3,4,5,6,7,8,9,10,11,12,13,14,15,16,17,18,19,20,21,22,23,24,25,26,27,28,29,30,31,32	domain	gap	30
chr3	119880000	3,4,5,6,7,8,9,10,11,12,13,14,15,16,17,18,19,20,21,22,23,24,25,26,27,28,29,30,31,32	gap	domain	30
chr3	120240000	3,4,5,6,7	domain	domain	5
chr3	120400000	3	domain	domain	1
chr3	120560000	3,4,5,6,7,8,9,10,11,12,13,14,15,16,17,18,19,20,21,22,23,24,25,26,27,28,29,30,31,32	domain	gap	30
chr3	120600000	3,4,5,6,7,8,9,10,11,12,13,14,15,16,17,18,19,20,21,22,23,24,25,26,27,28,29,30,31,32	gap	domain	30
chr3	121280000	3,4,5,6,7,8,9,10,11,12,13,14,15,16,17,18,19,20,21,22,23,24,25,26,27,28,29,30,31,32	domain	gap	30
chr3	121320000	3,4,5,6,7,8,9,10,11,12,13,14,15,16,17,18,19,20,21,22,23,24,25,26,27,28,29,30,31,32	gap	domain	30
chr3	121520000	3,4	domain	domain	2
chr3	122040000	3,4,5,6,7,8,9,10,11,12,13,14,15,16,17,18,19,20,21,22,23,24,25,26,27,28,29,30,31,32	domain	gap	30
chr3	122080000	3,4,5,6,7,8,9,10,11,12,13,14,15,16,17,18,19,20,21,22,23,24,25,26,27,28,29,30,31,32	gap	domain	30
chr3	122360000	3,4,5,6	domain	domain	4
chr3	122720000	3,4,5,6,7,8,9,10,11,12,13,14,15,16,17,18,19,20,21,22,23,24,25,26,27,28,29,30,31,32	domain	gap	30
chr3	122760000	3,4,5,6,7,8,9,10,11,12,13,14,15,16,17,18,19,20,21,22,23,24,25,26,27,28,29,30,31,32	gap	domain	30
chr3	123080000	4	domain	domain	1
chr3	123280000	4,5,6,7,8,9,10,11,12	domain	domain	9
chr3	123640000	3,4,5,6,7,8,9,10,11,12,13,14,15,16,17,18,19,20,21	domain	boundary,domain	19
chr3	123760000	3,4,5,6,7,22,23	boundary,domain	domain	7
chr3	124320000	3	domain	domain	1
chr3	124560000	4,12,13,14,15,16,17,18,19,20,21,22,23,24,25,26,27	domain	boundary,domain	17
chr3	124720000	3,4,5,6,7,8,9,10,11,12,13,14,15,16,17,18,19,20,21,22,23	boundary,domain	boundary,domain	21
chr3	124920000	3,4,5,8,9,10,11,12,13,14,15,16,17	boundary,domain	domain	13
chr3	125400000	3	domain	domain	1
chr3	125680000	3,4,5,6,7,8,9,10,11,12,13,14,15,16,17,18,19,20,21,22,23,24,25,26,27,28,29,30,31,32	domain	gap	30
chr3	125960000	3,4,5,6,7,8,9,10,11,12,13,14,15,16,17,18,19,20,21,22,23,24,25,26,27,28,29,30,31,32	gap	domain	30
chr3	126520000	3,4,5,6,7,8,9,10,11,12,13	domain	domain	11
chr3	127000000	4,5,6	domain	domain	3
chr3	127240000	3	domain	domain	1
chr3	127560000	3,4,5,6,7,8,9,10,11,12,13,14,15,16,17,18,19,20,21,22,23,24,25,26,27,28,29,30,31,32	domain	boundary,domain	30
chr3	127840000	3	domain	domain	1
chr3	128040000	3,4,5,6,7,8,9,10,11,12,13,14,15,16,17,18,19,20,21,22,23,24,25,26,27,28,29,30,31,32	boundary,domain	domain	30
chr3	128160000	3,4	domain	domain	2
chr3	128640000	3,4,5,6,7,8,9,10,11,12,13,14,15,16,17,18,19,20,21,22,23,24,25,26,27,28,29,30,32	domain	boundary,domain	29
chr3	128960000	3,4,5,6,7,8,9,10,11,12,13,14,15,16,17,18,19,20,21,22,23,24,25	boundary,domain	boundary,domain	23
chr3	129160000	3,12,15,17	boundary,domain	boundary,domain	4
chr3	129320000	3,4,5,6,7,13,14,16	boundary,domain	boundary,domain	8
chr3	129400000	4,5,6,7,8,9,10,11,12	boundary,domain	domain	9
chr3	129640000	3,4	domain	domain	2
chr3	130000000	3,4,5,6,7,8,9,10,11,12,13,14,15,16,17,18,19,20,21,22,23,24,25,26,27,28,29,30,31,32	domain	gap	30
chr3	130200000	3,4,5,6,7,8,9,10,11,12,13,14,15,16,17,18,19,20,21,22,23,24,25,26,27,28,29,30,31,32	gap	domain	30
chr3	130680000	5,6,7,8,9,10	domain	domain	6
chr3	131040000	3,4,5,6,7,8,9,10,11,12,13,14,15,16,17,18,19	domain	domain	17
chr3	131760000	5,6,10,11,12,13,14,15,16,17,18	domain	domain	11
chr3	131960000	3,5,8,9,10	domain	domain	5
chr3	132480000	3,4,5,6,7,8,9,10,11,12,13,14,15,16,17,18,19,20,21,22,23,24,26,27,28,29,31,32	domain	boundary	28
chr3	132720000	3,4,5,6,7,8,9,10,11,12,13,14,15,16,17,18,19,20,21,22,23,24,25,26,27,28,29,30,31,32	boundary,domain	domain	30
chr3	133000000	3	domain	domain	1
chr3	133440000	3,4,5,6,7,8,9,10	domain	domain	8
chr3	133680000	3,4,5,6,7,8,9,10,11,12,13,14,15,16,17,18,19,22	boundary,domain	boundary,domain	18
chr3	133800000	19,20,21,22,23,24,25,26	boundary,domain	domain	8
chr3	133920000	4,5,28,29	domain	domain	4
chr3	134200000	4,5,6	domain	domain	3
chr3	134320000	7,8,22,26	domain	boundary	4
chr3	134560000	3,4,5,6,7,8,9,10,11,12,13,14,15,16,17,18,19,20,21,22,23,24,25,26,27,28,29,30,31,32	boundary,domain	domain	30
chr3	134760000	3,4	domain	domain	2
chr3	135400000	3	domain	domain	1
chr3	135480000	4,5,6	domain	domain	3
chr3	135960000	3,4,5,6,7,8,9,10,11,12,13,14,15,16,17,18,19,20,21,22,23,24,25,26,27,28,29,30,31,32	domain	domain	30
chr3	136040000	3,4,10	boundary	domain	3
chr3	136280000	3	domain	domain	1
chr3	136760000	3,4,5,6,7,8	domain	domain	6
chr3	137040000	3,4,5,6,7,8,9,10,11,12,13,14,15,16,17,18,19,20,21,22,23,24,25,26,27,28,29,30,31,32	domain	domain	30
chr3	137440000	3,4,5	domain	domain	3
chr3	137560000	6	domain	domain	1
chr3	138040000	3,4,5,6,7,8,9,10,11,12,13,14,15,16,17,18,23	domain	boundary,domain	17
chr3	138160000	5,6,8,10,11,14,15,16,17,18,19,20,21,22,23,24,25,26,27,28,29,30,31,32	boundary,domain	domain	24
chr3	138320000	3,5	domain	domain	2
chr3	138560000	3,4,5,6,7,8,9	domain	domain	7
chr3	138960000	3,4,5,6,7,8,9,10,11,12,13,15,18,19,20,21,22,23,26	domain	domain	19
chr3	139400000	3,4,5,6,7,8,9,10,11,12,13,14,15,16,17,18,19,20,21,22,23,24,25,26,27,28,29,30,31,32	boundary,domain	boundary,domain	30
chr3	139560000	20	boundary	domain	1
chr3	139720000	3,4,6	domain	domain	3
chr3	139920000	3	domain	domain	1
chr3	140080000	3,4,5	domain	domain	3
chr3	140880000	3,4,5,6,7,8,9,10,11,12,13,14,15,16,17,18,19,20,22	domain	boundary,domain	19
chr3	141000000	21,22	boundary,domain	boundary	2
chr3	141240000	3,4,5,6,7,8,9,10,11,12,13,14,15,16,17,18,19,20,21,22,23,24,25,26,27,28,29,30,31,32	boundary,domain	boundary,domain	30
chr3	141560000	5,15,16	boundary,domain	domain	3
chr3	141920000	3,4,5,8,10,11,12,13,14,15,16,17,18,29,30	domain	boundary,domain	15
chr3	142000000	7,10,27,32	domain	boundary,domain	4
chr3	142160000	11,15,27	boundary,domain	boundary,domain	3
chr3	142560000	3,4,5,6,7,8,9,10,11,12,13,14,15,16,17,18,19,20,21,22,23,24,25,26,27,28,29,30,31,32	boundary,domain	boundary,domain	30
chr3	142800000	4	domain	domain	1
chr3	143000000	3,4,5,6,7,8,9,10,11,12,13,14,15,16,17,18,19,20,21,22,23,24,25,26,27,28,29,30,31,32	boundary,domain	domain	30
chr3	143320000	3	domain	domain	1
chr3	143760000	3,4,5,6,7,8,9,10,11,12,13,14,15,16,17,18,19,20,21,22,23,24,25,26,27,28,29,30,31,32	domain	boundary,domain	30
chr3	143960000	3,4,5,7,8,9,10,11,13,15,16	boundary,domain	domain	11
chr3	144160000	3	domain	domain	1
chr3	144880000	4,5,8	domain	domain	3
chr3	145240000	3,4,5,6,7,8,9,10,11,12,13,14,15,16,17,18,19,20,21,22,23,24,25,26,27,28,29,30,31,32	domain	gap	30
chr3	145280000	3,4,5,6,7,8,9,10,11,12,13,14,15,16,17,18,19,20,21,22,23,24,25,26,27,28,29,30,31,32	gap	domain	30
chr3	145520000	3,4,5	domain	domain	3
chr3	145760000	3,4,5,6,7,8,9,10,11	domain	domain	9
chr3	146040000	4,5,6,9,11,12,13,14,15,18	domain	boundary,domain	10
chr3	146120000	7,8,10,11	boundary,domain	boundary,domain	4
chr3	146200000	3,4,6,8,9,14,15,16,17,18,19,20,21,22	boundary,domain	domain	14
chr3	146680000	3,4,5,6,7,8,9,10,11,12,13,14,15,16,17,18,19,20,21,22,23,24,25,26,27,28,29,30,31,32	domain	boundary,domain	30
chr3	146800000	3,4	boundary,domain	domain	2
chr3	147080000	25	domain	domain	1
chr3	147280000	4,5,6,7,8,9,10,11,12,13,14	domain	domain	11
chr3	147520000	3,4,5,6	domain	domain	4
chr3	147600000	6,7,8,9	domain	boundary,domain	4
chr3	147680000	3,4,5,9	boundary,domain	domain	4
chr3	148040000	3,4,5,6,7,19	domain	domain	6
chr3	148160000	12	domain	boundary	1
chr3	148320000	3,4,5,6,7,8,9,10,11,12,13,14,15,16,17,18,19,20,21,22,23,24,25,26,27,28,29,30,31,32	boundary,domain	domain	30
chr3	148840000	8,9	domain	boundary	2
chr3	148960000	3,4,5,6,7,8,9,10,11,12,13,14,15,16,17,18,19,20,21,22,23,24,25,26,27,28,29,30,31,32	boundary,domain	boundary,domain	30
chr3	149080000	15,16,17,23,24,25,26,30,31,32	boundary	boundary,domain	10
chr3	149320000	3,4,5,7,8,9,10,11,12,13,14,15,16,17,18,19,20,21,22,23,24,25,26,27,28,29,30,31,32	boundary,domain	boundary,domain	29
chr3	149480000	3,4,9,10,11,12,13,15	boundary	domain	8
chr3	149720000	3	domain	domain	1
chr3	149800000	3,4,5,6,7,8,9,10,11,12,13,14,15,16,17,18,19,20,21,22,23,24,25,26,27,28,29,30,31,32	boundary,domain	boundary,domain	30
chr3	150240000	3,4,5,6,24,28,29,30,31,32	domain	boundary,domain	10
chr3	150520000	3,4,5,6,7,8,9,10,11,12,13,14,15,16,17,18,19,20,21,22,23,24,25,26,27,28,29,30,31,32	boundary,domain	boundary,domain	30
chr3	150680000	13	domain	domain	1
chr3	150760000	7,8,14,18,19,20,21,22,23,26,29,30,31,32	boundary,domain	boundary,domain	14
chr3	150880000	4,5,6,7,22,32	boundary,domain	boundary,domain	6
chr3	151080000	3	domain	domain	1
chr3	151160000	3,4,5,6,8,12,14,15,16,17,18,19,20,21,22,23,24,25,26,27,28,29,30,31,32	boundary,domain	boundary,domain	25
chr3	151320000	3,4,5,6,7,8,9,10,11,12,15,18,19	boundary,domain	domain	13
chr3	151960000	9,10,11,12,13,14,15,16,17,18	domain	domain	10
chr3	152480000	3,4,5,6,7,8,9,10,11,12,13,14,15,16,17	domain	boundary,domain	15
chr3	152600000	3,11,12,13,14,15,16,17,18,19	boundary,domain	domain	10
chr3	153000000	3,4,5,6,7,8,9,10,11,12,13,14,15,16,17,18,19,20,21,22,23,24,25,26,27,28	domain	domain	26
chr3	153600000	3	domain	domain	1
chr3	154000000	4,5,6,7,8,9,10,11,12,13,14,15,16,17,18,19,20,21,22,23,24,25,26,29,30,31,32	domain	domain	27
chr3	154320000	3,4,5,6,7,8,9,10,11,12,13,14,15,16,17,18,19,20,21,22,23,24,25,26,27,28,29,30,31,32	boundary,domain	domain	30
chr3	154760000	4,5,6,7,9	domain	domain	5
chr3	154920000	3	domain	domain	1
chr3	155360000	3,4,5,6,7,8,9,10,11,12,13,14,15	domain	domain	13
chr3	155720000	3,4,5,6,7,8,9,11,12,13,14	domain	boundary,domain	11
chr3	155920000	9,10,11,12,13,14,15,16,17,18,19,20,21,22,23,24,25,26,27,28,29,30,31,32	boundary,domain	boundary,domain	24
chr3	156000000	3,4,5,6,7,9,12	boundary,domain	domain	7
chr3	156360000	3	domain	domain	1
chr3	156560000	6,7,8,9,10	domain	domain	5
chr3	157080000	3,4	domain	boundary,domain	2
chr3	157200000	3,4,5,6,7,8,9,10,11,12,13,14,15,16,17,18,19,20,21,22,23,24,25,26,27,28,29,30,31,32	domain	boundary,domain	30
chr3	157520000	3,4,5,6,7,8,9,10,11,12,13,14,15,16,17,18,19,20,21,22,23,24,25,26,27,28,29,30,31,32	boundary,domain	boundary,domain	30
chr3	157840000	3	domain	domain	1
chr3	158640000	3,4,5,6,7,8,9,10,11,12,13,14,15,16,17,18,19,20,21,22,23,24,25,27,28,29,30,31,32	domain	boundary,domain	29
chr3	158840000	3,4,5,6,7,8,9,10,11,12,13,14,15,16,17,18,19,20,21,22,23,24,25,26,27,28,29,30,31,32	boundary,domain	domain	30
chr3	159280000	3,4,5,6,7,8,9,10,11	domain	domain	9
chr3	159600000	4,5,6,7,8	domain	domain	5
chr3	159840000	5,6,7,8,10,11,12,13,14,15,16,24,27,31,32	domain	boundary,domain	15
chr3	160040000	3,4,5,6,7,8,9,10,11,12,13,14,15,16,17,18,19,20,21,22,23,24,25,26,27,28,29,30,31	boundary,domain	boundary,domain	29
chr3	160520000	3,4,8,9,10,11,12,13,14,15,16,17,18,19,20,21,22,23,24,25,26,27,28,29,30,31,32	boundary,domain	domain	27
chr3	161280000	5,32	domain	boundary	2
chr3	161480000	3,4,5,6,7,8,9,10,11,12,13,14,15,16,17,18,19,20,21,22,23,24,25,26,27,28,29,30,31,32	boundary,domain	domain	30
chr3	161840000	3,4,5,6,7,8,9	domain	domain	7
chr3	162240000	4	domain	domain	1
chr3	162400000	3,4,8	domain	domain	3
chr3	162800000	3,4,5,6,7,8,9,10,11,12,13,14,15,16,17,18,19,20,21,22,23,24,25,26,27,28,29,30,31,32	domain	gap	30
chr3	162920000	3,4,5,6,7,8,9,10,11,12,13,14,15,16,17,18,19,20,21,22,23,24,25,26,27,28,29,30,31,32	gap	domain	30
chr3	163400000	3,4,5,6,8,9	domain	boundary,domain	6
chr3	163480000	7,8,9,10,11,12,13	boundary,domain	boundary,domain	7
chr3	163560000	3,4,5,9,11,15	boundary,domain	domain	6
chr3	163760000	3	domain	domain	1
chr3	163920000	4,6,18	domain	domain	3
chr3	164040000	5,6,7,8,9,10,11,12,13,14,15,17	domain	domain	12
chr3	164320000	4,5	domain	domain	2
chr3	164600000	3	domain	domain	1
chr3	164840000	5	domain	domain	1
chr3	165200000	3,4,5,6,7	domain	domain	5
chr3	165560000	3,4,5,6,7,8,9,10,11,12,13,14,15,16,17,18,19,20,21,22,23,24,25,26,27,28,29,30,31,32	domain	gap	30
chr3	165600000	3,4,5,6,7,8,9,10,11,12,13,14,15,16,17,18,19,20,21,22,23,24,25,26,27,28,29,30,31,32	gap	domain	30
chr3	165840000	3,4,5	domain	domain	3
chr3	165920000	6,7	domain	domain	2
chr3	166040000	3,4	domain	domain	2
chr3	166240000	4	domain	domain	1
chr3	166480000	5	domain	domain	1
chr3	166800000	6	domain	domain	1
chr3	167040000	3,4,5,6,7,8,9,10,11,12,13,14	domain	boundary,domain	12
chr3	167160000	16	domain	boundary	1
chr3	167400000	3,4,5,6,7,8,9,10,11,12,13,14,15,16,17,18,19,20,21,22,23,24,25,26,27,28,29,30,31,32	domain	boundary,domain	30
chr3	167480000	7,17,20	boundary	domain	3
chr3	167640000	4,5,6,9,10,11,12,13,14,15,16,18,19,27	domain	domain	14
chr3	167800000	10	domain	domain	1
chr3	168200000	3,4,5,6,7,8,9,10,11,12,13,14,15,16,17,18,19,20,21	domain	domain	19
chr3	168560000	3	domain	domain	1
chr3	168840000	3,4,5,6,7,8,9,10,11,12,13,14,15,17,18,19,20,21,22,23,24,25,26,27,28,29,30,31	domain	boundary,domain	28
chr3	168960000	15,16,17	boundary,domain	domain	3
chr3	169080000	3,4,5,6,7,20,21,23,24,25,26,27	boundary,domain	domain	12
chr3	169360000	3,4	domain	domain	2
chr3	169760000	3,4,5,6,7,8,9,10,11,12,13,14,15,16,17,18,19,20,21,22,23,24,25,26,27,28,29,30,31,32	domain	boundary,domain	30
chr3	169960000	26	boundary	boundary	1
chr3	170200000	13,14,15,16,17,19,20,21,22,23,24,25,26,27,28,29,30,31,32	boundary,domain	boundary,domain	19
chr3	170280000	6,7,9,10,11,12,13,16,20,21,22,23,24,25,27,28,29,30	boundary,domain	boundary,domain	18
chr3	170400000	6,7,8,9,13,14,15	boundary,domain	domain	7
chr3	170880000	3,4,5,6,7,8,9,10,11,12,13,14,15,16,17,18,19,20,21,22,23,24,25,26,27,28,29,30	domain	boundary,domain	28
chr3	170960000	3,4,10	boundary,domain	domain	3
chr3	171600000	3,4,5,6,7,8,9,10,11,12,13,14,15,16,17,18,19,20	domain	domain	18
chr3	171840000	3,4,5,6,13,14	boundary,domain	domain	6
chr3	172000000	3,4,5,6,7,8,9	domain	domain	7
chr3	172360000	5,6,7,8	domain	domain	4
chr3	172480000	3,10	domain	domain	2
chr3	172760000	3,4,5,6,7,8,9,10,11,12,13,14,15,16,17,18,19,20,21,22,23,24,25,26,27,28,29,30,31,32	domain	domain	30
chr3	173120000	4	domain	domain	1
chr3	173560000	3,4,5,6,7,8,9,10,11,12,13,14,15,16,17,18,19,20,21	domain	domain	19
chr3	174080000	29,30,31,32	domain	domain	4
chr3	174360000	5,6,14,15,16,17,18,20	domain	domain	8
chr3	175920000	3	domain	domain	1
chr3	176480000	4,5,6,7,8,9,10,11,12,13,14,15,16,17,18,19,20,21,22,23,24,25,26,27,28,29,30,31,32	domain	boundary,domain	29
chr3	176720000	3,4,16,17,18,19,20,21,22,23,24,25,26,27,28,29,30,31	boundary,domain	boundary,domain	18
chr3	176960000	4,5,6,7,8,9,10,11,12,13,14,15,16,17,18,19,20,24,25,26,27,29,30,32	boundary,domain	domain	24
chr3	177360000	3	domain	domain	1
chr3	178040000	3	domain	domain	1
chr3	178400000	3,4,5,6,7,8,9,10,11,12,13,14,15,16,17,18,19,20,21,22,23,24,25,26,27,28,29,30,31,32	domain	domain	30
chr3	179000000	3,4,5,6,7,8,9,10,11,12,13,14,15,16,17,18,19,20,21,22,23,24,25,26,27,28,29,30,31,32	domain	boundary,domain	30
chr3	179360000	3,4,5,6,13,14,16,17,18,24,25,26,27,28,29,30,31,32	boundary,domain	boundary,domain	18
chr3	179440000	11,18,20,23,25,27	boundary,domain	boundary	6
chr3	179600000	3,4,5,6,7,8,9,10,11,12,13,14,15,16,17,18,19,20,21,22,23,24,25,26,27,28,29,30,31,32	boundary,domain	boundary,domain	30
chr3	179800000	9,10	boundary	domain	2
chr3	179920000	3,4,5,6,7	domain	domain	5
chr3	180120000	3	domain	domain	1
chr3	180280000	3	domain	domain	1
chr3	180600000	7,8,9,10,11,12,13,14,15,16,17,18	domain	domain	12
chr3	180880000	3	domain	domain	1
chr3	181200000	8	domain	domain	1
chr3	181680000	3,4,5,6,7,8,9,10,11,12,13,14,15,16	domain	domain	14
chr3	182240000	3,4,5,6,7,8	domain	domain	6
chr3	182680000	3,4,5,6,7,8,9,10,11,12,13,14,15,16,17,18,19,20,21,22,23,24,25,26,27,28,29,30,31,32	domain	boundary,domain	30
chr3	183080000	3,4,5,6,7,8,9,10,11,12,13,14,15,16,17,18,19,20,21,22,23,24,25,26,27,28,29,30,31,32	boundary,domain	boundary,domain	30
chr3	183400000	3,4,5,6,7,8,9,10,11,12,13,14,15,16,17,18,19,20,21,22,23,24,25,26,27,28,29,30,31,32	boundary,domain	domain	30
chr3	183840000	5,6,8,9,10,12,13,14,16,17,18,19,20,22,23,24,25,26,27,28	domain	boundary,domain	20
chr3	184360000	3,4,5,6,7,8,9,10,11,12,13,14,15,16,17,18,19,20,21,22,23,24,25,26,27,28,29,30,31,32	boundary,domain	boundary,domain	30
chr3	184560000	3,4,11,12,13,14,15,16,17,18,19,20,21,22,23,24,25,26,27,28,29,30,31,32	boundary,domain	boundary,domain	24
chr3	184840000	3,4,5,6,7,8,9,10,11,12,13,14,15,16,17,18,19,20,21,22,23,24,25,26,27,28,29,30,31,32	boundary,domain	domain	30
chr3	185240000	3,4,5,6,7,8,9,11	domain	domain	8
chr3	185640000	3,4,5,6,7,8,9,10,11,12,13,14,15,16,17,18,19,20,21,22,23,24,25,26,27,28,29,30,31,32	domain	boundary,domain	30
chr3	185800000	9,10,11,12,13,14,15,16,17,18,22,23,25,29	boundary	domain	14
chr3	185920000	3,4,5,6,7,8,26,27	boundary	domain	8
chr3	186280000	3,4,5,6	domain	domain	4
chr3	186560000	3,4,5,6,7,8,9,10,11,12,13,14,15,16,17,18	domain	boundary,domain	16
chr3	186800000	3,4,5,6,7,8,9,10,11,12,13,14,15,16,17,19,20,21,22,23,24	boundary,domain	domain	21
chr3	187200000	3,4,5,6,7,8,9,10,11,12,13,14,15,16,17,18,19,21,22,23,24,25,26,27,28,29,30,31,32	domain	boundary,domain	29
chr3	187720000	3,4,5,6,7,8,9,10,11,12,13,14,15,16,17,18,19,20,21,22,23,24,25,26,27,28,29,30,31,32	boundary,domain	domain	30
chr3	188040000	6,7	domain	domain	2
chr3	188320000	3,4	domain	domain	2
chr3	189000000	3,4,5,6,7,8,9,11,12,13,16,17,19,20,21,22,23,24	domain	boundary,domain	18
chr3	189240000	3,4,5,6,7,8,9,10,11,12,13,14,15,16,17,18,19,20,21,22,23,24,25,26,27,28,29,30,31,32	boundary,domain	domain	30
chr3	189960000	3,4,5,6,7,8,9,10,11,12,13,14,15,16,17,18,19,20,21,22,23,24,25,26,27,28,29,30,31,32	domain	boundary,domain	30
chr3	190240000	3,4,5,24,27	boundary,domain	boundary,domain	5
chr3	190320000	18	domain	boundary	1
chr3	190440000	5,7,10,11,12,13,18,19,22,23,24,25,26,27,28,29,30,31,32	boundary,domain	domain	19
chr3	190680000	3,4,5,6,7,8,28,29,30,31,32	boundary,domain	boundary,domain	11
chr3	190920000	22,28,29,30	boundary,domain	boundary,domain	4
chr3	191080000	3,4,5,6,7,8,9,10,11,12,13,14,15,16,17,18,19,20,21,22,23,24,25,26,27,28,29,30,31	boundary,domain	boundary,domain	29
chr3	191200000	3	domain	domain	1
chr3	191360000	3,4,5,6,7,8,17,19,21,22,23,24,25,26,28,29	boundary,domain	domain	16
chr3	191720000	3	domain	domain	1
chr3	192160000	5,6	domain	domain	2
chr3	192480000	4,5,6,7,8,9,10,11,12,13,14,15,16,17,18,19,20,21,22,23,24,25,26,27	domain	domain	24
chr3	192800000	3,4,5,6	domain	domain	4
chr3	193080000	4,5,6,7,8	domain	domain	5
chr3	193240000	3	domain	domain	1
chr3	193440000	3,4,5	domain	domain	3
chr3	193600000	3,4,5,6,7,8,9,10,11,12,13,14,15,16,17,18,19,20,21,22,23,24,25,26,27,28,29,30,31,32	domain	boundary,domain	30
chr3	194160000	3,26,28	boundary,domain	domain	3
chr3	194320000	3,4,5,6,7,8,9,20	domain	boundary,domain	8
chr3	194440000	5,6,7,8,9,10,11,12,13,14,15,16,17,18,19,20,21,22,23,24,25	boundary,domain	boundary,domain	21
chr3	194640000	3,4,5,6,7,8,9,10,11,12,13,14,15,17,18,19,20	boundary,domain	domain	17
chr3	195040000	3,5	domain	domain	2
chr3	195280000	3,4	domain	domain	2
chr3	195480000	3,4,5,6,7,8,9,10,11,12,13,14,15,16,17,18,19,20,21,22,23,24,25,26,27,28,29,30,31,32	domain	gap	30
chr3	195800000	3,4,5,6,7,8,9,10,11,12,13,14,15,16,17,18,19,20,21,22,23,24,25,26,27,28,29,30,31,32	gap	domain	30
chr3	195960000	3,4,5,6,7,8,9,10,11,12,13,14,15,16,17,18,19,20,21,22,23,24,25,26,27,28,29,30,31,32	domain	gap	30
chr3	196000000	3,4,5,6,7,8,9,10,11,12,13,14,15,16,17,18,19,20,21,22,23,24,25,26,27,28,29,30,31,32	gap	domain	30
chr3	196240000	3,4,5	domain	domain	3
chr3	196560000	4,5,6,7	domain	domain	4
chr3	196720000	3,4,5	domain	domain	3
chr3	196960000	4,5,6,7,8,9,10,11,12,13,14	domain	domain	11
chr3	197200000	3,4,5,6,7,8,9	domain	domain	7
chr3	197600000	3,4,5,6,7,8,9,10,11,12,13,14,15,16,17,18,19,20,21,22,23,24,25,26,27,28,29,30,31,32	domain	gap	30
chr3	197680000	3,4,5,6,7,8,9,10,11,12,13,14,15,16,17,18,19,20,21,22,23,24,25,26,27,28,29,30,31,32	gap	domain	30
chr3	197960000	3	domain	domain	1
chr3	198120000	3,4,5,6,7,8,9,10,11,12,13,14,15,16,17,18,19,20,21,22,23,24,25,26,27,28,29,30,31,32	domain	gap	30
chr3	198200000	3,4,5,6,7,8,9,10,11,12,13,14,15,16,17,18,19,20,21,22,23,24,25,26,27,28,29,30,31,32	gap	gap	30
chr4	0	3,4,5,6,7,8,9,10,11,12,13,14,15,16,17,18,19,20,21,22,23,24,25,26,27,28,29,30,31,32	gap	gap	30
chr4	80000	3,4,5,6,7,8,9,10,11,12,13,14,15,16,17,18,19,20,21,22,23,24,25,26,27,28,29,30,31,32	gap	domain	30
chr4	640000	3,4,5,6,7	domain	domain	5
chr4	1000000	3,4,5,6,7,8,9,10,11,12,13,14,15,16,17,18,19,20,21,22,23,24,25,26,27,28,29,30,31,32	domain	gap	30
chr4	1040000	3,4,5,6,7,8,9,10,11,12,13,14,15,16,17,18,19,20,21,22,23,24,25,26,27,28,29,30,31,32	gap	domain	30
chr4	1360000	3,4,5,6,7	domain	domain	5
chr4	1680000	3,4,5,6,7,8,9,10,11,12,13,14,15	domain	boundary,domain	13
chr4	1920000	3,5,6,7,8,10,11,12,13,14,16	boundary,domain	domain	11
chr4	2120000	17,18	domain	boundary,domain	2
chr4	2200000	18,19,20,22,23,24,28	boundary,domain	domain	7
chr4	2520000	3,4,5,6,7,8,9,10,11,12,13,15,19,23,24,25	domain	boundary,domain	16
chr4	2760000	3,4,5,9,10,11,12,13,14,15,16,17,18,19	boundary,domain	domain	14
chr4	3000000	4,6	domain	boundary,domain	2
chr4	3080000	5,6,7,8,9,10,11	boundary,domain	domain	7
chr4	3560000	3,4,5,6,7,8,9,10,11,12,13,14,15,16,17,18,19,20,21,22,23,24,25,26,27,28,29,30,31,32	domain	gap	30
chr4	3640000	3,4,5,6,7,8,9,10,11,12,13,14,15,16,17,18,19,20,21,22,23,24,25,26,27,28,29,30,31,32	gap	domain	30
chr4	3880000	3,4,5,6,7,8,9,10,11,12,13,14,15,16,17,18,19,20,21,22,23,24,25,26,27,28,29,30,31,32	domain	gap	30
chr4	4120000	3,4,5,6,7,8,9,10,11,12,13,14,15,16,17,18,19,20,21,22,23,24,25,26,27,28,29,30,31,32	gap	domain	30
chr4	4480000	4,5,6	domain	domain	3
chr4	4920000	3,4,5,6,7,8,9,10,11,12,13,14,15,16,17,18	domain	domain	16
chr4	5160000	3,4	domain	domain	2
chr4	5960000	3,5,6,7,8,9,10,11,12,13,14,15,16,27,28	domain	boundary,domain	15
chr4	6200000	3,14,15,16,17,18,19,20,21,22,23,24,25,26,27,28,29,30,31,32	boundary,domain	boundary,domain	20
chr4	6360000	3,18,22,27	boundary,domain	boundary,domain	4
chr4	6480000	11,13,15	domain	boundary	3
chr4	6640000	4,5,6,7,8,9,10,11,12,13,14,15,16,17,18,19,20,21,22,23,24,25,26,27,28,29,30,31,32	boundary,domain	boundary,domain	29
chr4	6880000	3,4,5,14,15,16,17,18,19,20,22,23,24,25,26,27,28,30	boundary,domain	boundary,domain	18
chr4	7120000	3,4,5,6,7,8,9,10,11,12,13,14,15,16,17,18,19,20,21,22,23,24,25,26,27,28,29,30,31,32	boundary,domain	domain	30
chr4	7320000	3	domain	domain	1
chr4	7400000	4	domain	domain	1
chr4	7760000	3,4,5,6,7,8,9,10,11,12,13,14,15,16,17,18,19,20	domain	domain	18
chr4	8040000	3,8,13	domain	boundary,domain	3
chr4	8160000	3,5,6,7,8,9,10	boundary,domain	domain	7
chr4	8400000	3	domain	domain	1
chr4	8600000	3,4,5,6,7,8,9,10,11,12,13,14,15,16,17,18,19,20,21,22,23,24,25,26,27,28,29,30,31,32	domain	gap	30
chr4	8640000	3,4,5,6,7,8,9,10,11,12,13,14,15,16,17,18,19,20,21,22,23,24,25,26,27,28,29,30,31,32	gap	domain	30
chr4	9040000	3,4,5,6,7,8,9,10,11,12,13,14,15,16,17,18,19,20,21,22,23,24,25,26,27,28,29,30,31,32	domain	gap	30
chr4	9680000	3,4,5,6,7,8,9,10,11,12,13,14,15,16,17,18,19,20,21,22,23,24,25,26,27,28,29,30,31,32	gap	domain	30
chr4	10000000	3,4	domain	domain	2
chr4	10200000	3,4,5,6,7,8,9,10,11,12,13,14,15,16,17,18,19,20,21,22,23,24,25,26,27,28,29,30,31,32	domain	gap	30
chr4	10240000	3,4,5,6,7,8,9,10,11,12,13,14,15,16,17,18,19,20,21,22,23,24,25,26,27,28,29,30,31,32	gap	domain	30
chr4	10400000	3	domain	domain	1
chr4	10560000	3,4,5,6,7	domain	domain	5
chr4	11400000	3	domain	domain	1
chr4	11760000	5,6,7,8,9,10,11,12,13,14,15,16,17,18,19,20,21,22,23,24,25,26,27,28,29,30	domain	domain	26
chr4	11960000	3,4	domain	domain	2
chr4	12680000	3,4,5,6,7,8,9,10,11,12,13,14,15,16,17,18,19,20,21,22,23,24,25,26,27,28,29,30,31,32	domain	domain	30
chr4	12840000	3	domain	domain	1
chr4	13640000	3,4,5,6,7,8,9,10,11,12,13,14,15,16,17,18,19,20,21,22,23,24,25,26,27,28,29,30,31,32	domain	domain	30
chr4	15000000	3,4,16,17,18,19,21,22,23	domain	boundary,domain	9
chr4	15200000	4,7,8,9,10,11,12,13,14,15,16,17,18,19,20,21,22,23,24,25,26,27,28,29,30,31,32	boundary,domain	boundary,domain	27
chr4	15480000	3,4,5,6,11,12,13,14,15,16,17,18,19,20,21,22,23,24,25,26,27,28,29,30,31,32	boundary,domain	boundary,domain	26
chr4	15680000	4,9,10,11,12,13,14,15,16,17,18,19,20,21,22,23,24,25,26,27,28,29,30,31,32	boundary,domain	boundary,domain	25
chr4	16000000	3,4,5,6,7,8,12,13,14,15,16,17,18,19,20,21,22,23,24,25,26,27,28,29,30,31,32	boundary,domain	boundary,domain	27
chr4	16240000	4,5,6,7,8,9,10,11,12,13,14,15,16,17,18,19,20,21,22,23,24,25,26,27,28,29,30,31,32	boundary	domain	29
chr4	16480000	3,4	domain	domain	2
chr4	16960000	3	domain	domain	1
chr4	17480000	3,4,5,6,7,8,9,10,11,12,13,14,15,16,17,18,19,20,21,22,23,24,25,26,27,28,29,30,31,32	domain	domain	30
chr4	17800000	3,4,5,6,7,8	domain	domain	6
chr4	18040000	3	domain	domain	1
chr4	18640000	3,4,5,6,7,8,9,10,11,12,13,14,15,16,17,18,19,20,21,22,23,24,25,26,27,28,29,30,31,32	domain	domain	30
chr4	19200000	3,5,6,9,10	domain	domain	5
chr4	19320000	7,8	domain	domain	2
chr4	19440000	3	domain	domain	1
chr4	19640000	4,5	domain	domain	2
chr4	19840000	3,4,5,6,8,9	domain	domain	6
chr4	19920000	5,7	domain	domain	2
chr4	20040000	3,4	domain	domain	2
chr4	20200000	3,4	domain	domain	2
chr4	20400000	4,5,6,7,8,9,10,11,12,13,14,15,16,17,18,19,20,21,22,23,24,25,26,27,28,29,30,31,32	boundary,domain	boundary,domain	29
chr4	20720000	3,4,5,6,7,8,9,10,11,12,13,14,15,16,17,18,19,20,21,22,23,24,25,26,27,28,29,30,31,32	boundary,domain	domain	30
chr4	21160000	3,4,6,7,8,9	domain	domain	6
chr4	21520000	3,4,5,6,7,8,9,10,12,13,14,16,17,18,19,21,22,23,24,25,26,27,28,29,30,31,32	domain	boundary,domain	27
chr4	21760000	4,5,6,7,8,9,10,11,12,13,14,15,17,18,19,20	boundary,domain	domain	16
chr4	22360000	3,4,5,6,7,8,9,10,11	domain	domain	9
chr4	22760000	3,4,5,6,7,8,9,10,13,14,18	domain	boundary,domain	11
chr4	22840000	11,12,13,14,15,16,17,18,19,20,21,22,23,24,25,27	boundary,domain	boundary,domain	16
chr4	22960000	8,26,27,28,30,31,32	boundary,domain	boundary,domain	7
chr4	23040000	3,4,5,7,9,26,28,29	boundary,domain	domain	8
chr4	23160000	4,6	boundary,domain	domain	2
chr4	23320000	3	domain	domain	1
chr4	23400000	3,4,5,6,7	domain	domain	5
chr4	23640000	3,4,5,6,7,8,9,10,11,12,13,14,15	domain	domain	13
chr4	24040000	4	domain	domain	1
chr4	24440000	3,4,5,6,7,8,9,10,11,12,13,14,15,16,17,18,19,20,21,22,23,24,25,26,27,28,29,30,31,32	domain	boundary,domain	30
chr4	24960000	3,4,5,6,8,9,10,23	domain	boundary,domain	8
chr4	25200000	3,4,5,6,7,8,10,11,12,13,14,15,16,17,20,21,22,23,24,25,26,27,28,29,30,31,32	boundary	boundary	27
chr4	25400000	3,4,5,6,7,8,9,10,11,12,13,14,15,16,17,18,19,20,21,22,23,24,25,26,27,28,29,30,31,32	boundary,domain	boundary,domain	30
chr4	25720000	32	boundary	boundary	1
chr4	25920000	3,4,5,6,7,8,9,10,11,12,13,14,15,16,17,18,19,20,21,22,23,24,25,26,27,28,29,30,31,32	boundary,domain	domain	30
chr4	26360000	6	domain	domain	1
chr4	26440000	6,7,8,9,10,11,12,13	domain	domain	8
chr4	27040000	3,4,5,6,7,8,9,10,11,12,13,14,15,16,17,18,19,20,21,22,23,24,25,26,27,28,29,30,31,32	domain	domain	30
chr4	27840000	3,4,5,6,7,8,9,10,11,12,13,14,15,16,17,18,19	domain	domain	17
chr4	28200000	6,7,8	domain	domain	3
chr4	29080000	4,5,6,7,8,9,10,11,12,13,14,15,16	boundary,domain	domain	13
chr4	30040000	4,5,6,7,8	domain	domain	5
chr4	30360000	4,5,6,7,8	domain	domain	5
chr4	30680000	3,4,5,6,7,8,9,10,11,12,13,14,15,16,17,18,19,20,21,22,23,24,25,27	domain	domain	24
chr4	31040000	5,6,7	domain	domain	3
chr4	31360000	3,4,5,6,7	domain	domain	5
chr4	31800000	3,4,5,6,7,8,9,10,11,12,13,14,15,16,17,18,19,20,21,22,23,24,25,26,27,28,29,30,31,32	domain	gap	30
chr4	31840000	3,4,5,6,7,8,9,10,11,12,13,14,15,16,17,18,19,20,21,22,23,24,25,26,27,28,29,30,31,32	gap	domain	30
chr4	32120000	4	domain	domain	1
chr4	32400000	3,4,8,9,10,11,12	domain	domain	7
chr4	32520000	3,5,6,7,16	domain	domain	5
chr4	32880000	3,4,5,6,7,8,9,10,11,12,13,14,15,17	domain	domain	14
chr4	33320000	3	domain	domain	1
chr4	33800000	6,7,8,9,10,11,12,15,20	domain	boundary,domain	9
chr4	34080000	3,4,5,6,7,8,9,10,11,12,13,14,15,16,17,18,19,20,21,22,23,24,25,26,27,28,29,30,31,32	boundary,domain	boundary,domain	30
chr4	34520000	9,11,12,14,15,27	domain	domain	6
chr4	35800000	3,4	domain	domain	2
chr4	35920000	6,7,8,9,10,11,13,19,20,21,25,29	domain	domain	12
chr4	36200000	13	domain	boundary	1
chr4	36280000	10,11,12,13,14,15,16,17,18,19,20,21,22,23,24,25,26,27,28,29,30,31,32	boundary,domain	boundary,domain	23
chr4	36400000	3,4,5,6,7,8,9,10,11,14	boundary,domain	domain	10
chr4	37440000	3,4,5,6,7,8,9,10,11,12,13,14,15,16,17,18,19,20,21,22,23,24,25,26,28,30,31,32	domain	boundary,domain	28
chr4	37520000	31	boundary	boundary	1
chr4	37600000	3,15,17,21,23,24,25,26,27,28,29,30,31,32	boundary,domain	boundary,domain	14
chr4	37800000	3,4,5,15,16,17,18,19,20,21,22,23,24,25,26,27,28,29,30,31,32	boundary,domain	boundary,domain	21
chr4	38040000	3,4,5,6,7,8,9,10,11,12,13,14,15,16,17,18,19,20,21,22,23,24,25,26,27,28,29,30,31,32	boundary,domain	domain	30
chr4	38760000	3,4,5,6,7,8,9,10,11,12	domain	boundary,domain	10
chr4	38880000	3,4,12,13,14,15,16,17,18,19,20,21,22,23,24,25,26,27,28,29,30,31,32	domain	boundary,domain	23
chr4	39040000	29,31	boundary	boundary	2
chr4	39160000	16,17,18,19,20,21,22,23,24,25,26,27,28,29,31,32	boundary,domain	boundary,domain	16
chr4	39280000	30	boundary	boundary	1
chr4	39440000	4,5,11,12,13,14,15,16,17,18,19,20,21,22,23,24,25,26,27,28,29,30,31,32	boundary,domain	domain	24
chr4	40040000	5,6,7,8,9,10,11,12,13,14,15,16,17,18,19,20,21,22,23,24,25,26,27,28,29,30,31,32	domain	boundary,domain	28
chr4	40320000	3,4,5,6,7,8,9,10,11,12,13,14,15,16,17,18,19,20,21,22,23,24,25,26,27,28,29,30,31,32	boundary,domain	boundary,domain	30
chr4	40760000	3,4,5,6,7,8,9,10,11,12,13,14,15,16,17,18,19,20,21,22,23,24,25,26,27,28,29,30,31,32	boundary,domain	boundary,domain	30
chr4	40920000	3,4,6,7,8,10,11,12,13,14,15,16,17,18,19,20,21,22,28,29,31,32	boundary,domain	boundary,domain	22
chr4	41240000	3,4,5,6,7,8,9,10,11,12,13,14,15,16,17,18,19,20,21,22,23,24,25,26,27,28,29,30,31,32	boundary,domain	domain	30
chr4	41680000	3,4,5,6,7,8,9,10,11,27,28,29,30,31,32	domain	boundary,domain	15
chr4	41960000	3,4,5,6,7,8,9,10,11,12,13,14,15,16,17,18,19,20,21,22,23,24,25,26,27,28,29,30,31,32	domain	boundary,domain	30
chr4	42280000	3,4,5,6,7,8,13,14,15,16,17,18,19,20,21,22,23,24,25,26,27,28,29,30,31,32	boundary,domain	boundary,domain	26
chr4	42560000	3,4,5,6,7,8,9,10,11,12,13,14,15,16,17,18,19,20,21,22,23,24,25,26,27,28,29,30,31,32	boundary,domain	boundary,domain	30
chr4	43000000	4,5,6,7,8,9,10,11,12,13,14,15,16,17,18,19,20,21,22,23,24,25,26,27,28,29,30,31,32	boundary,domain	domain	29
chr4	43240000	3,4,5,6,7	domain	domain	5
chr4	43440000	3,5,6,7,8,9	domain	boundary,domain	6
chr4	43520000	3,4,5,6,9,10,11,12,13	boundary,domain	boundary,domain	9
chr4	43760000	3,4,5,6,7,8,9,10,14	domain	boundary,domain	9
chr4	43840000	7,13,14,15,16,17	domain	boundary,domain	6
chr4	43960000	5,11,12,13	boundary,domain	boundary,domain	4
chr4	44080000	4,6,7,8,9,10,12	boundary,domain	boundary,domain	7
chr4	44160000	6	boundary	domain	1
chr4	44280000	3,4	domain	domain	2
chr4	44400000	3,4,5	domain	domain	3
chr4	44520000	3,31	domain	boundary,domain	2
chr4	44680000	3,4,5,6,7,8,9,10,11,12,13,14,15,16,17,18,19,20,21,22,23,24,25,26,27,28,29,30,31,32	boundary,domain	domain	30
chr4	44920000	3	domain	domain	1
chr4	45480000	3,4,5,6,7,8,9,10,11,12,13,14,15,16	domain	domain	14
chr4	45800000	6	domain	domain	1
chr4	46200000	5	domain	domain	1
chr4	46480000	3,5,6,7,8,9,10,11,12,13,14,15,16,17,18,19,20,21,22,23	boundary,domain	domain	20
chr4	46560000	8,11,12,13,16,25	boundary,domain	domain	6
chr4	46760000	6	domain	domain	1
chr4	46920000	3,4,5,6,7,8,9,10,11,12,13,14,15	domain	domain	13
chr4	47200000	19	domain	boundary	1
chr4	47400000	4,5,6,7,8,9,10,11,12,13,14,15,16,17,18,19,23,24,25,26,27,29,31,32	domain	boundary,domain	24
chr4	47640000	3,4,5,6,8,9,10,11,12,13,14,15,16,17,18,19,20,21,22,23,24,25,26,27,28,29,30,31	boundary,domain	boundary,domain	28
chr4	47840000	24,25,27,30	boundary	domain	4
chr4	47960000	4,5,6,12,14,15,16,17,18,19,20,21,22,23,26	boundary	domain	15
chr4	48120000	4,5,6,7,8,9,10,11,12,13,14,15,16,17,18	boundary	domain	15
chr4	48560000	3,5,6	domain	domain	3
chr4	49080000	3,4,5,6,7,8,9,10,11,12,13,14,15,16,17,18,19,20,21,22,23,24,25,26,27,28,29,30,31,32	domain	gap	30
chr4	51840000	3,4,5,6,7,8,9,10,11,12,13,14,15,16,17,18,19,20,21,22,23,24,25,26,27,28,29,30,31,32	gap	domain	30
chr4	52200000	6,7,9	domain	domain	3
chr4	52520000	3,4,5,6,7,8	domain	domain	6
chr4	53120000	5,6,7,8,9,10,11,12,13,14,15,16,17,18,19,20,21,22	boundary,domain	domain	18
chr4	53920000	3,4,5,6,7,8,9,10	domain	domain	8
chr4	54280000	3,4,5,6,7,8,9,10,11,12,13,14,15,16,17,18,19,20,21,22,23,24,25,26,27,28,29,30,31,32	domain	boundary,domain	30
chr4	54440000	13	boundary	domain	1
chr4	54640000	3,4,5,6,7	domain	domain	5
chr4	54880000	27	boundary	boundary	1
chr4	54960000	3,4,5,6,7,8,11,12,13,14,15,16,17,18,19,20,21,22,23,24,25,26,27,28,29,30,31,32	boundary,domain	domain	28
chr4	55120000	9,10,11,12	boundary,domain	domain	4
chr4	55320000	3,4,6,7	domain	domain	4
chr4	55880000	3,4,5,6,7,8,9,10,11,12,13,14,15,16,17,18,19,20,21,22,23,24,25,26,27,28,29,30,31,32	domain	domain	30
chr4	56400000	4,5,6,7,8,9,10,11,12,13,14,15,16,17,18,19,20,21,22,23,24,25,26,27,28,29,30,31,32	domain	boundary,domain	29
chr4	56520000	3	domain	domain	1
chr4	56880000	4,5	domain	domain	2
chr4	57040000	3,4,6,7,8,9,10,11,12,13,14,15,16,17,18,19,20,21,22,23,24,25,26,27,28,29,30,31,32	boundary,domain	boundary,domain	29
chr4	57120000	3,4,5,6,7	boundary,domain	domain	5
chr4	57520000	5	domain	domain	1
chr4	57960000	7	domain	domain	1
chr4	58680000	7	domain	domain	1
chr4	58880000	3,4,5,6,7,8,9,10,11,12,13,14,15,16,17,18,19,20,21,22,23,24,25,26,27,28,29,30,31,32	domain	gap	30
chr4	58920000	3,4,5,6,7,8,9,10,11,12,13,14,15,16,17,18,19,20,21,22,23,24,25,26,27,28,29,30,31,32	gap	domain	30
chr4	59080000	3,4,5,6,7,8,9,10,11,12,13,14,15,16,17,18,19,20,21,22,23,24,25,26,27,28,29,30,31,32	domain	gap	30
chr4	59120000	3,4,5,6,7,8,9,10,11,12,13,14,15,16,17,18,19,20,21,22,23,24,25,26,27,28,29,30,31,32	gap	domain	30
chr4	60200000	6,7,8,11	domain	boundary	4
chr4	60320000	3,4,5,6,7,8,9,10,11,12,13,14,15,16,17,18,19,20,21,22,23,24,25,26,27,28,29	domain	boundary,domain	27
chr4	60480000	3,4,5,6,7,8,9,10,11,12,13,14,18,32	boundary,domain	domain	14
chr4	60760000	3,4,5,6,7,8,9,10,11,12,13,14	domain	domain	12
chr4	61000000	3	domain	domain	1
chr4	62040000	5	domain	domain	1
chr4	62200000	3,5,6,8,9,10,11	domain	domain	7
chr4	62280000	5	domain	domain	1
chr4	62360000	3,12	domain	domain	2
chr4	62440000	7	domain	domain	1
chr4	62520000	5,6,8,9,10,15	domain	boundary,domain	6
chr4	62800000	3,4,5,6,7,8,9,10	boundary,domain	domain	8
chr4	63040000	4	domain	domain	1
chr4	63240000	3,4,5,6,7,8,9,10,11,12,13,14,15,16,17,18,19,20,21,22,23,24,25,26,27,28,29,30,31,32	domain	gap	30
chr4	63280000	3,4,5,6,7,8,9,10,11,12,13,14,15,16,17,18,19,20,21,22,23,24,25,26,27,28,29,30,31,32	gap	domain	30
chr4	63520000	4,5	domain	domain	2
chr4	63640000	3,4,5	domain	domain	3
chr4	63760000	4,5,6,7,8,9,10	domain	domain	7
chr4	63960000	3,4,5	domain	domain	3
chr4	64600000	3,4,5,6,7,8,9,10,11,12,13,14,15,16,17,18,19,20,21,22,23,24,25,26,27,28,29,30,31,32	domain	boundary,domain	30
chr4	64920000	15,17,20,26,29	boundary	domain	5
chr4	65000000	3	domain	domain	1
chr4	65880000	3,4	domain	domain	2
chr4	66440000	3,4	domain	domain	2
chr4	66720000	3,4,5,6,7,8,9,10,11,12,13	domain	domain	11
chr4	67400000	3,4,5,6,7,8,9,10,11,12,13,14,15,16,17,18,19,20,21,22,23,25,27	domain	boundary,domain	23
chr4	67720000	4,5,6,7,8,9,10,13,14,15,16	boundary,domain	domain	11
chr4	67960000	4	domain	domain	1
chr4	68200000	4,5,6	domain	domain	3
chr4	68520000	3,4,5,6,7,8,9,10,11,12,13,14,15,16,17,18,19,20,21,22,23,24,25,26,27,28,29,30,31,32	domain	gap	30
chr4	68680000	3,4,5,6,7,8,9,10,11,12,13,14,15,16,17,18,19,20,21,22,23,24,25,26,27,28,29,30,31,32	gap	domain	30
chr4	69200000	3,4,5,6,7,8,9,10,11,12,13,14,15,16,17,18,19,20,21,22,23,24,25,26,27,28,29,30,31,32	domain	gap	30
chr4	69440000	3,4,5,6,7,8,9,10,11,12,13,14,15,16,17,18,19,20,21,22,23,24,25,26,27,28,29,30,31,32	gap	domain	30
chr4	69680000	3,4	domain	domain	2
chr4	69920000	3,4,5	domain	domain	3
chr4	70600000	3,4,5,6,7,8,9,10,11,12,13,14,15,16,17,18,19,20,21,22,23,24,25,26,27,28	domain	domain	26
chr4	71040000	4,7,12,13	domain	boundary,domain	4
chr4	71120000	3,5,6,7,8,9,10,11	boundary,domain	domain	8
chr4	71560000	3,4	domain	domain	2
chr4	71760000	3,4,5,6,7,8,9,10,11,12,13,14,15,16,17,18,19	domain	domain	17
chr4	72280000	3,4,5,6,7,8	domain	domain	6
chr4	72480000	3	domain	domain	1
chr4	73040000	3,4,5,6,7,8,9,10,11,12,13,14,15,16,17,18,19,20,21,22,23,24,25,26,27,28,29,30,31,32	domain	boundary,domain	30
chr4	73280000	3,4,5,6,7,8,9,10,11,12,13,14,15,16,17,18,19,20,21,22,23,24,25,26,27,28,29,30,31,32	boundary,domain	boundary,domain	30
chr4	73560000	4,5,6,9,10,11,12,13,16,21,22,23,25,26,27,28,29,30,31,32	boundary,domain	domain	20
chr4	73640000	6,7,8	domain	domain	3
chr4	74160000	3,4,5,6,7,8,9,10,11,12,13,14,15,16,17,18,19,20,21,22,23,24,25,26,27,28,29,30,31,32	domain	domain	30
chr4	74360000	3,4	domain	domain	2
chr4	74760000	4,5,6,7,8,9,10,11,12,13,14,15,16,17,18,19,20,21,22,23,30,31	domain	boundary,domain	22
chr4	74840000	11,15	boundary	domain	2
chr4	75520000	3,4,5,6,7,8,9,10,11,12,13,14,15,16,17,18,19,20,21,22,23,24,25,26,27,28,29,30,31,32	domain	boundary,domain	30
chr4	75960000	6,7,8,10,11,13,14,15,16,17,18,19,20,21,22,23,24,25,26,27,28,32	boundary,domain	boundary,domain	22
chr4	76080000	5,6,7,8,9,10,11,12,13,14,15,16,17,18,19,20,21,24,25,26,28,29,30,31	boundary,domain	domain	24
chr4	76480000	3,4,5,6,7,8,9	domain	domain	7
chr4	76760000	3,4,5,6,7	domain	domain	5
chr4	77080000	14	domain	domain	1
chr4	77240000	3,4,5,6,7,8,9,10,11,12,13,14,15,16,17,18,19,21,22,24,25,26,27,28,29,30,31,32	domain	boundary,domain	28
chr4	77440000	23,24	domain	boundary	2
chr4	77760000	5,6,16,17,18,19,20,21,22,23,24,25,26,27,28,29,30,31,32	boundary,domain	boundary,domain	19
chr4	77920000	3,4,5,6,7,8,9,10,11,12,13,14,15,16,19,21,25,26,27,28,29,30,31,32	boundary,domain	domain	24
chr4	78520000	7,8,9	domain	domain	3
chr4	78920000	3,4,5,6,7,8,9,10,11,12,13,14,15,16,17,18,19,20,21,22,23,24	domain	domain	22
chr4	79520000	4	domain	domain	1
chr4	79920000	3,4,5,6,7,8,9,10,11,12,13,14,15,16,17,18,19,20,21,22,23,24,25,26,27,28,29,30,31,32	domain	gap	30
chr4	79960000	3,4,5,6,7,8,9,10,11,12,13,14,15,16,17,18,19,20,21,22,23,24,25,26,27,28,29,30,31,32	gap	domain	30
chr4	80240000	3,5,6	domain	boundary,domain	3
chr4	80320000	3,4,5,6,8	domain	domain	5
chr4	80960000	3,4,5,6,7	domain	domain	5
chr4	81080000	8,9,10,11,12,13,14	domain	domain	7
chr4	81400000	3,4,5,6,7,8,9,10,11,12,13,14,15,16,17,18,19,20	domain	domain	18
chr4	81880000	3,4,5,6,7	domain	domain	5
chr4	82240000	3,4,5,6,7,8,9,10,12	domain	boundary,domain	9
chr4	82360000	5,6,9,10,11,12,13,14,15,16,17,18,19,20,21,22,23,24,25,26,27,28,29,30,31,32	boundary,domain	boundary,domain	26
chr4	82440000	3,4,6,7	boundary,domain	domain	4
chr4	82800000	3,4,5,6,7,8,9,10,11,12,13,14,22,24,29,30,31,32	boundary,domain	boundary,domain	18
chr4	83040000	4,5,11,13,14,32	boundary,domain	domain	6
chr4	83320000	14,17,19,21,26,27,28,29,30,31	domain	domain	10
chr4	83480000	5,6,7,8,9,10,11,12,13,14,15,16,17,18,19,20,21,22,23,24,25,29	boundary,domain	boundary,domain	22
chr4	83640000	3,4,5,6,7,8,9,10,11,12,13,14,15,16,17,18,19,25,26,29	boundary,domain	domain	20
chr4	84560000	3,4,5,6,7,8,9,10,11,12,13,14,15,16,17,18,19,20,21,22,24,25,26,27,29,30,31,32	domain	boundary,domain	28
chr4	84680000	22,23,24,28	boundary,domain	boundary	4
chr4	85000000	3,4,5,6,7,8,9,10,11,12,13,14,15,16,17,18,19,20,21,22,23,24,25,26,27,28,29,30,31,32	boundary,domain	domain	30
chr4	85400000	3	domain	domain	1
chr4	85760000	3,4,5,6,7,8,9,10,11,12,13,14,15,16,17,18	domain	boundary,domain	16
chr4	86040000	3,4,5,6,7,8,9,10,11,12,13,14,15,16,17,18,19,20,21,22,23,24,25,28,29,31,32	boundary,domain	boundary,domain	27
chr4	86200000	3,16,17,20	boundary,domain	boundary,domain	4
chr4	86320000	21,22,23,24,26,27,28	boundary,domain	boundary	7
chr4	86440000	4,5,6,7,8,9,10,11,12,13,14,15,16,17,18,19,20,21,22,23,24,25,26,27,28,29,30,31,32	boundary,domain	boundary,domain	29
chr4	86920000	3,4,5,6,7,8,9,10,11,12,13,14,15,16,17,18,19,20,21,22,23,24,25,26,27,28,29,30,31,32	boundary,domain	boundary,domain	30
chr4	87240000	4,5,6,7,8,9,10,11,12,13,14,15,16,17,18,19,20,21,22,23,24,25,26,27,28,29,30,31,32	boundary,domain	boundary,domain	29
chr4	87360000	8,11	boundary	boundary,domain	2
chr4	87480000	3,4,5,6,7,8,9,10,11,12,13,14,15,16,17,18,19,20,21,22,23,24,25,26,27,28,29,30,31,32	boundary,domain	boundary,domain	30
chr4	88000000	3,8,9,10,11,12,13,14,15,16,17,18,19,20,21,22,23,24,25,26,27,28,29,30,31,32	boundary,domain	boundary,domain	26
chr4	88240000	3,5,13,14,15,16,17,18,19,20,21,22,23,24,25,26,27,28,29,30,31,32	boundary,domain	boundary,domain	22
chr4	88520000	3,4,5,6,7,8,9,10,11,12,13,14,15,16,17,18,19,20,21,22,23,24,25,26,27,28,29,30,31,32	boundary,domain	boundary,domain	30
chr4	88680000	3,9,12,13,14,15,16,17,18,19,20,21,22,23,24,25,26,27,28,29,30,31,32	boundary,domain	boundary,domain	23
chr4	88800000	26,28,32	boundary	boundary	3
chr4	89120000	3,4,5,6,7,8,9,10,11,12,13,14,15,16,17,18,19,20,21,22,23,24,25,26,27,28,29,30,31,32	boundary,domain	boundary,domain	30
chr4	89440000	3,4,21,22,23,26,27,28,29,30,31,32	boundary,domain	domain	12
chr4	89840000	3	domain	domain	1
chr4	89960000	3,4,5,6,7,8,9,10,11,12,13,14,15,16,17,18,19,20,21,22,23,24,25,26,27,28,29,30,31,32	domain	boundary,domain	30
chr4	90320000	3,4,5,6,7,8,9,10,11,12,13,14,15,16,17,18,19,20,21,22,23,24,25,26,27,28,29,30,31,32	boundary,domain	domain	30
chr4	91120000	3,4,5,6,7,8,9	domain	domain	7
chr4	92360000	4,6,7,10,11,12	domain	domain	6
chr4	92480000	11,12,13,15,17	domain	domain	5
chr4	92600000	10,16,17,18,19,20	domain	domain	6
chr4	93040000	3,4	domain	domain	2
chr4	93640000	3	domain	domain	1
chr4	93800000	3,4,5,6,7,8,9,10,11,12,13,14,15,16,17,18,19,20,21,22,23,24,25,26,27,28,29,30,31,32	domain	boundary,domain	30
chr4	94200000	3,4,5,6,7,8,9,10,11,12,13,14,15,16,17,18,19,20,21,22,23,24,25,26,27,28,29,30,31,32	boundary,domain	boundary,domain	30
chr4	94600000	3,4,5,6,7,8,9,10,11,12,13,14,15,16,17,18,19,20,21,22,23,24,25,26,27,28,29,30,31,32	boundary,domain	domain	30
chr4	95160000	3,4,5,6,7,8,9,10,11,12,13,14,15,16,17,18,19,20,21,22,23,24,25,26,27,28,29,30,31,32	domain	domain	30
chr4	95480000	5	domain	domain	1
chr4	97760000	5,6,7	domain	domain	3
chr4	98040000	4,5,6,7,8,9,10,11,12,13,14,15,16,17,18,19,20,21,22,23,24,25,26,27,28,29,30,31,32	domain	domain	29
chr4	98360000	26	boundary	domain	1
chr4	98440000	3,4,5,6,7,8,9,10	domain	domain	8
chr4	99080000	3,4,5,6,7,8,9,10,11,12,13,14,15,16,17,18,19,20,21,22,23,24,25,26,27,28,29,30,31,32	domain	boundary,domain	30
chr4	99520000	3,4,5,6,7,8,9,10,11,12,13,14,15,16,17,18,19,20,21,22,23,24,25,26,27,28,29,30,31,32	boundary,domain	boundary,domain	30
chr4	99880000	3,4,6	domain	boundary,domain	3
chr4	100000000	5,6,7,8,9,10,11,12,13,14,15,16,17,18,19,20,21,22,23,24,25,26,27,28,29,30,31,32	boundary,domain	domain	28
chr4	100880000	9,10,11,12	domain	domain	4
chr4	101360000	3,4,5,6,7,8,9	domain	domain	7
chr4	101760000	4,5,6,7,8,9,10	domain	domain	7
chr4	102320000	3,4,5,6,7,8,9,10,11,12,13,14	domain	boundary,domain	12
chr4	102400000	6	boundary	domain	1
chr4	102640000	3,4	domain	domain	2
chr4	102920000	3,4,5,6,7,8,9,10,11,12,13,14,15,16,17,18,19,20,21,22,23,24,25,26,27,28,29,30,31,32	domain	gap	30
chr4	102960000	3,4,5,6,7,8,9,10,11,12,13,14,15,16,17,18,19,20,21,22,23,24,25,26,27,28,29,30,31,32	gap	domain	30
chr4	103120000	3	domain	domain	1
chr4	103240000	4	domain	domain	1
chr4	103600000	3,4,5,6,7	domain	domain	5
chr4	103840000	3,4,5,6,7,8,9,10,11,12,13,14,15,16,17	domain	domain	15
chr4	104040000	4	domain	domain	1
chr4	104280000	3,4	domain	domain	2
chr4	104920000	7,8,9,10,11,12,13,15,17,18,19,20,21,27,32	boundary,domain	boundary,domain	15
chr4	105120000	14,15,16,17,18,19,20,21,22,23,24,25,26,27,28,29,30,31,32	boundary,domain	domain	19
chr4	105480000	3,4,5,6,7,8,9,10,11,12,13,14,15,16	domain	domain	14
chr4	105720000	3,4,5,6,7,9,13,14	domain	domain	8
chr4	106160000	3,5	domain	domain	2
chr4	106360000	3,4,5,6,7,8,9,10,11,12,13,14,15,16,17,18,19,20,21,22,23,24,25,26,27,28,29,30,31,32	domain	domain	30
chr4	107760000	3,4,5,6,7,8,9,10,11,12,13,14,15,16,17,18,19,20,21,22,23,24,25,26,27,28,29,30,31,32	domain	boundary,domain	30
chr4	107960000	4,5,6,7,8,9,10,11,12,13,14,15,16,17,18,19,20,21,22,23,24,25,26,27,28,29,30,31,32	boundary	domain	29
chr4	108640000	3,4,5,6,7,8,9,10,11,12,13,14,15,16,17,18,19,20,21,22,23,24,25,26,27,28,29,30,31,32	domain	domain	30
chr4	108840000	3,4	domain	domain	2
chr4	109440000	3,4,5,6,7,8,9,10,11,12,13,14,15,16,17,18	domain	domain	16
chr4	110000000	3,4,5,6,7,8,9,10,11,12,13,14,15,16,17,18,19,20,21,23,24,25,26,27,28,29,30,31,32	domain	domain	29
chr4	110560000	3,4,5,6,7,8,9,10,11,12,13,14,15,16,17,18,19,20,21,22,23,24,25,26,27,28,29,30,31,32	domain	domain	30
chr4	111240000	3,4,6,7	domain	domain	4
chr4	111360000	6,8,11,12,13,14	domain	domain	6
chr4	111480000	9,10	domain	boundary,domain	2
chr4	111600000	4,5,6,7,8,9,12,16	boundary	domain	8
chr4	111840000	4	domain	domain	1
chr4	112040000	3,4,5,6,7,8,9,10,11,12,13,14,15,16,17,18,19,20,21,22,23,24,25,26,27,28,29,30,31,32	domain	boundary,domain	30
chr4	112200000	27	boundary	domain	1
chr4	112320000	3,4,5,6	domain	domain	4
chr4	112600000	5,6,7,8,9,10,11,12	domain	domain	8
chr4	112960000	3,4,5,6,7,8,10,11,12,13,14,15,17,22,23,24,30	domain	boundary,domain	17
chr4	113080000	4,5,7,10,11,12,13,14,15,16,17,18,19,20,21,22,23,24,25,26,27,28,29,30,31,32	boundary,domain	boundary,domain	26
chr4	113200000	15	boundary	domain	1
chr4	113280000	10,11,12,13	boundary	domain	4
chr4	113360000	4,5,6,7,8,9	boundary,domain	domain	6
chr4	113920000	3,5,6,7,8,9,10,11,12	boundary,domain	domain	9
chr4	114360000	3,4,5,6,7,8,9,10	domain	domain	8
chr4	114720000	3,4,5,6,7,8,9,10,11,12,13,14,15,16,17,18,19,20,21,22,23,24,25,26,27,28,29,30,31,32	domain	boundary,domain	30
chr4	114880000	3	domain	domain	1
chr4	115040000	3,5,6,7,13,14	boundary,domain	domain	6
chr4	115560000	7,8,9,10	domain	domain	4
chr4	115840000	3,5	domain	domain	2
chr4	116080000	3,5,6,7,8,9,10,15,18,19,20,27	domain	domain	12
chr4	116320000	6,8,11,12,13,14,15,16,17,21,22,23,24,25,26,27,28,29,30,31,32	boundary,domain	boundary,domain	21
chr4	116520000	7,9,18,20,23,24,25	boundary,domain	domain	7
chr4	116640000	6,7	domain	domain	2
chr4	116960000	3,4,5,6,7,8,9,11,12,13,14,15,16,17,18	domain	domain	15
chr4	117080000	11	domain	boundary	1
chr4	117160000	3,4,5,6,7,8,9,10,11,13	boundary,domain	domain	10
chr4	117360000	3	domain	domain	1
chr4	117480000	5	domain	domain	1
chr4	117640000	6,7,8,10	domain	domain	4
chr4	118400000	3,4,5,6,7,8,9,10,11,12,13,14,15,16,17,18,19,20,21,22,23,24,25,26,27,28,29,30,31,32	domain	gap	30
chr4	118680000	3,4,5,6,7,8,9,10,11,12,13,14,15,16,17,18,19,20,21,22,23,24,25,26,27,28,29,30,31,32	gap	domain	30
chr4	118960000	4,5,6	domain	domain	3
chr4	119040000	4	domain	domain	1
chr4	119320000	3,4,5,6,7,8,9,10,11,12,13,14,15,16,17,18,19,20,21,22,23,24,25,26,27,28,29,30,31,32	domain	gap	30
chr4	119480000	3,4,5,6,7,8,9,10,11,12,13,14,15,16,17,18,19,20,21,22,23,24,25,26,27,28,29,30,31,32	gap	domain	30
chr4	119800000	4	domain	domain	1
chr4	120080000	4,5,6,7,8,9,10,11,12,13,14	domain	domain	11
chr4	120160000	5	domain	domain	1
chr4	121320000	3,4,5,6,7,8,9,10,11,12,13,14,15,16,17,18,19,20,21,22,23,24,25,26,27,28,29,30,31,32	boundary,domain	boundary,domain	30
chr4	121680000	18	domain	boundary	1
chr4	121800000	3,4,5,6,7,8,9,10,11,12,13,14,15,16,17,18,19,20,21,22,23,24,25,26,27,28,29,30,31,32	boundary,domain	domain	30
chr4	122160000	3,4,5	domain	domain	3
chr4	122360000	4,5	domain	domain	2
chr4	122600000	3,4,5,6,7,8,9,10,27,32	domain	boundary,domain	10
chr4	122720000	3,19,21,23,24,25,26,28,29,30,31	domain	boundary,domain	11
chr4	122960000	3,4,5,6,7,8,9,10,11,12,13,14,15,16,17,18,19,20,21,22,23,24,25,26,27,28,29,30,31,32	boundary,domain	boundary,domain	30
chr4	123360000	3,4,5,6	domain	domain	4
chr4	123680000	3,4,5,6,7,8,9,10	domain	domain	8
chr4	124320000	3,4,5,6,7,8,9,10,11,12,13,14,15,16,17,18,19,20,21,22,23,24,25,26,27,28,29,30,31,32	domain	domain	30
chr4	125320000	3,4,5,6,7,8,9,10,11,12,13,14,15,16,17,18,19,20,21,22,23,24,25,26,27,28,29,30,31,32	domain	domain	30
chr4	125520000	3	domain	domain	1
chr4	125800000	4,5,6,7,8,9	domain	domain	6
chr4	126120000	3,4,5,6,7	domain	domain	5
chr4	126400000	4,5,9,10,11,12,13	domain	domain	7
chr4	126840000	3,4,5,6,7,8,9,10,11,12	domain	domain	10
chr4	127160000	3,5	domain	domain	2
chr4	127560000	4,5,6,7,8,9,10,11,12,13,14,15,16,17,18,19,20,21,23,24,28,29,32	domain	boundary,domain	23
chr4	127760000	3,4,5,6,7,8,9,10,11,12,13,14,15,16,17,18,19,20,21,22,23,24,25,26,27,28,29,30,31,32	boundary,domain	boundary,domain	30
chr4	128040000	16	boundary	domain	1
chr4	128160000	5,6,7,8,9,10,11,12,13,14,15	boundary,domain	domain	11
chr4	128800000	3	domain	domain	1
chr4	128920000	5,6,7,8,9,10	domain	domain	6
chr4	129160000	4,6,8,9,10,11,12,13,14,15,16,17,18,19,20,21,22,23,24,25,26,27,28,29,30,31,32	domain	boundary,domain	27
chr4	129320000	3,4,5,6,7,8,10,11,13,14,20,21,22,23,24,27,29,30	boundary,domain	domain	18
chr4	129680000	3,4,5,6,7,9,10,11,12,13,16,18,19,20	domain	boundary,domain	14
chr4	129840000	3,4,5,6,7,8,11,12,14,15,16	boundary,domain	boundary,domain	11
chr4	130000000	3,4,5,6,8,9,10,12,13	boundary,domain	domain	9
chr4	130320000	3,4,5,6,7,8	domain	boundary,domain	6
chr4	130400000	8,9	boundary,domain	boundary	2
chr4	130480000	11,12	domain	boundary	2
chr4	130600000	6,7,8,9,10,11,12	boundary	boundary	7
chr4	130720000	4,7,8,10,13,14,15,16,17,18,19,20,21	domain	domain	13
chr4	130840000	8,12,18	boundary	boundary,domain	3
chr4	131000000	6,7,9	boundary,domain	domain	3
chr4	131080000	5,8,13	boundary,domain	domain	3
chr4	131280000	3	domain	domain	1
chr4	131440000	3,4	domain	domain	2
chr4	131640000	3,4,5,6,7,8,9,10,11,12,13,14,15,16,17,18,19,20,21,22,23,24,25,26,27,28,29,30,31,32	domain	gap	30
chr4	131960000	3,4,5,6,7,8,9,10,11,12,13,14,15,16,17,18,19,20,21,22,23,24,25,26,27,28,29,30,31,32	gap	domain	30
chr4	132200000	5	domain	domain	1
chr4	132280000	3,7	domain	boundary,domain	2
chr4	132440000	3,4,5,6,7,8,9,10,11	boundary,domain	boundary,domain	9
chr4	132680000	3,5,6,7,8,9,10,11,12,13,14,15,16	boundary,domain	domain	13
chr4	132840000	10,12,18,19	boundary,domain	boundary,domain	4
chr4	132960000	10,12,13,14,17	domain	boundary	5
chr4	133080000	3,4,5,6,7,8,9,10,11,12,13,14,15,16,17,18,19,20,21,22,23,24,25,26,27	boundary,domain	domain	25
chr4	134000000	3,4,5,6,7,8	domain	domain	6
chr4	134800000	14,17	domain	boundary,domain	2
chr4	134960000	3,4,5,6,7,8,9,10,11,12,13,14,15,16,17,19,20,21,22,26	boundary,domain	boundary,domain	20
chr4	135120000	5,6,7,8,11,15,18	boundary,domain	boundary,domain	7
chr4	135280000	3,4,5,6,7,8,10,11,12,13,14	boundary,domain	domain	11
chr4	135480000	5	domain	domain	1
chr4	135640000	4	domain	boundary	1
chr4	135720000	3,4,5,6,8,9	boundary,domain	domain	6
chr4	135920000	3,4	domain	domain	2
chr4	136120000	3,4,5,6,7,8,9,10,11,12,13,14,15,16,17,18,19,20,21,22,23,24,25,26,27,28,29,30,31,32	domain	gap	30
chr4	136160000	3,4,5,6,7,8,9,10,11,12,13,14,15,16,17,18,19,20,21,22,23,24,25,26,27,28,29,30,31,32	gap	domain	30
chr4	136520000	3,4,5,6,7	domain	domain	5
chr4	136960000	3	domain	domain	1
chr4	137040000	5,6,7,8,9,10,11,12,13,14,15,16,17,18,19,20,21	domain	domain	17
chr4	137720000	5,6,7,8,9,10,11	domain	domain	7
chr4	138040000	4	domain	domain	1
chr4	138160000	3,7,8,9	domain	domain	4
chr4	138680000	3,4,6,7	domain	domain	4
chr4	139000000	3,4,5,6,7,8,9,10,11,12,13,14,15,16,17,18,19,20,21,22,23,24,25,26,27,28,29,30,31,32	domain	boundary,domain	30
chr4	139360000	18,23	boundary	boundary	2
chr4	139560000	15,16,17,18,19,20,21,22,23,24,28,29,30,31,32	boundary,domain	domain	15
chr4	139640000	4,5,6,7,8,9,10,11,12,13,14	domain	domain	11
chr4	140000000	3	domain	domain	1
chr4	140360000	3,4,5,6,7,8,9,10,11,12,13,14,15,16,17,18,19,20,21,22,23,24,25,26,27,28,29,30,31,32	domain	boundary,domain	30
chr4	140520000	12,13,14,18,20	boundary	boundary,domain	5
chr4	140600000	4,5	domain	domain	2
chr4	140880000	3,4,5,6,7,16,17,18,19,20,21,22,23,24,25,26,27,28,29,30,31,32	boundary,domain	boundary,domain	22
chr4	141160000	4,5,6,7,8,9,10,11,12,13,14,15,16,17,18,19,20,21,22,23,24,25,26,27,28,29,30,31,32	boundary,domain	domain	29
chr4	141400000	3	domain	domain	1
chr4	142040000	3,5,6,7,8,9,10,11,12,13,14,15,16,17,18,19,20,21	domain	domain	18
chr4	142840000	3,4,5,6,7,8,9,10,11,12,13,14,15,16,17,18,19	domain	domain	17
chr4	143160000	3,4,5,6,7,8,9,10,11,12,13,14	domain	domain	12
chr4	143520000	3,4,5,6	domain	domain	4
chr4	143800000	3,4,5,6,7,8,9,10,11,12,13,14,15,16,17,18,19,20,21,22,23,24,25,26,27,28,29,30,31,32	domain	gap	30
chr4	144160000	3,4,5,6,7,8,9,10,11,12,13,14,15,16,17,18,19,20,21,22,23,24,25,26,27,28,29,30,31,32	gap	domain	30
chr4	144600000	3,4	domain	domain	2
chr4	145120000	3,4,5,6,7,8,9,10,11,12,13,14,15,16,17,18,19,20,21,22,23,24	domain	boundary,domain	22
chr4	145600000	3,4,5,6,7,8,9,10,11,12,13,14,15,16,17,18,19,20,21,22,23,24,25,26,27,28,29,30,31,32	domain	domain	30
chr4	145960000	3,4,5,6,7,9,10,15,16,17,18,19,20,21,22,23,26	boundary,domain	domain	17
chr4	146240000	3,10,11,12,13,14	domain	domain	6
chr4	147000000	3,5,6,7,8,9,10,11,12,13,14,15,16,17,18,19,20,21,22,23,24,25,26,29,30,31,32	domain	boundary,domain	27
chr4	147120000	18,24,25,26,27,28,29,30,31,32	boundary	domain	10
chr4	147640000	3,4,5,6,7,8,9,10,11,12,13,14,15,16,17,18,19,20,21,22,23,24,25,26,27,28,29,30,31,32	domain	boundary,domain	30
chr4	147880000	3,4,5,6,7,8,9,10,11,12,13,14,15,16,17,18,19,20,21,22,23,24,25,26,27,28,29,30,31,32	boundary	domain	30
chr4	149080000	4,5,6,7	domain	domain	4
chr4	149240000	3,7,8,9,10,11,12,13,14,15,16,17,18,19,20,21	domain	domain	16
chr4	149600000	3	domain	domain	1
chr4	149960000	3,4,5,6,7,8,9,10,11,12,13,14,15,16,17,18,19,20,21,22,23,24,25,26,27,28,29,30,31,32	boundary,domain	boundary,domain	30
chr4	150240000	4,5,6,7,8,9,10,11,12,13,14,15,16,23,24,25,26,27,28,29,30,31,32	boundary,domain	domain	23
chr4	151080000	3,4,5,6,7,8,9,10,11,12,13,14,15,16,17,18,19,20,21,22,23,24,25,26,27,28,29,30,31,32	domain	domain	30
chr4	151400000	4,5,6	domain	domain	3
chr4	151800000	6,10	domain	domain	2
chr4	152320000	3,4,5,7	domain	boundary,domain	4
chr4	152440000	3,4,5,6,7,8,9,10,11,12,13,14,15,16,17,20,21,22,23,24,25,30,32	domain	boundary,domain	23
chr4	152760000	3,4,5,6,7,8,9,10,11,12,13,14,15,16,17,18,19,20,21,22,23,24,25,26,27,28,29,30,31,32	boundary,domain	boundary,domain	30
chr4	153120000	3,4,5,6,7,8,9,11,12,13,14,15,16,17,18,19,20,21,22,23,24,25,26,27,28,29,30,31,32	boundary,domain	boundary,domain	29
chr4	153320000	3,4,6,7,8,9,10,11,12,13,18,19,20,21,22,23,24,25,26,27,28,29,30,31,32	boundary,domain	boundary,domain	25
chr4	153600000	3	domain	domain	1
chr4	153720000	4,5,6,7,8,9,10,11,12,13,14,15,16,17,18,19,20,21,22,23,24,25,26,27,28,29,30,31,32	domain	domain	29
chr4	154200000	3,6	domain	domain	2
chr4	154360000	7,8,9	domain	boundary	3
chr4	154560000	3,4,5,6,7,8,9,10,15,16,17,18,19,21,23,24,25,26,27,28,29,30,31	boundary,domain	boundary,domain	23
chr4	154760000	3,4,6,7,8,9,10,11,12,13,14,17,18,19,20,21,22,23,24,25,26,27,28,29,30,31,32	boundary,domain	boundary,domain	27
chr4	154960000	4,6,7,15,16,17,18,19,20	boundary,domain	domain	9
chr4	155360000	3,4,5,6,7,8,9,10,11,12,13,14,15,16,17,18,19,20	domain	domain	18
chr4	155800000	3,4,5,6,7,8,9,10,11,12,13,14,15,16,17	domain	boundary,domain	15
chr4	155960000	3,4,5,6,7,8,9,10,11,12,13,14,15,16,17,18,19,20,21,22,23,24,25,26,27,28,29	boundary,domain	domain	27
chr4	156080000	17	domain	domain	1
chr4	156160000	4	domain	domain	1
chr4	156400000	3,5,6,7,8,9,10,11,12,13,15	domain	domain	11
chr4	156720000	4	domain	domain	1
chr4	157040000	3,4,5,6,7,12	domain	boundary,domain	6
chr4	157160000	8,9,10,11,12,13,14,15,16,17,18,19,20,21,22	boundary,domain	domain	15
chr4	157560000	3,4,5,7	domain	domain	4
chr4	158000000	3,4,5,6,7,8,9,10,11,12,13,14,15,16,17,32	domain	domain	16
chr4	158160000	3	domain	domain	1
chr4	158280000	3,4,5,6,7,8,9,10,23,24,25,26,27,28,29,30,31,32	domain	boundary,domain	18
chr4	158680000	3,4,5,6,7,8,9,10,11,12,13,14,15,16,17,18,19,20,21,22,23,24,25,26,27,28,29,30,31,32	boundary,domain	domain	30
chr4	158880000	3,4	domain	domain	2
chr4	159200000	4,5,6	domain	domain	3
chr4	159480000	3,4,5,6,7,8,9,10,11,12,13,14,15,16,17,18,19,20,21,22,23,24,25,26,27,28,29,30,31,32	domain	domain	30
chr4	159760000	4,5,6	domain	domain	3
chr4	159960000	4	domain	domain	1
chr4	160680000	3	domain	domain	1
chr4	160920000	3	domain	domain	1
chr4	161040000	3,5,6,10,11,12,15,18,22,23	domain	domain	10
chr4	161240000	4,5,6,7,9,10,11,12,13,14,15,16,17,18,19,20,21,22,23,24,25,26,27,28	boundary,domain	domain	24
chr4	161480000	3,4,5,6,7,8	domain	domain	6
chr4	162000000	3,4,5,6,7	domain	domain	5
chr4	162240000	3,4,8,9,12	domain	boundary,domain	5
chr4	162320000	3,4,5,6,7,8,9,10,11,12,13,14,15,16,17,18,19,20,21,22,23,24,25,26,27,28,29,30,31,32	boundary,domain	boundary,domain	30
chr4	162480000	5	boundary	domain	1
chr4	163040000	3,4,5,6,7	domain	domain	5
chr4	163480000	4	domain	domain	1
chr4	163560000	4,5,6,7,8,9,10,11,12,13,14,15,16	domain	domain	13
chr4	164240000	3,4,5,6,7,8,9,10,11,12,13,14,15,16,17,18,19,20,21,22,23,24,25,26,27,28,29,30,31,32	domain	gap	30
chr4	164280000	3,4,5,6,7,8,9,10,11,12,13,14,15,16,17,18,19,20,21,22,23,24,25,26,27,28,29,30,31,32	gap	domain	30
chr4	164720000	3,4,5,6,7,8,9,10	domain	domain	8
chr4	165240000	3,4,5,6,7,8,9,10,11,12,13,14,15,16,17,18,19,20,21,22,23,24,25,26,27,28,29,30,31,32	domain	gap	30
chr4	165280000	3,4,5,6,7,8,9,10,11,12,13,14,15,16,17,18,19,20,21,22,23,24,25,26,27,28,29,30,31,32	gap	domain	30
chr4	165520000	4,5	domain	domain	2
chr4	166040000	4	domain	domain	1
chr4	166160000	3,4,5,6,7,8,9,10,11,12,13,14,15,16,17,18,19,20,21	domain	domain	19
chr4	166960000	4,5,6,7,8,9,10,11,12,13,14,15	domain	domain	12
chr4	167400000	5	domain	domain	1
chr4	167520000	9,12,13	domain	boundary,domain	3
chr4	167720000	3,4,5,6,8,10,11,12,13,14,17,18,26	domain	boundary,domain	13
chr4	167840000	3,4,7	domain	domain	3
chr4	168160000	3,4,5,6,7,8,9,10,11,12,13,14,15,16,17,18,19,20,21,22,23,24,25,26,27,28,29,30,31,32	boundary,domain	boundary,domain	30
chr4	168400000	23	boundary	domain	1
chr4	168480000	4,5,6,7,8,9,15,16,17,18,19,20,21,22	boundary,domain	domain	14
chr4	168960000	3,4,5,6,7,8,9,10,11,12,13,14,15	domain	domain	13
chr4	169280000	3,4,5	domain	domain	3
chr4	169640000	4,5,6,7,8,9,10,11,12,13,14,15,16,17,18,19,20,21,22,23,24,25	domain	boundary	22
chr4	169800000	4,11,19,21,22,23,26,27,28,29,30,31,32	boundary,domain	boundary,domain	13
chr4	170120000	3,4,5,6,7,8,9,10,11,12,13,14,15,16,17,18,19,20,21,22,23,24,25,26,27,28,29,30,31,32	boundary,domain	domain	30
chr4	170640000	3,4,5,6	domain	domain	4
chr4	170800000	3,6,8,9	domain	domain	4
chr4	170880000	4,5	domain	domain	2
chr4	171040000	9,10	domain	boundary	2
chr4	171160000	3,4,5,6,7,8,9,10,11,12,13,14,15,16,17,18	domain	boundary,domain	16
chr4	171360000	5,16	boundary,domain	boundary,domain	2
chr4	171440000	4,5,6,7,8,9,10,11,14,17,18,19,20	boundary,domain	boundary,domain	13
chr4	171600000	4,5,6,8,10,15	boundary	boundary,domain	6
chr4	171800000	6,10	boundary,domain	domain	2
chr4	171960000	3,4,5,6,7,8,9,10,11,13,14	domain	domain	11
chr4	172080000	4,5,6	domain	domain	3
chr4	172160000	7,8,9	domain	domain	3
chr4	172280000	3,6	domain	domain	2
chr4	172360000	4,6,7,8	domain	domain	4
chr4	172560000	3	domain	domain	1
chr4	172680000	5	domain	domain	1
chr4	172960000	4,5,6,7,8,9,10,11,12,13,14,15,16,17,18,19,20,21,22,23,24,25,26,27,28,29,30,31,32	boundary,domain	domain	29
chr4	173320000	3,4,21,22	domain	domain	4
chr4	173440000	5,10,15,16,17,18,19,20,21	boundary,domain	boundary,domain	9
chr4	173520000	3,4,5,6,7,8,9,10,11,12,13,14,15	boundary,domain	domain	13
chr4	173800000	3,4	domain	domain	2
chr4	174200000	3,4,5,6,7,8,9,10,11,12,13,14,15,16,17,19,20,21,22,23,24,25,26,27,28,29	domain	boundary,domain	26
chr4	174320000	3,4,5,6,7,8,10,11,12,14,15,16,18,19,20,21,22,23,24,25,26,27,28,29,30,31,32	boundary,domain	boundary,domain	27
chr4	174680000	3,4,5,6,7,8,9,10,11,12,13,14,15,16,17,18,19,20,21,22,23,24,25,26,27,28,29,30,31,32	boundary,domain	domain	30
chr4	174840000	3	domain	domain	1
chr4	175360000	3,7,12,14	domain	boundary	4
chr4	175480000	3,4,5,6,7,8,9,10,11,12,13,14,15,16,17,18,19,20,21,22,23,24,25,26,27,29,30,31,32	domain	domain	29
chr4	175960000	3,4,5,6,7,8,9,10,12,20,21,22,23,24,25,26,27,28,29,30,31,32	domain	boundary,domain	22
chr4	176160000	3,4	domain	domain	2
chr4	176360000	3,4,5,6,7,8,9,10,11,12,13,14,15,16,17,18,19,20,21,22,23,24,25,26,27,28,29,30,31,32	boundary,domain	domain	30
chr4	176720000	4,5,6,7	domain	domain	4
chr4	177080000	3,4,5,6	domain	domain	4
chr4	177200000	29	domain	boundary	1
chr4	177320000	5,6,13,14,15,16,17,18,19,20,21,22,23,24,25,26,27,28,29,30,31,32	domain	boundary,domain	22
chr4	177480000	3,4,5,6,7,8,9,10,11,12,13,14,19,22,25,29	domain	domain	16
chr4	178240000	3,4,5	domain	domain	3
chr4	178440000	3,7,8	domain	domain	3
chr4	178640000	4,5,6,7,8,9	domain	domain	6
chr4	178920000	3,4,6	domain	domain	3
chr4	179320000	3,4,5,7,8,13,14,15,17,18	domain	boundary,domain	10
chr4	179400000	5,6,7,8,9,10,11,12,13,14,15,16,17,18,19,20,21,22,23,24,25,26,27,28,29,30,31,32	boundary,domain	boundary,domain	28
chr4	179520000	3,4,5,6,12,13,22	boundary,domain	boundary,domain	7
chr4	179720000	3,4,9,31	boundary,domain	boundary,domain	4
chr4	179960000	10,11,12,13,14	boundary	boundary,domain	5
chr4	180200000	3,4,5,6,7,8,9,10,11	boundary,domain	boundary,domain	9
chr4	180400000	4,5,6,10,12,21,23,25,26,32	domain	boundary,domain	10
chr4	180640000	3,4,5,6,7,8,9,10,11,12,13,14,15,16,17,18,19,20,21,22,23,24,25,26,27,28,29,30,31	boundary,domain	boundary,domain	29
chr4	180760000	4,5,6,7,9,23	boundary	domain	6
chr4	180960000	3	domain	domain	1
chr4	181120000	3,4,6,7,8	domain	domain	5
chr4	181560000	4,5,6,7,8,9,10,11,12,13,14,15,16,17,18,19,20,21,22,23	domain	domain	20
chr4	182440000	3	domain	domain	1
chr4	182920000	3,4,5,6,7,8,9,10,11,12,13,14,15,16,17,18,19,20,21,22,23,24,25,26,27,28,29,30,31,32	domain	boundary,domain	30
chr4	183040000	25	boundary	boundary	1
chr4	183280000	3,4,5	domain	domain	3
chr4	183440000	3,4,5,6,7,8,9,10,11,12,13,14,15,16,17,18,19,20,21,22,23,24,25,26,27,28,29,30,31,32	boundary,domain	boundary,domain	30
chr4	183640000	13,15,17,19,20,21	boundary	domain	6
chr4	183760000	4,5,6,7,8,11	domain	domain	6
chr4	184240000	3,4,5,6,7,8,9,10,11,12,13,14	domain	domain	12
chr4	184560000	3,4	domain	domain	2
chr4	184720000	3,4,5,6,7,8,9,10,11,12,13,14,15,16,17,18,19,20,21,22,23,24,25,26,27,28,29,30,31,32	domain	boundary,domain	30
chr4	185000000	3,4,5,7	domain	boundary,domain	4
chr4	185160000	3,4,5,6,7,8,9,10,11,12,13,14,15,16,17,18,19,20,21,22,23,24,25,26,27,28,29,30,31,32	boundary,domain	boundary,domain	30
chr4	185440000	3,4,5,7,16,21,23,24,25,26,27,28,29,30,31,32	boundary,domain	boundary,domain	16
chr4	185600000	3,4,5,6,7,8,9,10,11,13,14,23,24,25,26,27,28,29,30,31,32	boundary,domain	boundary,domain	21
chr4	186040000	3,4,5,6,7,8,9	domain	boundary,domain	7
chr4	186200000	5,6,7,8,9,10,11,12,13,14,15,16,17,18,19,20,21,22,23,24,25,26,27,28,29,30,31,32	boundary,domain	boundary,domain	28
chr4	186440000	21	boundary	boundary	1
chr4	186600000	3,4,5,6,7,8,9,10,11,12,13,14,15,16,17,18,19,20,21,22,23,24,25,26,27,28,29,30,31,32	boundary,domain	domain	30
chr4	186720000	4,5,6,7,8,10,11,12	boundary,domain	domain	8
chr4	187360000	3	domain	domain	1
chr4	187600000	3,4,5,6,7,8,9,10,11,12	domain	domain	10
chr4	188480000	9,11	domain	domain	2
chr4	188960000	3,4,5,6,7	domain	domain	5
chr4	189240000	3,4,5,6,7,8	domain	domain	6
chr4	189600000	3,4,5,6,7,8,9,10,11,12,13,14,15,16,17,18,19,20,21,22,23,24,25,26,27,28,29,30,31,32	domain	gap	30
chr4	189760000	3,4,5,6,7,8,9,10,11,12,13,14,15,16,17,18,19,20,21,22,23,24,25,26,27,28,29,30,31,32	gap	domain	30
chr4	190000000	3,4,5,6,7,8,9,10,11,12,13,14,15,16,17,18,19,20,21,22,23,24,25,26,27,28,29,30,31,32	domain	gap	30
chr4	190200000	3,4,5,6,7,8,9,10,11,12,13,14,15,16,17,18,19,20,21,22,23,24,25,26,27,28,29,30,31,32	gap	gap	30
chr5	0	3,4,5,6,7,8,9,10,11,12,13,14,15,16,17,18,19,20,21,22,23,24,25,26,27,28,29,30,31,32	gap	gap	30
chr5	40000	3,4,5,6,7,8,9,10,11,12,13,14,15,16,17,18,19,20,21,22,23,24,25,26,27,28,29,30,31,32	gap	domain	30
chr5	240000	3,4,5,6,7,8,9,10,11,12,13,14,15,16,17,18,19,20,21,22,23,24,25,26,27,28,29,30,31,32	domain	gap	30
chr5	280000	3,4,5,6,7,8,9,10,11,12,13,14,15,16,17,18,19,20,21,22,23,24,25,26,27,28,29,30,31,32	gap	domain	30
chr5	440000	3	domain	domain	1
chr5	680000	3,4,5,6,7,8,9,10,11,12,13,14,15,16,17,18,19,20,21,22,23,24,25,26,27,28,29,30,31,32	domain	gap	30
chr5	840000	3,4,5,6,7,8,9,10,11,12,13,14,15,16,17,18,19,20,21,22,23,24,25,26,27,28,29,30,31,32	gap	domain	30
chr5	1040000	3,4,5,6,7,8,9,10,11,12,13,14,15,16,17,18,19,20,21,22,23,24,25,26,27,28,29,30,31,32	domain	gap	30
chr5	1080000	3,4,5,6,7,8,9,10,11,12,13,14,15,16,17,18,19,20,21,22,23,24,25,26,27,28,29,30,31,32	gap	domain	30
chr5	1560000	3,4,5,6,7,8,9,10,11,12,13,14,15,16,17,18,19,20,21,22,23,24,25,26,27,28,29,30,31,32	domain	gap	30
chr5	1640000	3,4,5,6,7,8,9,10,11,12,13,14,15,16,17,18,19,20,21,22,23,24,25,26,27,28,29,30,31,32	gap	domain	30
chr5	2160000	3,4,5,6,7,8,9,10,11,12	domain	domain	10
chr5	2400000	3	domain	domain	1
chr5	2800000	3,4,5,6,7,8,9,10,11,12,13,14,15	domain	domain	13
chr5	3320000	3,5	domain	domain	2
chr5	3640000	5,6,7,8,9,10,11,12,13	domain	domain	9
chr5	4000000	3,4,5,6,7,8	domain	domain	6
chr5	4480000	3,5	domain	domain	2
chr5	4600000	5	domain	domain	1
chr5	4720000	9	domain	domain	1
chr5	4840000	4,5,7,8,9,10,11,12,13,14,15,16,17,18,19,20,21,22,23,24,25,26,27,28,29,30,31,32	domain	boundary,domain	28
chr5	5120000	3,4,5,6,7,8,9,10,11,12,13,21,22,23,24,25,26,27,28,29,30,31,32	boundary,domain	boundary,domain	23
chr5	5440000	3,4,5,6,7,8,9,10,11,12,13,14,15,16,17,18,19,20,21,22,23,24,25,26,27,28,29,30,31,32	boundary,domain	domain	30
chr5	5880000	6,7,8	domain	domain	3
chr5	6360000	4,6,7	domain	domain	3
chr5	6600000	3,4,5,6,8,14	domain	domain	6
chr5	6760000	3,4,5,6,7,8,9,10,11,12	domain	domain	10
chr5	7280000	3,4,5,6,7,8,9,10,11,12,13,14,15,16,17,18,19,20,21,22,23,24,25,26,27,28,29,30,31,32	domain	gap	30
chr5	7320000	3,4,5,6,7,8,9,10,11,12,13,14,15,16,17,18,19,20,21,22,23,24,25,26,27,28,29,30,31,32	gap	domain	30
chr5	7880000	3,4,5,6,7,8,9,10,11,12,13	domain	domain	11
chr5	8720000	3,4,5,6,7,8,9,10	domain	domain	8
chr5	9280000	3,4,5,6,7,8,9,10,11,12,13,14,15,16	domain	domain	14
chr5	9360000	8	boundary	domain	1
chr5	9880000	23,26	domain	boundary	2
chr5	10240000	3,4,5,6,7,8,9,10,11,12,13,14,15,16,17,18,19,20,21,22,23,24,25,26,27,28,29,30,31,32	boundary,domain	boundary,domain	30
chr5	10440000	3,4,5,6,10,11,12,13,14,15,16,17,18,19,20,21,22,23,24,25,26,27,28,29,30,31,32	boundary,domain	boundary,domain	27
chr5	10640000	3,4,5,6,7,8,9,10,11,12,13,14,15,16,17,18,19,20,21,22,23,24,25,26,27,28,29,30,31,32	boundary,domain	domain	30
chr5	11240000	3,4,5,6,7,8,9	domain	domain	7
chr5	12080000	5,6,7,8,9,10,11,12,13,14,15,16,17,18,19,20,21,22,24,25,26,27,28,29,30,31,32	domain	domain	27
chr5	12280000	22,23,25	boundary,domain	domain	3
chr5	12400000	4,5,6,8,9,10,11	domain	domain	7
chr5	12680000	3,4,5,6,7,8,9,10,11,12,13,14,17	boundary,domain	domain	13
chr5	13000000	3,4,5	domain	domain	3
chr5	13120000	4	domain	domain	1
chr5	13240000	4,5,6	domain	domain	3
chr5	13480000	3,4,12	domain	boundary,domain	3
chr5	13720000	3,4,5,9,10,12,13,15	domain	boundary	8
chr5	13960000	3,4,5,6,7,8,9,10,11,12,13,14,15,16,17,18,19,20,21,22,23,24,25,26,27,28,29,30,31,32	boundary,domain	boundary,domain	30
chr5	14400000	5,6,7,8,9,10,11,12,13,14,15,16,17,18,19,20,21,22,23,24,25,26,27,28,29,30,31,32	boundary,domain	boundary,domain	28
chr5	14680000	3,4,5,6,7,8,9,10,11,12,13,14,15,16,17,18,19,20,21,22,23,24,25,26,27,28,29,30,31,32	boundary,domain	boundary,domain	30
chr5	14880000	3	domain	domain	1
chr5	15040000	3,4,5,6,7,8,9,10,11,12,13,14,15,16,17,18,19,20,21,22,23,24,25,26,27,28,29,30,31,32	boundary,domain	boundary,domain	30
chr5	15320000	13,14,15	boundary	domain	3
chr5	15400000	3,6,7,8	domain	domain	4
chr5	15480000	5	domain	domain	1
chr5	16000000	3,4,5,6,7,8,9,10,11,12,13,14,15,16,17,18,20,21,22,23,24,25	domain	boundary,domain	22
chr5	16440000	3,4,5,6,7,8,9,10,11,12,13,14,15,16,17,18,19,20,21,22,23,24,25	boundary,domain	boundary,domain	23
chr5	16680000	10,11,12,13,15,16	boundary	domain	6
chr5	16760000	5,6	domain	domain	2
chr5	16960000	3	domain	domain	1
chr5	17200000	3,4,5,6,7,8,10,11,12,13	domain	domain	10
chr5	17520000	3,4,5,6,7,8,9,10,11,12,13,14,15,16,17,18,19,20,21,22,23,24,25,26,27,28,29,30,31,32	domain	gap	30
chr5	17600000	3,4,5,6,7,8,9,10,11,12,13,14,15,16,17,18,19,20,21,22,23,24,25,26,27,28,29,30,31,32	gap	domain	30
chr5	17760000	3	domain	domain	1
chr5	18400000	4,5,6,7,8,9,10,11,12,13,14,15,16,17,18,19	domain	domain	16
chr5	18480000	6	boundary	domain	1
chr5	18560000	4	domain	domain	1
chr5	18720000	3,4,5,8,9,10	domain	domain	6
chr5	18840000	7,8,11	domain	boundary,domain	3
chr5	18960000	3,4,5,8,10	boundary,domain	domain	5
chr5	19040000	6,12	domain	domain	2
chr5	19160000	4,5,6,7,8,9	domain	domain	6
chr5	19400000	3,4	domain	domain	2
chr5	19520000	12,15	domain	boundary	2
chr5	19600000	3,4,5,6,7,8,9,10,11,12,13,14,15,16,17,18,19,20,21,22,23,24,25,26	boundary,domain	boundary,domain	24
chr5	19720000	13	boundary	domain	1
chr5	19840000	4,5,7	domain	domain	3
chr5	19960000	4,5	domain	domain	2
chr5	20160000	3,4	domain	domain	2
chr5	20360000	3	domain	domain	1
chr5	20680000	3,4,5,6,7,8,9,10,11,12,13,14,15,16,17,18,19,20,21,22,23,24,25,26,27,28,29,30,31,32	domain	gap	30
chr5	20960000	3,4,5,6,7,8,9,10,11,12,13,14,15,16,17,18,19,20,21,22,23,24,25,26,27,28,29,30,31,32	gap	domain	30
chr5	21280000	3,4,5,6,7,8,9,10,11,12,13,14,15,16,17,18,19,20,21,22,23,24,25,26,27,28,29,30,31,32	domain	gap	30
chr5	21560000	3,4,5,6,7,8,9,10,11,12,13,14,15,16,17,18,19,20,21,22,23,24,25,26,27,28,29,30,31,32	gap	domain	30
chr5	21960000	3,4,5,6,7,8,9,10,11,12,13,14,15,16,17,18,19,20,21,22,23,24,25,26,27,28,29,30,31,32	domain	gap	30
chr5	22240000	3,4,5,6,7,8,9,10,11,12,13,14,15,16,17,18,19,20,21,22,23,24,25,26,27,28,29,30,31,32	gap	domain	30
chr5	22560000	4	domain	domain	1
chr5	22840000	3	domain	domain	1
chr5	22960000	3,4,5,11	domain	domain	4
chr5	23160000	3,4,5,6,7,8,9,10,11,12,13,14,15,17	boundary,domain	domain	14
chr5	23880000	3,4,5,6,7,8,9,10,11,12,13,14,15,16,17,18,19,20,21,22,23,24,25,26,27,28,29,30,31,32	domain	gap	30
chr5	23920000	3,4,5,6,7,8,9,10,11,12,13,14,15,16,17,18,19,20,21,22,23,24,25,26,27,28,29,30,31,32	gap	domain	30
chr5	24160000	4,5	domain	domain	2
chr5	24400000	3,4,5,7,10	domain	domain	5
chr5	24680000	4,5,6,7,8,9,10,11,12,13,14,15	domain	boundary,domain	12
chr5	24800000	3,4,5,6,7,8,10	boundary	domain	7
chr5	25160000	3,4,5,6,7,8,9,10,11,13	domain	domain	10
chr5	25520000	3,4,5,6,7,8,9,10,11,12,13,14,15,16,17,18,19,20	domain	boundary,domain	18
chr5	25640000	5,6,8,9,10	boundary,domain	domain	5
chr5	25840000	4	domain	domain	1
chr5	26080000	3	domain	domain	1
chr5	26320000	5	domain	domain	1
chr5	26400000	7	domain	domain	1
chr5	26480000	4,5,6	domain	domain	3
chr5	26800000	3,4,5,6,7,8,9,10,11,12,13,14,15,16,17,18,19,20,21,22,23,24,25,26,27,28,29,30,31,32	domain	domain	30
chr5	27320000	5	domain	domain	1
chr5	27720000	9,10,11	domain	domain	3
chr5	27880000	4,5,6,7,8,9,10,11,12,13,14,15,16,17,18,19,20	domain	boundary,domain	17
chr5	28080000	3,4,5,6,7,8,9,10,11,12,13	boundary,domain	domain	11
chr5	28400000	4,5,6,7,8	domain	domain	5
chr5	28600000	3	domain	domain	1
chr5	28800000	3,4,5,7,8,9,10,11,12,13,14,27,28,29,30,31,32	boundary,domain	boundary,domain	17
chr5	28920000	3,4,5,6,7,8,9,10,11,12,13,14,15,16,17,18,19,20,21,22,23,24,25,26,28,31	boundary,domain	domain	26
chr5	29280000	5,6	domain	domain	2
chr5	29720000	3	domain	domain	1
chr5	29880000	11	domain	domain	1
chr5	30000000	18	domain	domain	1
chr5	30160000	15,17,22,25,26,27	domain	boundary,domain	6
chr5	30240000	18,22,23,24,25	boundary,domain	boundary,domain	5
chr5	30360000	3,4,5,6,7,8,9,10,11,12,13,14,15,16,17,18,19,20,21,25,26,27,28,29	boundary,domain	domain	24
chr5	31440000	5,6,7,8,9,10,11,12,13,14,15,16,17,18,19,20,21,22,23,24,25,26,27,28,29,30,31,32	domain	boundary,domain	28
chr5	31520000	3,4,32	boundary	boundary	3
chr5	31800000	4,5,6,20,21,23,24,25,26,27,28,29,31,32	boundary	boundary,domain	14
chr5	32080000	3,4,5,6,7,8,9,10,11,12,13,14,15,16,17,18,19,20,21,22,23,24,25,26,27,28,29,30,31,32	boundary,domain	boundary,domain	30
chr5	32320000	25	boundary	boundary	1
chr5	32440000	3,7,8,9,10,11,12,13,14,15,16,17,18,19,20,21,22,23,26,28,30	boundary	boundary	21
chr5	32640000	3,4,5,6,7,8,9,10,11,12,13,14,15,16,17,18,19,20,21,22,23,24,25,26,27,28,29,30,31,32	boundary,domain	domain	30
chr5	32960000	3,4,5,6	domain	domain	4
chr5	33440000	3,4,5,6,7,8,9,10,11,12,13,15	domain	domain	12
chr5	34080000	3,4,5,6,7,8,9,10,11,12,13,14,15,16,17,18,19,20,21,22,23,24,25,26,27,28,29,30,31,32	domain	gap	30
chr5	34400000	3,4,5,6,7,8,9,10,11,12,13,14,15,16,17,18,19,20,21,22,23,24,25,26,27,28,29,30,31,32	gap	domain	30
chr5	34960000	3,4,5,6,7,8,9,10,11,12,13	domain	boundary,domain	11
chr5	35040000	11	boundary	domain	1
chr5	35240000	3,4	domain	domain	2
chr5	35600000	3,4	domain	domain	2
chr5	35960000	3,4,11,12,15	domain	boundary,domain	5
chr5	36040000	5,6,7,8,9,10,11,12,13,14,15,16,17,18,19,20,24	boundary,domain	boundary,domain	17
chr5	36120000	3,4,5,20,21,22,23,24,25,26,27,28,29	boundary,domain	domain	13
chr5	36400000	3,4,5,6	domain	domain	4
chr5	36720000	3,4,5,6,7,8,9,10,11,12,13,14,15,16,17	domain	boundary,domain	15
chr5	36880000	3,10,11,12,13	boundary,domain	domain	5
chr5	37000000	6	domain	domain	1
chr5	37440000	3,4,5,6,7,8,9,10,11,12,13,14,15,16,17,18,19,20,21,22,23,24,25,26,27,28,29,30,31,32	domain	gap	30
chr5	37480000	3,4,5,6,7,8,9,10,11,12,13,14,15,16,17,18,19,20,21,22,23,24,25,26,27,28,29,30,31,32	gap	domain	30
chr5	37840000	5,6,7,8	domain	domain	4
chr5	38200000	3,4,5,6,13,14	domain	boundary,domain	6
chr5	38400000	3,4,6,7,8,9,10,11,12,13,14,15,16,17,18	boundary,domain	domain	15
chr5	38840000	4,5,6,7,8	domain	boundary,domain	5
chr5	39000000	6,8,9,10,11,12,13,18,19,21,26,29,31	domain	boundary,domain	13
chr5	39120000	3,6,7,8,14,15,16,17,18,19,20,21,22,23,24,25,26,27,28,29,30,31,32	boundary,domain	boundary,domain	23
chr5	39320000	3,4,5,7,8,15,16,17,18,19,21,22,23,24,25,26,27,28,29,30,31,32	boundary,domain	boundary,domain	22
chr5	39560000	3,4,5,6,7,8,9,10,11,12,13,14,15,16,17,18,19,20,21,22,23,24,25,26,27,28,29,30,31,32	boundary,domain	domain	30
chr5	39720000	3	domain	domain	1
chr5	40000000	4,5	domain	domain	2
chr5	40720000	3,4,5,6,7,9,10,11,12	domain	boundary,domain	9
chr5	40880000	3,4,5,6,7,8,9,10,11,12,13,14,15,16,17,18,19,20,21,22,23,24,25,26,27,28,29,30,31,32	boundary,domain	domain	30
chr5	41280000	3,4,5,6	domain	domain	4
chr5	41680000	4,6,7,8,9,10,11,12,15,16,23,24,25,26,27,28,29,30,31,32	domain	boundary,domain	20
chr5	41880000	4,5,6,7,8,9,10,11,12,13,14,15,16,17,18,19,20,21,22,23,26,27	boundary,domain	domain	22
chr5	42400000	4,5,6	domain	domain	3
chr5	42800000	7,8,12	domain	boundary	3
chr5	42920000	5,6,7,8,9,10,11,12,13,14,15,16,17,18,19,20	domain	boundary,domain	16
chr5	43080000	3,4,5,6,18,20,21,22,23,24,25,26,27,28,29,30,31,32	domain	boundary	18
chr5	43400000	4,5	domain	boundary,domain	2
chr5	43640000	3,4,5,6,7,8,9,10,11,12,13,14,15,16,17,18,19,20,21,22,23,24,25,26,27,28,29,30,31,32	boundary,domain	boundary,domain	30
chr5	43720000	7,9,12,13	boundary	domain	4
chr5	43960000	3,5	domain	domain	2
chr5	44120000	3,4,5	domain	domain	3
chr5	44320000	3,4,5,6,7,8,9,10,11,12	domain	boundary,domain	10
chr5	44440000	6,7,9,10,14	boundary,domain	domain	5
chr5	44520000	3,4,8,11,12,16	boundary,domain	boundary,domain	6
chr5	44760000	3,4,5,6,7,9,10,11,13,16	boundary,domain	boundary,domain	10
chr5	44840000	4,5,6,7,8,9,10,11,12,13,14,15,16,17,18,19,20	boundary,domain	boundary,domain	17
chr5	45120000	3,14	boundary,domain	domain	2
chr5	45200000	10,11,12	boundary	domain	3
chr5	45320000	3,4,5,6,7,8,9	boundary,domain	boundary,domain	7
chr5	45440000	9	boundary	domain	1
chr5	45560000	3,4,5,6,7	boundary,domain	domain	5
chr5	45880000	3,4,5,6,7,8,9,10,11,12,13,14,15,16,17,18,19,20,21,22,23,24,25,26,27,28,29,30,31,32	domain	gap	30
chr5	50640000	3,4,5,6,7,8,9,10,11,12,13,14,15,16,17,18,19,20,21,22,23,24,25,26,27,28,29,30,31,32	gap	domain	30
chr5	50800000	3	domain	domain	1
chr5	50960000	3,4,5,6,7	domain	domain	5
chr5	51400000	3,4,6,7,8	domain	domain	5
chr5	51560000	3	domain	domain	1
chr5	52560000	3	domain	domain	1
chr5	52680000	3,5,6,7,8,9,10,11,12,13,14,15,16,17,18,19,20,21,22,23,24,25,26,27,28,29,30,31	domain	boundary,domain	28
chr5	52800000	28,32	boundary,domain	boundary	2
chr5	52920000	3,4,5,7,13,14,15,16,17,18,19,20,21,22,23,24,25,26,27,28,29,30,31,32	boundary,domain	boundary,domain	24
chr5	53120000	3,4,5,6,7,8,9,10,11,12,13,14,15,16,17,18,19,20,21,22,25,29	boundary,domain	domain	22
chr5	53480000	3,4,5,6	domain	domain	4
chr5	53880000	5	domain	domain	1
chr5	54240000	4,5,6,7,8,9,10,11,12,13,14,15,16,17,18,19,20,21,22,23,24	domain	domain	21
chr5	54480000	3,4,5,6,7,8,9,10,11,12,13,14,15,16,23,25,26,27,28,29,30,31,32	domain	domain	23
chr5	54880000	3,4,5,6,7,8,9,10,11,12,13,14,15,16,17,18,19,20,21,22,23,24,25,26,27,28,29,30,31,32	domain	domain	30
chr5	55160000	3,4,5,6,7,8,9,10,11,12,13,14,15,16,17,18,19,20,21,22,23,24,25,26,27,28,29,30,31,32	boundary,domain	boundary,domain	30
chr5	55240000	8	boundary	domain	1
chr5	55360000	3,4,5	domain	domain	3
chr5	55720000	3,4,5,6,7,8,9,10,11,12,13,14,27,28,29,30,31,32	domain	boundary,domain	18
chr5	55960000	3,4,5,6,8,9,11,12,13,14,15,16,17,18,19,20,21,22,23,24,25,26,27,28,29,30,31,32	domain	boundary	28
chr5	56240000	3,4,5,6,7,8,9,10,11,12,13,14,15,16,17,18,19,20,21,22,23,24,25,26,27,28,29,30,31	boundary,domain	domain	29
chr5	56840000	3,4,5,6,7,8,9,10,11,12,13,14,15,16	domain	domain	14
chr5	57120000	3	domain	domain	1
chr5	57280000	3,4,5,6,7,8,9,10,11,12,13,14,15,16,17,18,19,20,21,22,23,24,25,26,27,28,29,30,31,32	domain	domain	30
chr5	57480000	3	domain	domain	1
chr5	57920000	3	domain	domain	1
chr5	58520000	3,4,5,6,7,8,9,10,11,12,13,14,15,16,17,18,19,20,21,23,24,25,26,27,29,30	domain	boundary	26
chr5	58840000	3,4,5,6,7,8,9,10,11,12,13,14,15,16,17,18,19,20,21,22,23,24,25,26,27,28,29,30,31,32	domain	domain	30
chr5	59160000	3,4,5,6,7,23,25,26,28,29	boundary,domain	boundary,domain	10
chr5	59360000	3,4,5,6,8,20,21,22,23,24,25,26,27,28,29,31	boundary,domain	boundary,domain	16
chr5	59800000	3,4,5,6,7,8,9,10,11,12,13,14,15,16,17,18,19,20,21,22,23,24,25,26,27,28,29,30,31,32	boundary,domain	domain	30
chr5	60680000	3,4,5,6,7,8,9,10,11,12,13,14,15,16,17,18,19,20,21,22,24,26,27,28,29,30,31,32	domain	boundary,domain	28
chr5	60920000	3,4,5,6,7,8,10,11,12,13,14,15,16,17,18,19,20,21,22,23,24,25,26,27,28,29,30,31,32	boundary,domain	domain	29
chr5	61320000	3,4	domain	domain	2
chr5	61720000	3,4,5,6,7,8,9,10,11,14	domain	domain	10
chr5	61840000	12	domain	domain	1
chr5	62240000	3,4,5,6,7,8,13,14	domain	boundary	8
chr5	62400000	3,4,5,6,7,8,9,10,11,12,13,14,15,16,17,18,19,20,21,22,23,24,25,26,27,28,29,30,31,32	boundary,domain	boundary,domain	30
chr5	62800000	3,4,5,6,7,8,9,10,11,12,13,14,16,17,18,19,20,21,22,24,25,31	boundary,domain	domain	22
chr5	63160000	4,5,7,11,13,15,16,17	domain	boundary,domain	8
chr5	63320000	6,7,8,10,11,12,13,14,15,20,21	boundary,domain	domain	11
chr5	63440000	5,8,9	boundary,domain	domain	3
chr5	63640000	3	domain	domain	1
chr5	64080000	4,5,6,7,8,9,10,11,12,13,14,15,16,17,18,19,20,21,22,23,24,25,26,27,28,29,30,31,32	domain	boundary,domain	29
chr5	64640000	3,4,5,6,7,8,9,11,13,25,27,29,30,31,32	boundary,domain	boundary,domain	15
chr5	64800000	3,4,5,6,7,8,9,10,11,12,13,14,15,16,17,18,19,20	boundary,domain	domain	18
chr5	65600000	3,4,5,6,7,8,9,10,11,12,13,14,15,16,17,18,19,20,21,22,23,24,25,26,27,28,29,30,31,32	domain	boundary,domain	30
chr5	66200000	3,4,5,6,7,8,9,10,11,12,13,14,15,16,17,18,19,20,21,22,23,24,25,26,27,28,29,30,31,32	boundary,domain	domain	30
chr5	66560000	3	domain	domain	1
chr5	66800000	3,4,5,6,7,8,9,10,11,12,27,28,29,30,31,32	domain	boundary,domain	16
chr5	67240000	3,4,5,6,7,8,9,10,11,12,13,14,15,16,17,18,19,20,21,22,23,24,25,26,27,28,29,30,31,32	domain	domain	30
chr5	68280000	3,4,5,6,7,8,9,10,11,12,13,14,15,16,17,18,19,20,21,22,23,24,25	domain	domain	23
chr5	69040000	3,4,5,6,7,8,9,11	domain	domain	8
chr5	69520000	3,4,5,6,7,8,9,10,11,12,13,14,15,16,17,18,19,20,21,22,23,24,25,26,27,28,29,30,31,32	domain	gap	30
chr5	71480000	3,4,5,6,7,8,9,10,11,12,13,14,15,16,17,18,19,20,21,22,23,24,25,26,27,28,29,30,31,32	gap	domain	30
chr5	71800000	3,4,5,6,7	domain	domain	5
chr5	72080000	6	domain	domain	1
chr5	72360000	3,4,5,6,7,8,9,10,11,12,13,14,15,16,17,18,19,20,21	domain	domain	19
chr5	72600000	4,20,21,22,26	domain	boundary	5
chr5	72840000	3,4,5,6,7	domain	domain	5
chr5	73080000	4,5,6,7,8,9,10,11,12,13,14,15,16,17,18,19,20,21,22,23,24,25,26,27,28,29,30	boundary,domain	boundary,domain	27
chr5	73200000	24,31	boundary,domain	boundary	2
chr5	73520000	3,4,5,6,7,8,9,10,11,12,13,14,15,16,17,18,19,20,21,22,23,24,25,26,27,28,29,30,31,32	boundary,domain	boundary,domain	30
chr5	73840000	3,4,5,6,7,8,9,10,11,12,13,14,15,16,17,18,19,20,21,22,23,24,25,26,27,28,29,30,31,32	boundary	domain	30
chr5	74040000	3	domain	domain	1
chr5	74680000	3,4,5,6,7,8,9,10,11,12,13,14,15,16,17,18,19,20,22,23,24,25,26,28,29,30	domain	boundary,domain	26
chr5	74960000	4,5,6,7,10,11,14,15,16,17,18,19,20,21,22,23,24,25,26,27,28,29,30,31,32	boundary,domain	domain	25
chr5	75160000	32	boundary	domain	1
chr5	75720000	3,4,5,6,7,8,9,10,11,12,13,14,15,16,17,18,19	domain	domain	17
chr5	76280000	3,4,5,6,7,8,9,10,11,12,13,14,15,16,17,18,19,20,21,22,23,24,25,26,27,28,29,30,31,32	domain	domain	30
chr5	76400000	24	boundary	boundary	1
chr5	76600000	3,4,5,9,12,13,15,16,19,20,21,23,24,25,27,28,29,30,31,32	boundary,domain	boundary,domain	20
chr5	76840000	3,4,5,6,7,8,9,10,11,12,13,14,15,16,17,18,19,20,21,22,23,24,25,26,27,28,29,30,31,32	boundary,domain	boundary,domain	30
chr5	77000000	3,4,5,6,7,8,9,10,11,12,13,14,15,16,17,18,20,22,23,24,25,26,27,30,31,32	boundary	domain	26
chr5	77520000	3,4,5,6,7,8,9,10,11,12,13,14,15,16,17	domain	domain	15
chr5	77960000	3,4	domain	domain	2
chr5	78280000	5,7,9,10,11,12,13,14,15,16,17,18,19	domain	domain	13
chr5	78480000	3	domain	domain	1
chr5	78880000	3	domain	domain	1
chr5	79000000	3,4,5,6,7,8,9,10,11,12,13,14,15,16,17,18,19,20,21,22,23,24,25,26,27,28,29,30,31,32	domain	boundary,domain	30
chr5	79120000	12,13,14,15,16	boundary	domain	5
chr5	79520000	4,5,6,7,8,9,10,11,12,13,14,15,16,17,18,19,20,21,22,23,24,25,26,27,28,29,30,31,32	domain	domain	29
chr5	80000000	7,8,9	domain	domain	3
chr5	80080000	3,4,5,6,9,26,27,28,29,30,31,32	domain	boundary,domain	12
chr5	80160000	28	boundary	boundary	1
chr5	80440000	3,4,5,6,7,8,9,10,11,12,13,14,15,16,17,18,19,20,21,22,23,24,25,26,27,28,29,30,31,32	boundary,domain	boundary,domain	30
chr5	80680000	3,4,5,6,7,8,9,11,14,15,17,18,19,20,21,22,23,24,25,26,27,28,29,30,31,32	boundary,domain	boundary,domain	26
chr5	81320000	3,4,5,6,7,8,9,10,11,12,13,14,15,16,17,18,19,20,21,22,23,24,25,26,27,28,29,30,31,32	boundary,domain	domain	30
chr5	82280000	3,4,5,6,7,8,9,10,11,12,13	domain	domain	11
chr5	82840000	3,4,5,6,7,8,9,10,11,12,13,14,15,16,17,18,19,20,21,22,23,24,25,26,27,28,29,30,31,32	domain	gap	30
chr5	82880000	3,4,5,6,7,8,9,10,11,12,13,14,15,16,17,18,19,20,21,22,23,24,25,26,27,28,29,30,31,32	gap	domain	30
chr5	83640000	4,5,6,7,8,9,10,11,12,13,14,15,16,17,18,19	domain	domain	16
chr5	83840000	5	domain	domain	1
chr5	84000000	3,4	domain	boundary,domain	2
chr5	84080000	3,6	boundary,domain	domain	2
chr5	84360000	3,4,5,6,7,8,9,10,11,12,13,14	boundary,domain	boundary,domain	12
chr5	84560000	3,4,5,6,7,8,9,10,11,13,14,15	boundary,domain	domain	12
chr5	84840000	3,4,5,6,7,8,9,10,12,14,15,16,17,18	domain	boundary,domain	14
chr5	85040000	4,6	domain	domain	2
chr5	85160000	5,6,7,8,9,10,11	boundary	domain	7
chr5	85360000	3	domain	domain	1
chr5	85640000	3,4,5,6,7,8,9,10,11,12,13,14,15,16,17,18,19,20,21,22,23,24,25,26,27,28,29,30,31,32	domain	gap	30
chr5	85680000	3,4,5,6,7,8,9,10,11,12,13,14,15,16,17,18,19,20,21,22,23,24,25,26,27,28,29,30,31,32	gap	domain	30
chr5	86280000	3,4,5,6,7,8,9,10,11,12,13,14,15,16,17,18,19,20,21,22,23,24,25,26,27,28,29,30,31,32	domain	gap	30
chr5	86320000	3,4,5,6,7,8,9,10,11,12,13,14,15,16,17,18,19,20,21,22,23,24,25,26,27,28,29,30,31,32	gap	domain	30
chr5	86520000	4	domain	domain	1
chr5	86760000	4,5,6,7	domain	domain	4
chr5	86960000	3,4,5,6,7,8,9,10,11,12,13,14,15,16	domain	domain	14
chr5	87400000	3,4,5,6,7,8,9,10,11,12,13,14,15,16,17,18,19,20,21,22,23,24,25,26	domain	domain	24
chr5	87760000	3,4,5,6,7,8,9,18,20	domain	domain	9
chr5	88120000	4	domain	domain	1
chr5	88720000	3	domain	domain	1
chr5	88880000	3,4,5,6,7,8,9,10,11,12,13,14,15,16,17,18,19,20,21,22,23,24,25,26,27,28,29,30,31,32	domain	gap	30
chr5	88920000	3,4,5,6,7,8,9,10,11,12,13,14,15,16,17,18,19,20,21,22,23,24,25,26,27,28,29,30,31,32	gap	domain	30
chr5	89320000	3,5	domain	domain	2
chr5	89600000	3,4	domain	domain	2
chr5	89720000	3	domain	domain	1
chr5	90280000	3,5,6	domain	boundary	3
chr5	90400000	3,4,5,6,7,8,9,10,11,12,13,14,15,16,17,18,19,20,21,22,23,24,25,26,27,28,29,30,31,32	boundary,domain	boundary,domain	30
chr5	90600000	4,15,16,17,18,19,20,21,28	boundary	boundary,domain	9
chr5	90800000	3,4,5,6,7,8,9,10,11,12,13,14,15,18,19,20,21,22,23,24,25,26,27,28,29,30,31,32	boundary,domain	domain	28
chr5	91480000	3,4,5,6,7,8,9,10,11,12,13,14,15,16,17,18,19,20,21,22,23,24,25,26,27,28,29,30,31,32	domain	domain	30
chr5	92160000	3,4	domain	domain	2
chr5	92280000	3,4,8,9,10,11,12,13,14,15	domain	domain	10
chr5	92480000	3	domain	domain	1
chr5	92880000	4,5,6,7,8,9,10,11	domain	domain	8
chr5	93200000	3	domain	domain	1
chr5	93560000	3,4,5,6,7,8,9,10,11,12,13	domain	domain	11
chr5	93800000	3,4	domain	domain	2
chr5	94120000	3,4,5	domain	domain	3
chr5	94800000	3,6,7,11	domain	boundary,domain	4
chr5	94920000	3,4,5,6,7,8,9,10,11,12,13,14,15,16,17,18,19,20,21,22,23,24,25,26,27,28,29,30,31,32	boundary,domain	boundary,domain	30
chr5	95280000	3,4,5,6,7,8,9,11,12,16,18,21,27,29	boundary,domain	boundary,domain	14
chr5	95360000	27	boundary	boundary	1
chr5	95480000	3,4,19,21,22,23,24,25,26,30,31,32	boundary,domain	boundary,domain	12
chr5	95600000	4,5,6,7,8,9,10,11,12,13,14,15,16,17,18,19,20,25,26,27,28,29,30,31	boundary,domain	boundary,domain	24
chr5	95760000	11	boundary	domain	1
chr5	95840000	3,4,5,6,7,8,9	boundary,domain	domain	7
chr5	96400000	3,4,5,6,7,8,9,10,11,12,13,14,15,16,17,18,19,20	domain	boundary	18
chr5	96600000	3,4,5,6,9,10,11,12,13,14,15,16	boundary,domain	boundary,domain	12
chr5	96760000	3,4,7,8,9,10,13,14,15,16,17,18,19,20,21,22,23,24,25,26,27,28,29,30,31,32	boundary,domain	boundary,domain	26
chr5	97200000	3,4,5,6,7,8,9,10,11,12,13,14,15,16,17,18,19,20,21,22,23,24,25,26,27,28,29,30,31,32	boundary,domain	domain	30
chr5	97560000	3,4,5,6,7	domain	domain	5
chr5	98000000	4,5,6	domain	domain	3
chr5	98440000	3	domain	domain	1
chr5	98760000	3,4,5,6,7	domain	boundary,domain	5
chr5	98840000	5,6,7	boundary	domain	3
chr5	99200000	3,4,5,6,7,8,9,10,11,12,13,14,15,16,17,18,19,20,21,22,23,24,25,26,27,28,29,30,31,32	domain	gap	30
chr5	99240000	3,4,5,6,7,8,9,10,11,12,13,14,15,16,17,18,19,20,21,22,23,24,25,26,27,28,29,30,31,32	gap	domain	30
chr5	99400000	3,4,5,6,7,8,9,10,11,12,13,14,15,16,17,18,19,20,21,22,23,24,25,26,27,28,29,30,31,32	domain	gap	30
chr5	99560000	3,4,5,6,7,8,9,10,11,12,13,14,15,16,17,18,19,20,21,22,23,24,25,26,27,28,29,30,31,32	gap	domain	30
chr5	100040000	3,4,5,6,7,8,9,10,11,12,13,14,15,16,17,18,19,20,21,22,23,24,25,26,27,28,29,30,31,32	domain	gap	30
chr5	100120000	3,4,5,6,7,8,9,10,11,12,13,14,15,16,17,18,19,20,21,22,23,24,25,26,27,28,29,30,31,32	gap	domain	30
chr5	100320000	3,4,5,6,7,8,9,10,11,12,13,14,15,16,17,18,19,20,21,22,23,24,25,26,27,28,29,30,31,32	domain	gap	30
chr5	100400000	3,4,5,6,7,8,9,10,11,12,13,14,15,16,17,18,19,20,21,22,23,24,25,26,27,28,29,30,31,32	gap	domain	30
chr5	100880000	3	domain	domain	1
chr5	101080000	4,5,6	domain	domain	3
chr5	101400000	5,6,7,8,14,15,16,17,18,19	domain	domain	10
chr5	101680000	3,4,5,6,7	domain	domain	5
chr5	102280000	4,5,6,7,8,9,12	domain	boundary,domain	7
chr5	102360000	4,6,7,12,13,14,15,16,17,18,19,20,21,22,23,24,25,26,27	boundary,domain	boundary,domain	19
chr5	102480000	3,4,7,8,9,10,11,12,16,17,22,28,29,30,31,32	boundary,domain	domain	16
chr5	103200000	3,4,5,6,7,8,9,10,11,12,13,14,15,17,20,21,22,23,24,25,26,27,28,29,30,31,32	domain	boundary,domain	27
chr5	103560000	3,4,5,6,7,8,9,10,11,12,13,14,15,16,17,18,19,20,21,22,23,24,25,26,27,28,29,30,31,32	boundary,domain	domain	30
chr5	103880000	6	domain	domain	1
chr5	104240000	3,4,5,6,7,8,9,11,12,13,14,15,16	domain	boundary,domain	13
chr5	104400000	3,6,7,8,9,10,12,15	boundary,domain	domain	8
chr5	104480000	5,7	domain	domain	2
chr5	104760000	4,5,6,7	domain	domain	4
chr5	105000000	3,4,5,6	domain	domain	4
chr5	105320000	14,17	domain	domain	2
chr5	105400000	11	domain	domain	1
chr5	105800000	3,5	domain	domain	2
chr5	105960000	3	domain	domain	1
chr5	106160000	3,4,5,6,7,8,9,11,12	domain	domain	9
chr5	106360000	4	domain	domain	1
chr5	106680000	3,4,5,6,7,8,9,10,11,12,13,14,15,16,17,18,19,20,21,22,23,24,25,26,27,28,29,30,31,32	domain	gap	30
chr5	106720000	3,4,5,6,7,8,9,10,11,12,13,14,15,16,17,18,19,20,21,22,23,24,25,26,27,28,29,30,31,32	gap	domain	30
chr5	106920000	3,4	domain	domain	2
chr5	107040000	7	domain	domain	1
chr5	107120000	9	domain	domain	1
chr5	107240000	6	domain	domain	1
chr5	107640000	3,4,5,6	domain	boundary,domain	4
chr5	107760000	5,6,7,8,9,10,11,12,13,14,15,16,17,18,19,20,21,22,23	domain	domain	19
chr5	108400000	3,4,5,6,7,8,9,10,11,12,13,14,15,16,17,18,19,20,21,22,23,24,25,26,27,28,29,30,31,32	domain	domain	30
chr5	108600000	3,4,5,6,7,8,9	domain	domain	7
chr5	109320000	3	domain	domain	1
chr5	109480000	3,4,5,6,12,13,14	domain	boundary,domain	7
chr5	109600000	10,11,12,13,15,16,17,18,19,20,21,22	domain	domain	12
chr5	109680000	4,5,6,12,13,14	boundary,domain	domain	6
chr5	109840000	3	domain	domain	1
chr5	110720000	3,4,5,6,7,8,9,10,11,12,13,14,15,16,17,18,19,20,21,22,23,24,25,26,27,28,29,30,31,32	domain	boundary,domain	30
chr5	111040000	4,5,6,7,8,9,10,11,12,13,14,15,16,17,18,19,20,21,22,24,25,26,27,28,30,31,32	boundary,domain	domain	27
chr5	111160000	4,7,8	boundary,domain	domain	3
chr5	111320000	3,4,13	domain	boundary,domain	3
chr5	111480000	3,4,5,6,7,8,9,10,13	boundary,domain	domain	9
chr5	111840000	3	domain	domain	1
chr5	112160000	3,4,5,6,7,8,9,10,11,12,13,14,15,16,17,18,19,20,21,22,23,24,25,26,27,28,29,30,31,32	domain	boundary,domain	30
chr5	112520000	4,5,6,7,8,9,11,12,13,14,15,16,17,18,19,20,21,22,23,24,25,26,27,28,29,30,31,32	boundary,domain	boundary,domain	28
chr5	112720000	18,19,20,21,22,23,24,27,28	boundary	boundary,domain	9
chr5	112840000	3,4,5,6,7,8,9,10,11,12,13,14,15,16,17,24,25,26,27,28,29,30,31,32	boundary,domain	boundary,domain	24
chr5	113320000	4	domain	domain	1
chr5	113600000	3,4,5,6,7,8,9,10,11,12,13,14,15,16,17,18,19,20,21,22,23,24,25,26,27,28,29,30,31,32	domain	domain	30
chr5	114360000	3,5	domain	domain	2
chr5	114800000	5,6,7,8	domain	domain	4
chr5	115080000	3,4,5,6,7,8,9,10,11,12,13,14,15,16,17,18,19,20,21,22,23,27,28	domain	boundary,domain	23
chr5	115280000	3,4,5,6,7,8,9,10,11,12,13,14,15,16,17,18,19,20,21,22,23,24,25,26,27,28,29,30,31,32	boundary,domain	boundary,domain	30
chr5	115600000	3,4,5,6,7,8,9,10,11,12,13,14,15,17,18,19,20,21,22,23,24,25,26,27,28,29,30,31,32	boundary,domain	boundary,domain	29
chr5	115840000	17,18,22,23,24,25,26,27,28,29,30,31,32	boundary,domain	boundary,domain	13
chr5	116080000	4,5,6,7,8,9,10,11,12,13,14,15,16,17,18,19,20,21,22,23,24,25,26,27,28,29,30,31,32	boundary,domain	domain	29
chr5	116560000	3,4,5,6,7,8,9,10,11	domain	domain	9
chr5	116960000	6,7,8,9,10	domain	domain	5
chr5	117440000	4,5,10	domain	domain	3
chr5	118200000	3	domain	domain	1
chr5	118600000	4,5	domain	domain	2
chr5	118960000	3,4,5,6,7,8,9,10,11,12,13,14,15,16,17,18,19,20,21,22,23,24,25,26,27,28,29,30,31,32	domain	boundary,domain	30
chr5	119440000	3,4,5,6,7,8,9,10,11,12,13,14,15,16,17,18,19,20,21,22,23,24,25,26,27,28,29,30,31,32	boundary,domain	domain	30
chr5	119920000	4,5,6,7,8	domain	domain	5
chr5	120480000	3	domain	domain	1
chr5	120840000	3,4,5,6,7,8,9,10,11,12,13,14,15,16,17,18,19,20,21,22,23,24,25	domain	domain	23
chr5	121240000	3,5,6,8,9	domain	domain	5
chr5	121440000	3,4	domain	domain	2
chr5	121600000	3,4	domain	domain	2
chr5	121800000	3	domain	domain	1
chr5	121960000	3,4,5,6,7,8,9,10,11,12,13,14,15,16,17,18,19,20,21,22,23,24,25,26,27,28,29,30,31,32	domain	boundary,domain	30
chr5	122160000	3,4,5,6,7,8,9,10,11,12,13,14,15,16,17,18,19,20,21,22,23,24,25,26,27,28,29,30,31,32	boundary,domain	boundary,domain	30
chr5	122360000	22	boundary	domain	1
chr5	122480000	3,4,5,6,7,8,9,10,11,12,13,14,15,16,17,18,19,20,21,25,26,27,29,30,31,32	domain	domain	26
chr5	122880000	4	domain	domain	1
chr5	123040000	3	domain	domain	1
chr5	123400000	3,4,5,6,7,12,13	domain	domain	7
chr5	123640000	3,4,5,6,7,8,9,10,11,12,13,14,15,16,17,18,19,20,21,22,23,24,25,26,27,28,29,30,31,32	boundary,domain	domain	30
chr5	123840000	3	domain	domain	1
chr5	124760000	4	domain	domain	1
chr5	126320000	3,4,5,6,7,8,9,10,11,12,13,14,15,16,17,18,19,20,21,22,23,24,25,26,27,28,29,30,31,32	domain	boundary,domain	30
chr5	126600000	3,4,5,6,7,8,9,10,11,12,13,14,15,16,17,18,19,20,21,22,23,24,25,26,27,28,29,30,31,32	boundary,domain	boundary,domain	30
chr5	126800000	3,4,5,7,8,9,10,11,12,13,14,20,21,22,23,24,25,26,27,28,29,31	boundary,domain	domain	22
chr5	127240000	3,4	domain	domain	2
chr5	127520000	3,4,5,6,7,8,9,10,11,12,13,14,15,16,17,18,19,20,21,22,23,24,25,26,27,28,29,30,31,32	boundary,domain	domain	30
chr5	127760000	3,4	domain	domain	2
chr5	128240000	3,4,5,6,7,8,9,10,11,12,13,14,15,16,17	domain	domain	15
chr5	128760000	25	domain	boundary	1
chr5	128880000	4,5,6,7,8,9,10,11,12,13,14,15,16,17,18,19,20,21,22,23,24,25,26,27,28,29,30,31,32	boundary,domain	boundary,domain	29
chr5	129120000	3,4,5,6,7,8,16,18,20,21,22,24,25,29,30,31,32	boundary,domain	domain	17
chr5	129800000	3,4,5,6,7,8,9,10,15,16,17,18,19,20,21,22,23,24,25,26,27,28,29,30,31	domain	boundary,domain	25
chr5	129880000	8,11,12,13,14,15,16	boundary,domain	domain	7
chr5	130120000	4,5,6,7,8	domain	domain	5
chr5	130560000	3	domain	domain	1
chr5	130880000	3,4,5,6,7,12,14,15,16	domain	boundary,domain	9
chr5	131160000	3,4,5,6,7,8,9,10,11,12,13,14,15,16,17,18,19,20,21,22,23,24,25,26,27,28,29,30,31,32	boundary,domain	boundary,domain	30
chr5	131400000	3,4,5,6,7,8,10,11,12,13,14,15,16,17,18,19,20,21,22,23,24,25,26,27,28,29,30,31,32	boundary,domain	boundary,domain	29
chr5	131600000	3	domain	domain	1
chr5	131720000	30	boundary	boundary	1
chr5	132160000	3,4,5,6,7,8,9,10,11,12,13,14,15,16,17,18,19,20,21,22,23,24,25,26,27,28,29,30,31,32	boundary,domain	boundary,domain	30
chr5	132360000	25	boundary	boundary	1
chr5	132520000	3,4,5,6,7,8,9,13,14,15,16,17,18,19,20,21,22,23,24,25,26,27,28,29,30,31,32	boundary,domain	boundary,domain	27
chr5	132760000	32	boundary	domain	1
chr5	132920000	8,12,15,18,20,21,22,23,24,25,26,27,28,29,30,31	boundary,domain	boundary,domain	16
chr5	133080000	3,4,5,6,7,8,9,10,11,12,13,14,15,16,17,18,19,20	boundary,domain	domain	18
chr5	133400000	4,6	domain	domain	2
chr5	134040000	4,5,6,7,8,9,10,11,12,13,14,15,16,17,18,19,23,24,32	domain	boundary,domain	19
chr5	134160000	3,4,5,6,7,8,9,10,11,12,13,14,15,16,17,18,20,21,22,23,24,25,26,27,28,29,30,31,32	boundary,domain	boundary,domain	29
chr5	134280000	5,6,7,10,13,15,16,17,18,20,23,24,30,32	boundary,domain	domain	14
chr5	134600000	4,5,10,17,18,19	domain	boundary,domain	6
chr5	134760000	14,22	boundary,domain	boundary,domain	2
chr5	134920000	3,4,5,6,7,8,9,10,11,12,13,14,15,16,17,18,19	boundary,domain	domain	17
chr5	135200000	3,4	domain	domain	2
chr5	135440000	3,4,5,6,7,8	domain	domain	6
chr5	135760000	3,4,5,6,7,8,9,10,11,12,13,14,15,16,17,18,19,20,21,22,23,24,25,26,27,28,29,30,31,32	domain	gap	30
chr5	135800000	3,4,5,6,7,8,9,10,11,12,13,14,15,16,17,18,19,20,21,22,23,24,25,26,27,28,29,30,31,32	gap	domain	30
chr5	136080000	3	domain	domain	1
chr5	136240000	3,4,5,6,7,8,9,10	domain	domain	8
chr5	136440000	3,4	domain	domain	2
chr5	136800000	6,7,8,9,10,11,12,13,14,15,16,17,18,19,20,21,22,23	domain	domain	18
chr5	137320000	3,4	domain	domain	2
chr5	137640000	5,6,8,9,10,11,12,13,14,15,16,17,18,19,20,21,25,32	domain	boundary,domain	18
chr5	137760000	3,4,5,6,7,8,18,21,22,23,24,26,27,28,29,30,31,32	boundary,domain	boundary,domain	18
chr5	138040000	3,25,26,27,28,29,30,31	boundary,domain	boundary,domain	8
chr5	138160000	4,9,10,11,12,15,16,17,18,19,20,21,22,23,24,25,32	boundary,domain	boundary,domain	17
chr5	138320000	3,21,22,23,24,25,26,28,30,31,32	boundary,domain	boundary,domain	11
chr5	138440000	4,5,6,7,8,9,10,11,12,13,14,15,16,17,18,19,20,21,27,29,32	boundary,domain	boundary,domain	21
chr5	138520000	3,4,5,6,7,8,9,10,11,12,13,14,15,16,17,18,20,22	boundary	domain	18
chr5	139280000	3,4,5,6,7,10	domain	boundary,domain	6
chr5	139400000	3,4,5,6,7,8,9,10,11,12,13,14,15,16,17,18,19,20,21,22,23,24,25,26,27,28,29,30,31,32	boundary,domain	boundary,domain	30
chr5	139520000	11,13,17,25,30	boundary	boundary,domain	5
chr5	139760000	3,4,5,6,7,8,9,10,11,16,17,18,19,20,21,26,27,28,29,30	boundary,domain	boundary,domain	20
chr5	140040000	3,4,5,6,7,8,9,10,11,12,13,14,15,17,18,19,20,22,23,24,25,26,27,28,29,30,31,32	domain	domain	28
chr5	140200000	3,4,5,6,7,8,9,10,11,12,13,14,15,16,17,18,19,20,21,22,23,24,25,26,27,28,29,30,31,32	boundary,domain	boundary,domain	30
chr5	140360000	3,4,6,7,8,9,10,11,12,13,14,15,16,17,18,19,20,21,22,23,24,25,26,27,28,29,30,31,32	boundary,domain	boundary,domain	29
chr5	140720000	3,4,5,6,7,8,9,10,11,12,13,14,15,16,17,18,19,20,21,22,23,24,25,26,27,28,29,30,31,32	boundary,domain	boundary,domain	30
chr5	141080000	3,4,5,6,7,8,9,10,11,12,16,17,21,22	boundary,domain	boundary,domain	14
chr5	141200000	7,11	boundary	domain	2
chr5	141560000	3	domain	domain	1
chr5	141640000	3,4,5,6,7,8,9,10,11,12,13,14,15,16,17,18,19,20,21,22,23,24,25,26,27,28,29,30,31,32	domain	boundary,domain	30
chr5	141960000	3,4,5,6,7,8,9,10,11,12,13,14,15,16,17,18,19,20,21,22,23,24,25,26,27,28,29,30,31,32	boundary,domain	boundary,domain	30
chr5	142120000	3,4,5,6,7,8,9,10	boundary	domain	8
chr5	142600000	6,7,26,27,28,29,30,31,32	domain	boundary	9
chr5	142720000	3,4,5,6,7,8,9,10,11,12,13,14,15,16,17,18,19,20,21,22,23,24,25,26	boundary,domain	boundary,domain	24
chr5	142880000	3,4,5,6,7,8,9,10,11,12,13,14,15,16,17,18,19,20,21,22,23,24,25,26,27,28,29,30,31,32	boundary,domain	domain	30
chr5	143400000	3,4,5,6,7,8	domain	domain	6
chr5	144160000	3,4,5,6,7,8,9,10,11,12,13,14,15,16,17,18,19,20,21,22,23,24,25,26,27,28,29,30,31,32	domain	domain	30
chr5	144640000	3	domain	domain	1
chr5	145320000	5	domain	domain	1
chr5	145640000	3	domain	domain	1
chr5	146120000	5,6,7,8,9,10,11,13,15,17,18,19,20,21,22,23,24,25,26,27,28,29,30,31,32	domain	domain	25
chr5	146280000	3,4,13,22,23,27	boundary,domain	boundary,domain	6
chr5	146480000	3,4,5,6,7,8,9,10,11,12,13,14,15,16,17,18,19,20,21,22,23,24,25,26,27,28,29,30,31,32	boundary,domain	domain	30
chr5	146920000	4	domain	domain	1
chr5	147240000	3,4,5,6,7,8,9,10,11,12,13,14,15,16,17	domain	domain	15
chr5	147440000	3,4,5,7,11,17,18,19,20,21,25,26,27,28,30	domain	boundary	15
chr5	147600000	3,4,5,6,7,8,9,10,11,12,13,14,15,16,17,18,19,20,21,22,23,24,25,26,27,29,31	boundary,domain	boundary,domain	27
chr5	147840000	3,4,5,6,7,8,9,10,11,12,13,14,15,16,17,18,19,20,21,22,23,24,25,26,27,28,29,30,31,32	boundary,domain	boundary,domain	30
chr5	148120000	3,4,5,6,7,8,22,23,26,28,30,31	boundary,domain	domain	12
chr5	148440000	3,4,5,6	domain	domain	4
chr5	148720000	3,4,5,6,7,8,9	domain	domain	7
chr5	149120000	4,5,6,7,8,9,10,14	domain	boundary,domain	8
chr5	149280000	3,4,5,6,7,8,9,10,11,12,13,14,15,16,17,18,19,20,21,22,23,24,25,26,27,28,29,30,31,32	boundary,domain	boundary,domain	30
chr5	149440000	3,13,15,26	boundary,domain	boundary,domain	4
chr5	149600000	3,4,5,6,7,8,9,10,11,12,13,14,15,16,17,18,19,20,21,22,23,24,25,26,27,28,29,30,31,32	boundary,domain	boundary,domain	30
chr5	149800000	3,4,11,12	boundary	domain	4
chr5	150000000	3,4,5,6,7,8,9,10,11,12,13,14,15,16,17,18,19,20,21,22,23,24,25,26,27,28,29,30,31,32	boundary,domain	boundary,domain	30
chr5	150240000	3	domain	domain	1
chr5	150400000	3,4,5,6,7,8,9,10,11,12,13,14,15,16,17,18,19,20,21,22,23,24,25,26,27,28,29,30,31,32	domain	domain	30
chr5	150520000	21,26	boundary	boundary	2
chr5	150880000	4,5,6,7,8,9,10,11,12,13,14,16,17,18,19,24,25,26,28,32	boundary,domain	boundary,domain	20
chr5	151000000	3,4,5,6,7,8,9,10,11,12,15,17,18,19	boundary,domain	boundary,domain	14
chr5	151120000	11	boundary	boundary	1
chr5	151200000	7,8,9,12	boundary,domain	boundary,domain	4
chr5	151320000	3,4,5,6,7,8,10,11,12,13,14,15,16,17,18,19,20,21,22,23,24,25,26,27,28,29,30,31,32	domain	domain	29
chr5	151520000	3	domain	domain	1
chr5	151800000	3,4,5,6,7,8,9,10,11,12,13,14,15,16,17,18,19,20,21,22,23,24,25,26,27,28,29,30,31,32	boundary,domain	boundary,domain	30
chr5	152120000	4,5,6	domain	domain	3
chr5	152280000	27,28	boundary	boundary,domain	2
chr5	152400000	17,18,19,20,21,22,23,24,25	domain	boundary	9
chr5	152520000	6,7,8,9,10,11,12,13,14,15,16,17,18,19,20,21,22,23,25,26,27,29,30,31	boundary,domain	boundary,domain	24
chr5	152720000	6,7,17	boundary,domain	domain	3
chr5	152800000	3,4	domain	domain	2
chr5	153160000	6,7,8,9,10,11,12,13	domain	boundary,domain	8
chr5	153320000	5,6,7,8,9,10,11,12,13	boundary,domain	domain	9
chr5	153480000	3,4,6,9	domain	domain	4
chr5	153640000	3,5,6	domain	domain	3
chr5	153960000	3,4,5,6,7,8,9,10,11,12,13,14,15,16,17,18,19,20,21,22,23,24,25,26,27,28,29,30,31,32	domain	domain	30
chr5	154440000	3,4,5,6,7,8,9,10,12,15,32	domain	boundary,domain	11
chr5	154640000	3,4,5,6,7,8,9,10,11,12,13,14,15,16,17,18,19,20,21,22,23,24,25,26,27,28,29,30,31,32	boundary,domain	boundary,domain	30
chr5	154960000	3,4,5,6,7,8,9,10,12,13,14,15,16,17,18,19,20,21,22,23,24,25,26,27,28,29,30,31,32	boundary,domain	boundary,domain	29
chr5	155040000	4,5,6,7,8,9,10,11,12,13,21	boundary,domain	domain	11
chr5	155600000	3,4,5,6,7,8,9	domain	domain	7
chr5	155920000	4,5	domain	domain	2
chr5	156600000	3	domain	domain	1
chr5	156840000	3,4	domain	domain	2
chr5	157200000	3,4,5,6,7,8,9,10,11,12,13,14,15,16,17,18,19,20,21,22,23,24,25,26,27,28,29,30,31,32	domain	boundary	30
chr5	157320000	14	boundary	domain	1
chr5	157520000	18,19,28	boundary,domain	boundary	3
chr5	157640000	9,15,17,21,22,23,24,25,26,27,31,32	boundary,domain	boundary	12
chr5	157760000	4,5,6,7,8,9,10,11,12,13,14,15,16,17,18,19,20,21,22,23,24,25,26,27,28,29,30,31,32	boundary,domain	boundary,domain	29
chr5	158000000	3,4,5,6,7,8,9,10,11,12,13,14,15,16,17,18,19,20,21,22,23,24,25,26,27,28	boundary	domain	26
chr5	158400000	3	domain	domain	1
chr5	158680000	3,6,7,8,9,10,11,12	domain	domain	8
chr5	159120000	3,4,5,6,7,8,9,10,11,12,13,14,15,16,17,18,19,20,21,22,23,24,25,26,27,29,30,31,32	domain	boundary,domain	29
chr5	159320000	9,10,11,14,15,16,20,21,26,27,28,29,30,31,32	boundary,domain	domain	15
chr5	159440000	3,4,5,6,7	domain	domain	5
chr5	160000000	3,4,5,6,7,8,9,10,11,12,13,14,15,16,17,18,19,20,21,22,23,24,25,26,27,28,29,30,31,32	domain	boundary,domain	30
chr5	160200000	16	boundary	domain	1
chr5	160400000	3,4,5,6,7,8,9,10,11,12,13,14,15,16,17,18,19,20,21,22,23,24,25,26,27,28,29,30,31,32	boundary,domain	domain	30
chr5	161360000	5	domain	domain	1
chr5	161480000	6	domain	domain	1
chr5	161640000	14	domain	boundary	1
chr5	161800000	4,5,6,7,8,9,10,11,12,13,14,15,16,17,18,19,20,21,22,23,24,25,26,27,28,29,30,31,32	boundary,domain	domain	29
chr5	162240000	5	domain	domain	1
chr5	162520000	3	domain	domain	1
chr5	162640000	3	domain	domain	1
chr5	162880000	4,5,6,7,9	domain	domain	5
chr5	163440000	3,4,5,6,7,8,9,10,11,12,13,14,15,16,17,18,19,20,21,22,23,24,25,26,27,28,29,30,31,32	domain	domain	30
chr5	164480000	4,5,6,7,8,9,10,11,12,13,14,15	domain	boundary,domain	12
chr5	165240000	3,4,5,6,7,8,9,11,12	domain	domain	9
chr5	165400000	26,27	domain	domain	2
chr5	165480000	11,18,19,20,22,23,24,25,28,29,30,31,32	domain	boundary,domain	13
chr5	165560000	4,5,6,7,8,9,10,11,12,13,14,15,16,17,18,21,22	boundary,domain	domain	17
chr5	167040000	5	domain	domain	1
chr5	167640000	3,4,5,6,7,8,9,10,11,12,13	domain	domain	11
chr5	168120000	3,4,5,6,7,8,9,10,12	domain	boundary	9
chr5	168240000	3,4,5,6,7,8,9,10,11,12,13,14,15,16,17,18,19,20,21,22,23,24,25,26,27,28,29,30,31,32	boundary,domain	boundary,domain	30
chr5	168560000	4,5,6,7,8,9,10,11,12,13,14,15,16,17,18,19,20,21,22,23,24,25,26,27,28,29,30,31,32	boundary	domain	29
chr5	168960000	3,4,5,6	domain	domain	4
chr5	169600000	3,4,5,6,7,8,9,10,11,12,13,14,15,16,17,18,19,20,21,22,23,24,25,26,27,28,29,30,31,32	domain	domain	30
chr5	170040000	3,4,5,6,7,8,9,10,11,12,13,14,15,16,17,18,19,27,28,29,30,31,32	domain	domain	23
chr5	170200000	3,4,8,9,10,11,12,13,14,15	boundary,domain	domain	10
chr5	170440000	3,4,5	domain	domain	3
chr5	170680000	3,4,5,6,7,8,9,10,11,12,13,14,15,16,17,18,19,20,21,22,23,24,25,26,27,28,29,30,31,32	domain	domain	30
chr5	170840000	3,4,6,7,9	boundary,domain	domain	5
chr5	171360000	3,4,5,6,7,8,9,10,11,12,13,14,15,16,17,18,19,20,21,22,23,24,25	domain	domain	23
chr5	171880000	4,5,6	domain	domain	3
chr5	172080000	3,4,15,16,20,22,24,25,26,27,28,30	domain	domain	12
chr5	172360000	3,6,7,9,14,17,18,19,20,21,26,27,31	boundary,domain	boundary	13
chr5	172440000	3,4,5,6,7,8,9,10,11,12,13,14,15,16,22,23,24,25,26,27,28,29,30,31,32	boundary,domain	boundary,domain	25
chr5	172680000	3,4,5,6,7,8,13,17,18,19,20,21,22,23,24,25,26,27,28,29,30,31,32	boundary,domain	boundary,domain	23
chr5	172960000	3,4,5,6,7,8,9,10,11,12,13,14,15,16,17,21,22,23,24,25,26,27,28,29,30,31,32	boundary,domain	boundary,domain	27
chr5	173200000	9,10	domain	boundary	2
chr5	173280000	3,4,5,6,7,8,9,10,11,12,13,14,15,16,17,18,24,25,26,27,28,29,30,31,32	boundary,domain	boundary,domain	25
chr5	173360000	19,20,21,22,23,28,30	boundary,domain	boundary	7
chr5	173600000	3,4,5,6,7,8,9,10,11,12,13,14,15,16,17,18,19,20,21,22,23,24,25,26,27,28,29,30,31,32	boundary,domain	domain	30
chr5	174000000	3,4,5,6,7,8,9,10,11,13,17,18,19,20,21,22,23,24,25,26,27,29,30,31,32	domain	domain	25
chr5	174320000	3,4,5,6,7,8,9,10,11,12,13,14,15,16,17,18,19	domain	domain	17
chr5	174840000	5,6,7,8,9,10,11,12,13,14,15,16,17	domain	boundary,domain	13
chr5	175480000	3,4,5,6,7,8,9,10	domain	domain	8
chr5	175720000	3,4	domain	domain	2
chr5	175920000	3,4,5,6,7,8,9,10,11,12,13,14,15,16,17,18,19,20,21,22,23,24,25,26,27,28,29,30,31,32	domain	gap	30
chr5	176280000	3,4,5,6,7,8,9,10,11,12,13,14,15,16,17,18,19,20,21,22,23,24,25,26,27,28,29,30,31,32	gap	domain	30
chr5	176640000	3,4,5,6,7	domain	domain	5
chr5	176960000	5,6	domain	boundary,domain	2
chr5	177080000	4,5,7,8,9,10,11,12,13	domain	domain	9
chr5	177320000	3,4,5,6,7	domain	domain	5
chr5	177640000	3,4,5,6,7,8,9,10,11,12,13,14,15,16,17,18,19,20,21,22,23,24,25,26,27,28,29,30,31,32	domain	gap	30
chr5	178040000	3,4,5,6,7,8,9,10,11,12,13,14,15,16,17,18,19,20,21,22,23,24,25,26,27,28,29,30,31,32	gap	domain	30
chr5	178240000	3,4	domain	domain	2
chr5	178640000	3,4,5,6,7,8,9,10,11,12,13	domain	domain	11
chr5	178880000	3,4	domain	domain	2
chr5	179120000	3,4,5,6,7,8,9,10,11	domain	domain	9
chr5	179560000	3,4,5,6,7,8,9,10,11,12,13,14,15,16,17,18,19,20,21,22,23,24,25,26,27,28,29,30	domain	boundary,domain	28
chr5	179880000	4,5,6,7,8,11,12,13,14,17,18,19,20,21	boundary,domain	boundary,domain	14
chr5	180120000	3,4,5,6,7,8,9,10,11,12,13,14,15,16,17,18,19,20	boundary,domain	boundary,domain	18
chr5	180280000	3,4,8,11	boundary,domain	domain	4
chr5	180480000	3,4	domain	domain	2
chr5	180720000	3,4,5	domain	domain	3
chr5	180960000	3,4,5,6,7,8,9,10,11,12,13,14,15,16,17,18,19,20,21,22,23,24,25,26,27,28,29,30,31,32	domain	gap	30
chr5	181000000	3,4,5,6,7,8,9,10,11,12,13,14,15,16,17,18,19,20,21,22,23,24,25,26,27,28,29,30,31,32	gap	domain	30
chr5	181280000	3,4,5,6,7,8,9,10,11,12,13,14,15,16,17,18,19,20,21,22,23,24,25,26,27,28,29,30,31,32	domain	gap	30
chr5	181480000	3,4,5,6,7,8,9,10,11,12,13,14,15,16,17,18,19,20,21,22,23,24,25,26,27,28,29,30,31,32	gap	gap	30
chr6	120000	3,4,5,6,7,8,9,10,11,12,13,14,15,16,17,18,19,20,21,22,23,24,25,26,27,28,29,30,31,32	gap	gap	30
chr6	160000	3,4,5,6,7,8,9,10,11,12,13,14,15,16,17,18,19,20,21,22,23,24,25,26,27,28,29,30,31,32	gap	domain	30
chr6	560000	3,7,8,9	domain	domain	4
chr6	800000	4,8	domain	domain	2
chr6	880000	3,6	domain	domain	2
chr6	1360000	3,4	domain	boundary,domain	2
chr6	1520000	3,4,5,6,7,8,9,10,11,12,13,14,15,16,17,18,19,20,21,22,23,24,25,26,27,28,29,30,31,32	boundary,domain	domain	30
chr6	2360000	3,4,5,6,7	domain	domain	5
chr6	2760000	3,4,5,6,7,8,9,10,11,12,13,14,15,16,17,18,19,20,21,22,23,24,25,26,27,28,29,30,31,32	domain	boundary,domain	30
chr6	2840000	32	boundary	boundary	1
chr6	3000000	4,5,6,7,8,9,10,11,12,13,14,15,16,17,18,19,20,21,22,23,24,25,26,27,28,29,31,32	boundary,domain	boundary,domain	28
chr6	3080000	4,5,6,7,8,9,10,11,12,14,23,24,27,30,31	boundary,domain	boundary,domain	15
chr6	3280000	3,4,5,6,7,8,9,10	boundary,domain	domain	8
chr6	3520000	4,5	domain	domain	2
chr6	3760000	3,4,5,6,7,8,9,10,11,12,15,16,22,23,24,25,26,27,28,29,30,31,32	domain	boundary,domain	23
chr6	4040000	3,4,5,6,7,9,10,11,12,13,14,15,16,17,18,19,20,21,22,23,24,25,26,27,28,29,30,31,32	boundary,domain	boundary,domain	29
chr6	4160000	3,4,5,6,7,8,9,10,11,12,13,14,15,17,18,19,20,21,22,23,24,25,26,27,28,29,30,31,32	boundary	domain	29
chr6	5000000	3,4,5,6,7,8,9,10,11,12,13,14,15,16,17,18,19,20,21,22,23,24,25,26,27,28,29,30,31,32	domain	boundary,domain	30
chr6	5280000	25,27	boundary	boundary	2
chr6	5400000	3,4,5,6,7,8,9,10,11,15,17,18,19,22,23,24,25,26,27,28,29,30	boundary,domain	domain	22
chr6	6040000	3,4,5,6,7,8,9,10,11	domain	domain	9
chr6	6320000	3	domain	domain	1
chr6	6600000	3,4,5,6,7,8,9,10,11,12,13,14,15,16,17,18,19,20,21,22,23,24,25,26,27,28,29,30,31,32	domain	domain	30
chr6	7040000	4	domain	domain	1
chr6	7280000	3,4,5,6,7,8,9,10,11,12,13,14,15,16,17,18,19,20,21,22	domain	boundary,domain	20
chr6	7680000	3,4,5,6,7,8,9,10,11,12,13,14,15,16,17,18,19,20,21,22,23,24,25,26,27,28,29,30,31,32	boundary,domain	boundary,domain	30
chr6	8120000	3,4,5,6,7,8,9,10,11,12,13,14,15,16,17,18,19,20,21,22,23,24,25,26,27,28,29,30,31,32	boundary,domain	boundary,domain	30
chr6	8240000	10,11,12,13,15	boundary	domain	5
chr6	9000000	4	domain	domain	1
chr6	9240000	3,4	domain	domain	2
chr6	9400000	3	domain	domain	1
chr6	9680000	3	domain	domain	1
chr6	9840000	3	domain	domain	1
chr6	10000000	6,7,8,9	domain	domain	4
chr6	10440000	3,4,5,6,7,8,9,10,11,12,13,14,15,16,17,18,19,20,21,22,23,24,25,26,27,28,29,30,31,32	domain	boundary,domain	30
chr6	10680000	3	domain	domain	1
chr6	10840000	3,4,5,6,7,8,9,10,11,12,13,14,15,16,17,18,19,20,21,22,23,24,25,26,27,28,29,30,31,32	boundary,domain	boundary,domain	30
chr6	10920000	11	boundary	boundary	1
chr6	11080000	3,4,5,6,7,8,9,10,11,12,13,14,15,16,17,18,19,20,21,22,23,24,25,26,27,28,29,30,31,32	boundary,domain	boundary,domain	30
chr6	11520000	3,4,5,6,7,8,9,10,11,12,13,14,15,16,17,18,19,20,21,22,23,24,25,26,27,28,29,30,31,32	boundary,domain	boundary,domain	30
chr6	12040000	5,6	domain	domain	2
chr6	12160000	10	domain	domain	1
chr6	12240000	3,4,5,6,7,8,9,14,15	domain	domain	9
chr6	12640000	3,4,5,6,7,8,9	domain	domain	7
chr6	12920000	3,4,5,6	domain	domain	4
chr6	13320000	3,4,5,6,7,8,9,10,11,12,13,14,15,16,17,18,19,20,21,22	domain	domain	20
chr6	13600000	3,4,5,6,7,8,13,14,15,16,17,18,19,21,22,23,27,30,31	domain	boundary,domain	19
chr6	13880000	8,9,10,11,12,13,14,15,16,17,18,19,20,21,22,23,24,25,26,27,28,29,30,31,32	boundary,domain	boundary,domain	25
chr6	14080000	3,4,5,6,7,8,9,10,11,12,13,14,15,16,17,18,19,20,21,22,23,24,25,26,27,28,29,30,31,32	boundary	domain	30
chr6	14440000	3,4	domain	domain	2
chr6	15240000	3,4,5,6,7,8,9,10,11	domain	domain	9
chr6	15480000	3,4	domain	domain	2
chr6	15680000	3,4,5,6,7,8,9,10,11,12,13,14,15,16,17,18,19,20,21,22,23,24,25,26,27,28,29,30,31,32	domain	boundary,domain	30
chr6	16240000	3,4,5,6,7,8,9,10,11,12,13,14,15,16,17,18,19,20,21,22,23,24,25,26,27,28,29,30,31,32	boundary,domain	domain	30
chr6	16800000	3,4,5,6	domain	domain	4
chr6	17000000	3	domain	domain	1
chr6	17120000	3,4,5,6,7,8,9,10,11,12,13,14,15,16,17,18,19,20,21,22,23,24,25,26,27,28,29,30,31,32	domain	domain	30
chr6	17280000	3	domain	domain	1
chr6	17600000	3,4,5	domain	domain	3
chr6	17840000	4,5,6,7,8,9,14,15,16	domain	domain	9
chr6	18160000	3,4,5,6,7,8,9	domain	boundary,domain	7
chr6	18280000	3,9,10,11,12,13,14,15,16,17,18,19,20,21,22,23,24,25,26,27,28,29,30,31,32	boundary,domain	boundary,domain	25
chr6	18520000	3,4,5,6,7,8,9,10,11,12,13,14,15,16,17,18,19,20,21,22,23,24,25,26,27,28,29,30,31,32	boundary,domain	domain	30
chr6	20120000	3,4,5,6,7,8,9,10,11,12,13,14,15,16,17,18,19,20,21,22,23,24,25,26,27,28,30,31,32	domain	boundary	29
chr6	20240000	3,4,5,12,13,25,28,29,32	boundary,domain	boundary,domain	9
chr6	20520000	3,4,5,6,7,8,9,10,11,12,13,14,15,16,17,18,19,20,21,22,23,24,25,26,27,28,29,30,31,32	boundary,domain	domain	30
chr6	21320000	4,7,8	domain	domain	3
chr6	21600000	3,4,5,6,7,8,9,10,11,12,13,14,15,16,17,18,19,20,21,22,23,24,25,26,27	domain	domain	25
chr6	22840000	11,12,13	domain	domain	3
chr6	23440000	3,4	domain	domain	2
chr6	24040000	3,4	domain	domain	2
chr6	24240000	3,4,5,6,7,8,9,10,11,12,13,14,15,16,17,18,19,20,21,22,23,24,25,28	domain	boundary,domain	24
chr6	24400000	3,8,9,10,13,14,15,16,17,21,22,23,24,25,26,27,28,29,30,31,32	boundary,domain	boundary,domain	21
chr6	24520000	30	boundary	boundary	1
chr6	24760000	3,4,5,6,7,8,9,10,11,12,13,14,15,16,17,18,19,20,21,22,23,27,28,29,30,31,32	boundary,domain	domain	27
chr6	25120000	4,5,6,7,8,9,10,11,12,13,14,15,16,17,18,20,22,23,24,25	boundary,domain	domain	20
chr6	25600000	6,7,8	domain	domain	3
chr6	26000000	3,4,5,6,7,8,9,10,11,12,13,14	domain	domain	12
chr6	26320000	4,5	domain	domain	2
chr6	26680000	3,4,5,6,7,8,9,10,11,12,13,14,15,16,17,18,19,20,21,22,23,24,25,26,27,28,29,30,31,32	domain	gap	30
chr6	27000000	3,4,5,6,7,8,9,10,11,12,13,14,15,16,17,18,19,20,21,22,23,24,25,26,27,28,29,30,31,32	gap	domain	30
chr6	27320000	3	domain	domain	1
chr6	27520000	4	domain	domain	1
chr6	27720000	3,4,5	domain	domain	3
chr6	28080000	3,4,5,8,9,10,11,12,13,14,15,16,17,18,19,20,21,22,23,24	domain	domain	20
chr6	28440000	4,5,6,7,8,9,10,11,12,13	domain	domain	10
chr6	28680000	3,4,5,6,7,8,9,10,11,13,14	domain	domain	11
chr6	28840000	3	domain	domain	1
chr6	29040000	3,4,5,6,7,8,9,10,11,12,13,14,15,16,17,18,19,20,21,22,23,24,25,26,27,28,29,30,31,32	domain	domain	30
chr6	29280000	3	domain	domain	1
chr6	29640000	3,4,5,6,7,8,9,10,11,12,13,14,15,16,17,18,19,20,21,22,23,24,25,26,27,28,29,30,31,32	domain	boundary,domain	30
chr6	29840000	3,4,19,20,21,23,24,26,27,29,30,31,32	boundary,domain	boundary,domain	13
chr6	30080000	3,4,5,6,7,8,9,10,14,22,23	boundary,domain	boundary,domain	11
chr6	30200000	4,5,6,7,8,11,12,17,18,19,20,25	boundary,domain	boundary,domain	12
chr6	30320000	18,22	boundary	boundary,domain	2
chr6	30440000	4,5,6,7,8,9,10,11,12,13,14,15,16,17,18,19,20	boundary,domain	boundary,domain	17
chr6	30600000	9,10	boundary	domain	2
chr6	30760000	4,5,6	domain	domain	3
chr6	31240000	3,4,5,6,7,8,9,10,11,12,13,14,15,16,17,18,19,20,21,22,23,24,25,26,27,28,29,30,31,32	domain	gap	30
chr6	31360000	3,4,5,6,7,8,9,10,11,12,13,14,15,16,17,18,19,20,21,22,23,24,25,26,27,28,29,30,31,32	gap	domain	30
chr6	31640000	3,4,5	domain	domain	3
chr6	31960000	3,4,5,6,7,8,9,10,11,12,13,14,15,16,17,18,19,20,21,22,23,24,25,26,27,28,29,30,31,32	domain	gap	30
chr6	32040000	3,4,5,6,7,8,9,10,11,12,13,14,15,16,17,18,19,20,21,22,23,24,25,26,27,28,29,30,31,32	gap	domain	30
chr6	32240000	3,4	domain	domain	2
chr6	32480000	3,4,5,6,7,8,9,10,11,12,13,14,15,16,17,18,19,20,21,22,23,24,25,26,27,28,29,30,31,32	domain	gap	30
chr6	32600000	3,4,5,6,7,8,9,10,11,12,13,14,15,16,17,18,19,20,21,22,23,24,25,26,27,28,29,30,31,32	gap	domain	30
chr6	32800000	4	domain	domain	1
chr6	33000000	3,4,5,6,7,8,9	domain	domain	7
chr6	33280000	3,4,5,6,7	domain	boundary,domain	5
chr6	33360000	7,8,9,10,11,12,13,14,15,16,17,18	boundary,domain	boundary,domain	12
chr6	33440000	11	boundary	domain	1
chr6	33560000	7,8	boundary	domain	2
chr6	33760000	3,4,5,6,7	domain	domain	5
chr6	34160000	3,4,5,6,7,8,9,10,11,12,13,14,15,16,17,18,19,20,21,22,23,24,25,26,27,28,29,30,31,32	domain	boundary,domain	30
chr6	34440000	3,4,5,6,7,14,15,16,17,18,19,20,21,22,23,24,25,27,28,29	boundary,domain	boundary,domain	20
chr6	34760000	8,10,11,12,13,15,16,17,18,19,20,21,26,27,28,29,30,32	boundary,domain	boundary,domain	18
chr6	35280000	3,4,5,6,7,8,9,10,11,12,13,14,15,16,17,18,19,20,21,22,23,24,25,26,27,28,29,30,31,32	boundary,domain	boundary,domain	30
chr6	35480000	3,4,5,6,7,8,9,10,11,12,13,14,15,16,17,18,19,20,21,22,23,24,25,26,27,28,29,30,31,32	boundary,domain	boundary,domain	30
chr6	35760000	3,4,5,6,7,8,9,10,11,12,13,14,15,16,17,18,19,20,21,22,23,24,25,26,27,28,29,30,31,32	boundary,domain	boundary,domain	30
chr6	36000000	23,32	boundary	boundary	2
chr6	36120000	20,29,31	boundary,domain	boundary	3
chr6	36280000	6	domain	domain	1
chr6	36400000	3,4,5,6,7,8,9,10,11,12,13,14,15,16,17,18,19,20,21,22,23,24,25,26,27,28,29,30,31,32	boundary,domain	boundary,domain	30
chr6	36600000	3,4,5,6,7,8,9,10,11,12,13,14,15,16,17,18,20,21,22,23,24,25,26,27,28,29,30,31,32	boundary,domain	boundary,domain	29
chr6	36760000	6,7,8,12,21	boundary,domain	boundary,domain	5
chr6	36840000	4,5,8,9,10,11,12,13,14,15,16,17,18,19,20,21,22,23,24,25,26,27,28,29,30,31,32	boundary,domain	boundary,domain	27
chr6	37000000	3,5,8,9,13,14,15,16,17,18	boundary,domain	boundary,domain	10
chr6	37280000	3,4,5,6,7,8,9,10,11,12,13,14,15,16,17,18,19,20,21,22,23,24,25,26,27,28,29,30,31,32	boundary,domain	boundary,domain	30
chr6	37600000	19,20,21	boundary	domain	3
chr6	37720000	3,4,5,6,7,8,9,10,11,16,17,18	domain	domain	12
chr6	38520000	6	domain	domain	1
chr6	38680000	4,5,6,7,8,9,10,11,12	domain	boundary,domain	9
chr6	38920000	3,4,5,6,7,10,11,13,14,15,16,17,18,19,20,21,22,23,24,25,26,27,28,29,30,31,32	domain	domain	27
chr6	39120000	3,16,17,18,19,23,24,26,27,28,29,30,31,32	boundary,domain	boundary	14
chr6	39320000	3,4,5,6,7,8,9,10,11,12,13,14,15,16,17,18,19,20,21,22,23,24,25,26,27,28,29,30,31,32	boundary,domain	domain	30
chr6	39880000	5,9	domain	domain	2
chr6	39960000	3,4,6,7	domain	domain	4
chr6	40320000	3,4,5,6,7,8,10	domain	domain	7
chr6	40560000	3,4,5	domain	domain	3
chr6	40880000	3,4,5,6,7,8,17	domain	boundary,domain	7
chr6	41080000	3,4,5,6,7,8,9,10,11,12,13,14,15,16,17,18,19,20,21,22,23,25,26,27,28,29,30,31,32	boundary,domain	boundary,domain	29
chr6	41320000	3,4,5,6,7,8,9,10,11,12,13,14,15,16,17,18,19,20,21,22,23,24,25,26,27,28,29,30,31,32	boundary,domain	boundary,domain	30
chr6	41600000	21,22,23	boundary	boundary	3
chr6	41760000	3,4,5,6,7,8,9,10,11,12,13,14,15,16,17,18,19,20,21,22,23,24,25,26,27,28,29,30,31,32	boundary,domain	boundary,domain	30
chr6	42080000	3,4,5,6,7,11,12,13,14,15,16,17,18,19,20,21,22,23,24,26,30	domain	domain	21
chr6	42200000	3,4,7,8,9,10,11,12,13,15,16,18	boundary,domain	domain	12
chr6	42560000	3,4,5,6,7,8,9,10,11,12,13,14,15,16,17,18,19,20,21,22,23,24,25,26,27,28,29,30,31,32	boundary,domain	boundary,domain	30
chr6	42880000	3,4,5,6,7,8,9,10,11,12,13,14,15,16,17,18,19,20,21,22,23,24,25,26,27,28,29,30,31,32	boundary,domain	boundary,domain	30
chr6	43040000	9,10	domain	domain	2
chr6	43200000	4,5,6,9,10,11,12,13,14,15,16,17,18,19,20,21,22,23,24,25,26,27,28,29,30,31	boundary,domain	boundary,domain	26
chr6	43600000	3,4,5,6,7,8,9,10,11,12,13,14,15,16,17,18,19,20,21,22,23,24,25,26,27,28,29,30,31,32	boundary,domain	boundary,domain	30
chr6	43800000	3	domain	domain	1
chr6	44080000	3,4,5,6,7,8	domain	domain	6
chr6	44280000	32	boundary	boundary	1
chr6	44400000	3,4,5,6,7,8,9,10,11,12,13,14,15,16,17,18,19,20,21,22,23,24,25,26,27,28,29,30,31,32	domain	domain	30
chr6	44640000	3,4,5,6	domain	domain	4
chr6	45400000	3,4,5,6,7,8,9	domain	domain	7
chr6	45720000	3,4,5,6	domain	domain	4
chr6	45920000	3,4,5,6,7,8,9,10,11,12,13,14,15,16,17,18,19,20,21,22,23,24,25,26,27,28,29,30,31,32	domain	boundary,domain	30
chr6	46680000	4,5,6,7,8,9,10,11,12,13,14,15,18,19,20,21,22,23,24,25,26,27,28,29,30,31,32	boundary,domain	boundary,domain	27
chr6	46800000	3,8,9,10,12,14,16,17,18,19,20,21,23,24,25,26,27,28,29,30,31,32	boundary,domain	boundary,domain	22
chr6	47080000	3,4,5,6,7,8,9,10,11,12,13,14,15,16,17,18,19,20,21,22,23,24,25,26,27,28,29,30,31,32	boundary,domain	boundary,domain	30
chr6	47360000	3,4,5,6,7,8,9,10,11,12,13,14,15,16,17,18,19,20,21,22,23,24,25,26,27,28,29,30,31,32	boundary,domain	boundary,domain	30
chr6	47640000	3,5,10,11,12,13,14,15,18,19,20,21,22,23,24,25,26,27,28,29,30,31,32	boundary,domain	boundary,domain	23
chr6	47800000	3,4,5,6,7,8,9,10,11,12,13,14,15,16,17,18,19,20,21,22,23,24,25	boundary,domain	domain	23
chr6	48080000	4,5,6	domain	domain	3
chr6	48800000	3,4,5,6,7,8,9,10,11,12,13,14,15,16,17	domain	domain	15
chr6	49400000	3,4,5,6,7,8,9,10,11,12,13,14,15,16,17,18,19,20,21,22,23,24,25,26,27,28,29,30,31,32	domain	domain	30
chr6	49840000	3,4,5	domain	domain	3
chr6	49920000	6,7,8,9,10,11,12,14,15	domain	boundary,domain	9
chr6	50080000	3,4,5,6,7,8,9,10,11,12,13,14,15,16,17,18,19,20,21,22,23,24,25,26,27,28,29,30,31,32	boundary,domain	boundary,domain	30
chr6	50360000	3	domain	domain	1
chr6	50440000	26,28	boundary	boundary,domain	2
chr6	50520000	4,5,30,31	boundary,domain	domain	4
chr6	50640000	21,22,23,24,25,27	boundary	boundary,domain	6
chr6	50760000	4,5,6,7,8,9,10,11,12,13,14,15,16,17,18,19,20,21,23,25,28	boundary,domain	domain	21
chr6	51560000	3,4,5,6,10,12	domain	domain	6
chr6	52040000	3,4,5,6,7,8,9,10,11,12,13,14,15,16,17	domain	boundary,domain	15
chr6	52280000	3,5,6,7,8,9,10,11	boundary,domain	boundary,domain	8
chr6	52400000	3,4,5,6	boundary,domain	domain	4
chr6	52760000	3,4,5,6,7,8,9,10,11,12,13,14,15,16,17,18,19,20,21,22,23,24,25,26,27,28,29,30,31,32	domain	gap	30
chr6	52800000	3,4,5,6,7,8,9,10,11,12,13,14,15,16,17,18,19,20,21,22,23,24,25,26,27,28,29,30,31,32	gap	domain	30
chr6	53080000	4,5,6	domain	domain	3
chr6	53520000	4,5,6,7,8,9,10,11	domain	boundary,domain	8
chr6	53760000	3,4,5,6,7,8,9,10,11,12,13,14,15,16,17,18,19,20,21,22,23	boundary,domain	boundary,domain	21
chr6	53960000	3,4,5,6,7,8,9,10,11,12,14,18,19,22,24,25,26,27,28	boundary,domain	boundary,domain	19
chr6	54280000	4,5,6,7,27,28,30,31,32	boundary,domain	domain	9
chr6	54360000	8	domain	domain	1
chr6	54440000	3,4,10,11	domain	domain	4
chr6	55200000	3,4,5,6,7,8,9,10,11,12,13,14,15,16,17,18,19,20,21,22,23,24,25,26,27,28,29,30,31,32	domain	domain	30
chr6	55440000	3	domain	domain	1
chr6	55960000	3,4,5,6,7,8,9,10,11,12,13,14,15	domain	domain	13
chr6	56320000	3,4,5,6,7,8,9,10,11,12,13,14,15,16,17,18,19,20,21,22,23,24	boundary,domain	domain	22
chr6	56600000	3,4,5,6,7,10,11,12,13,14,15,16	domain	boundary,domain	12
chr6	56760000	8,9	domain	domain	2
chr6	56840000	4,5,6,7,10	boundary,domain	domain	5
chr6	57080000	4	domain	domain	1
chr6	57320000	3,4,5,6,7,8,9,10,11,12,13,14,15,16,17,18,19,20,21,22,23,24,25,26,27,28,29,30,31,32	domain	gap	30
chr6	61520000	3,4,5,6,7,8,9,10,11,12,13,14,15,16,17,18,19,20,21,22,23,24,25,26,27,28,29,30,31,32	gap	domain	30
chr6	61720000	3,4	domain	domain	2
chr6	61800000	5,6	domain	domain	2
chr6	62200000	4	domain	domain	1
chr6	62360000	4,5,6,7,8,9	domain	domain	6
chr6	62480000	3	domain	domain	1
chr6	62600000	3	domain	domain	1
chr6	62840000	3,4,5,6,7,8,9,10,11,12,13,14,15,16,17,18,19,20,21,22,23,24,25,26,27,28,29,30,31,32	domain	gap	30
chr6	62880000	3,4,5,6,7,8,9,10,11,12,13,14,15,16,17,18,19,20,21,22,23,24,25,26,27,28,29,30,31,32	gap	domain	30
chr6	63320000	3,4,5,6,7,8,9,10	domain	domain	8
chr6	63560000	3,4,5	domain	domain	3
chr6	63880000	3,4,5,6,7,8,9,10,11,12,13,14,15,16,17,18,19,20,21,22,23,24	domain	boundary,domain	22
chr6	64360000	3,4,5,6,7,8	domain	domain	6
chr6	64840000	3,4,5,6,7,8,9	domain	domain	7
chr6	65080000	3	domain	domain	1
chr6	65280000	3,4,5,6,7,8,9,10,11,12,13,14,15,16,17,18,19,20,21,22,23,24,25,26,27,28,29,30,31,32	domain	gap	30
chr6	65320000	3,4,5,6,7,8,9,10,11,12,13,14,15,16,17,18,19,20,21,22,23,24,25,26,27,28,29,30,31,32	gap	domain	30
chr6	65560000	3,4,5,6,7	domain	domain	5
chr6	65880000	3,4,5,6,7,9,10,11,12	domain	boundary,domain	9
chr6	66000000	4,8,9,10,11,12,13,16	boundary,domain	domain	8
chr6	66160000	3,6,7	domain	domain	3
chr6	66240000	4,8,9,14,15,16	domain	domain	6
chr6	66440000	3,4,5,6,7,9,10,11,14,15,16,18,19,20,21,23,25	domain	boundary,domain	17
chr6	66560000	3,22	domain	boundary	2
chr6	66680000	4,5,6,7,8,9,10,11,12,13,14,15,16,17,18,19,20,21,22,23,24,25,26,27,28,29,30,31,32	boundary,domain	boundary,domain	29
chr6	66960000	11	boundary	domain	1
chr6	67400000	3	domain	domain	1
chr6	68240000	4,5,6,8,9,10	domain	boundary,domain	6
chr6	68360000	6,7,8,13	domain	boundary,domain	4
chr6	68440000	5,10	boundary,domain	boundary,domain	2
chr6	68680000	5,14,15,16,17,18,19	boundary,domain	boundary,domain	7
chr6	68800000	3,4,5,6,7,8,9,10,11,12,13,14	boundary,domain	domain	12
chr6	69480000	3,4,5,6,7,8,9,10,11,12,13,14,15,16,17,18,19,20,21,22,23,24,25,26,27,28,29,30,31,32	domain	gap	30
chr6	69520000	3,4,5,6,7,8,9,10,11,12,13,14,15,16,17,18,19,20,21,22,23,24,25,26,27,28,29,30,31,32	gap	domain	30
chr6	69680000	3	domain	domain	1
chr6	69800000	6	domain	domain	1
chr6	70200000	3,4,5,6,7,8,9,10,11,12,13,14,15,16	domain	boundary,domain	14
chr6	70360000	3,11	boundary,domain	domain	2
chr6	71040000	3,8,9,10,11,12,13,14,15,16,17,18,19,20,21,22,23,24,25,26,27,28,29,30,31,32	domain	boundary,domain	26
chr6	71360000	3,14,15,16,17,18,19	boundary,domain	boundary,domain	7
chr6	71520000	3,4,5,6,7,8,9,10,11,12,13,14,18,20,21,22,23,24,25,26,27,28,29,30,31,32	boundary,domain	domain	26
chr6	71760000	3	domain	domain	1
chr6	72080000	4,5,6,7,8,9,10,11,12,13,14,15,16,18,19,22,23,24,25,26	domain	domain	20
chr6	72320000	5,6,10,12,13,15,16,17,18,19,20	boundary,domain	boundary,domain	11
chr6	73240000	3,4,5,6,7,8,9,10,11,12,13,15	domain	boundary,domain	12
chr6	73440000	4,9,11,14,15,16,17,18,19,20,21,22,23,24,26,27,28,29,30,31,32	boundary,domain	boundary,domain	21
chr6	73640000	3,4,5,6,7,8,9,10,11,12,13,14,15,16,17,18,19,20,21,22,23,24,25,26,27,28,29,30,31,32	boundary,domain	domain	30
chr6	73760000	3	domain	domain	1
chr6	74120000	4,5	domain	domain	2
chr6	74400000	3,4,6,7,8,9,10	domain	domain	7
chr6	75240000	3,4,5,6,7,8,9,10,11,12,13,14,15,16,17,18,19,20,21,22,23,24,25,26,27,28,29,30,31,32	domain	boundary,domain	30
chr6	75600000	3,4,5,6,7,8,9,10,11,12,13,14,15,16,17,18,19,20,21,22,23,24,25,26,27,28,29,30,31,32	boundary,domain	boundary,domain	30
chr6	75720000	14	boundary	domain	1
chr6	75880000	3,4,5,6,7,8,9,10,11,12,13,19,20,21	boundary	domain	14
chr6	76360000	3	domain	domain	1
chr6	76680000	4,5	domain	domain	2
chr6	77160000	5	domain	domain	1
chr6	77480000	3,4,5,6,7,8,9,10,11,12,13,14,15,16,17,18	domain	domain	16
chr6	78240000	3,4,5,6,7,8,9,10,11,12,13,14,15,16,17,18,19,20,21,22,23,24,25,26,27,28,29,30,31,32	domain	gap	30
chr6	78320000	3,4,5,6,7,8,9,10,11,12,13,14,15,16,17,18,19,20,21,22,23,24,25,26,27,28,29,30,31,32	gap	domain	30
chr6	78840000	3,4,5,6,7,8,9,10,11,12	domain	domain	10
chr6	79080000	3	domain	domain	1
chr6	79520000	4,5,8,9,10	domain	domain	5
chr6	79880000	4,5,6,7,8,9,10,11,12,13,14,15,16,17,18,19,20,21,22,23,24,25,26,27,28,29,30,31,32	domain	boundary,domain	29
chr6	80120000	3,4,5,6,7,8,9,10,11,12,13,14,15,17,18,23,24,25,26	boundary,domain	domain	19
chr6	80640000	3,4,5,6,7,8,9,10,11	domain	domain	9
chr6	80920000	3,4,5,6	domain	domain	4
chr6	81160000	6	domain	domain	1
chr6	81240000	3	domain	domain	1
chr6	81480000	3	domain	domain	1
chr6	81720000	3,4,5,6	domain	domain	4
chr6	82200000	4,5,6,7,8,9,10,11,12,13,14,15,16,17,18,19,20,21,22,23,24,25,26,27,28,29,30,31,32	domain	domain	29
chr6	83080000	3,4,5,6,7,8,9,10,11,12,13,14,15,16,17,18,19,20,22,23	domain	boundary,domain	20
chr6	83240000	20,21,22	boundary,domain	domain	3
chr6	83560000	3,4,5,6,7,8,9,10,11,12,13,14,15,16,17,18,19,20,21,22,23,24,25	domain	domain	23
chr6	83840000	3,4,5,6,7	domain	domain	5
chr6	84240000	3,4,5,6,7	domain	domain	5
chr6	84600000	3,4,5,6,7,8,9,10,11,12,13,14,15,16,17,18,19,20,21,22,23,24,25,26,27,28,29,30,31,32	domain	gap	30
chr6	84640000	3,4,5,6,7,8,9,10,11,12,13,14,15,16,17,18,19,20,21,22,23,24,25,26,27,28,29,30,31,32	gap	domain	30
chr6	84920000	3,4,5,6	domain	domain	4
chr6	85320000	3,4,5,6,7,8,9,10,11,12,13,14,15,16	domain	boundary,domain	14
chr6	85560000	3,4,5,9,10,11,12,13,14,15,16,17,18,19,20,21	boundary,domain	boundary,domain	16
chr6	85680000	3,4,5,6,7,8,9,10,11,12,13,15,18,19,20,22,23,24,25	boundary,domain	domain	19
chr6	85920000	14,15	domain	domain	2
chr6	86000000	3,4	domain	domain	2
chr6	86200000	4,5,6,8,9,10,11,12,13,14,15	domain	domain	11
chr6	86880000	3	domain	domain	1
chr6	87040000	3,4,5,6,7,8,9,10,11,12,13,14,15,16,17,18,19,20,21,22,23,24,25,26,27,28,29,30,31,32	domain	domain	30
chr6	87760000	8,9,10,14,15	domain	domain	5
chr6	88240000	4	domain	domain	1
chr6	88960000	3,4,5,6,7,8,9,10,11,12,13,14,15,16,17,18,19,20,21,22,23,24,25,26,27,28,29,30,31,32	domain	boundary,domain	30
chr6	89280000	29,30,31,32	boundary	boundary,domain	4
chr6	89400000	3,4,5,6,7,8,9,10,11,12,25,26,27,28,32	boundary,domain	domain	15
chr6	89640000	3,4,18,19,20,21,22,23,25,26,27,28,30	domain	boundary,domain	13
chr6	89880000	3,4,5,6,7,8,9,10,11,12,13,14,15,16,17,18,19,20,21,22,23,24,25,26,27,28,29,30,31,32	boundary,domain	domain	30
chr6	90560000	3,4,5,6,7,8,9,10,11,12,13,14,15,16,17,18,19,20,21,22,23,24,25,26,27,28,29,30,31,32	domain	domain	30
chr6	90760000	17,20,21	boundary	domain	3
chr6	90840000	22,23,24	boundary	domain	3
chr6	90960000	5,6,7,8,10,11,19,25	domain	domain	8
chr6	91320000	3,4,5,6	domain	domain	4
chr6	92160000	3	domain	domain	1
chr6	92360000	3	domain	domain	1
chr6	92680000	8,12	domain	boundary	2
chr6	92800000	4,5,6,7,8,9,10,11,12,13,14,15,16,17,18,19,20,21,22,23,24,25,26,27,28,29,30,31,32	domain	domain	29
chr6	93040000	4,5	domain	domain	2
chr6	93440000	3,4,5,6,7,8,9,10,11,12,13,15	domain	domain	12
chr6	94280000	3,4,10	domain	domain	3
chr6	95000000	3,4,5,6,7,8,9,10,11,12,13,14,15,16,17,18,19,20,21,22,23,24,25,26,27,28,29,30,31,32	domain	gap	30
chr6	95080000	3,4,5,6,7,8,9,10,11,12,13,14,15,16,17,18,19,20,21,22,23,24,25,26,27,28,29,30,31,32	gap	domain	30
chr6	95360000	3,5,6	domain	domain	3
chr6	95960000	5,6,7,8,9,11,12	domain	domain	7
chr6	96240000	4,5,6	domain	domain	3
chr6	96480000	5,6,7,8,9,10,11,12,13,14,15,16,17,18,19,20,21,22,23,24,25,26,27,28,29,30,31,32	domain	boundary,domain	28
chr6	96960000	28,29,30,32	boundary,domain	boundary	4
chr6	97120000	4,5,6,7,8,9,10,11,12,13,14,15,16,17,18,19,20,21,22,23,24,25,26,27,28,29,30,31,32	domain	boundary,domain	29
chr6	97440000	4,5,6,7,8,9,10,11,12,13,14,15,16,17,18,19,20,21,22,23,24,25,26,27,28,29,30,31,32	boundary,domain	domain	29
chr6	97920000	5,6,7,8	domain	boundary,domain	4
chr6	98040000	5,6,8,9,10,11,12	boundary,domain	domain	7
chr6	98120000	13	domain	domain	1
chr6	98280000	3	domain	domain	1
chr6	98400000	3,4,5,6,7,8	domain	domain	6
chr6	98760000	3,4,5,6,7,8,9	domain	domain	7
chr6	98960000	3	domain	domain	1
chr6	99280000	3,4,5,6,7,8,9,10,11,12,13,14,15,16,17,18,19,20,21,22,23,24,25,26,27,28,29,30,31,32	domain	boundary,domain	30
chr6	99440000	16,18,23,25	boundary	boundary,domain	4
chr6	99560000	19,28	boundary	boundary	2
chr6	99800000	3,5,6,7,8,9,10,11,12,13,14,15,16,17,18,19,20,21,22,23,24,25,26,27,28,29,30,31,32	boundary,domain	domain	29
chr6	100160000	4	domain	domain	1
chr6	100440000	5	domain	domain	1
chr6	100720000	7,8,9,10,11,12,13,14,15,16,17,18,19,20,21,22,23,24,25,26,27,28,29,30,31,32	domain	domain	26
chr6	100880000	17	boundary	domain	1
chr6	101640000	3	domain	domain	1
chr6	102040000	5,6	domain	domain	2
chr6	103080000	3	domain	domain	1
chr6	103280000	3,4,5,6,7,8,9,10,11,12,13,14,15,16,17,18,19,20,21,22,23,24,25,26,27,28,29,30,31,32	domain	gap	30
chr6	103320000	3,4,5,6,7,8,9,10,11,12,13,14,15,16,17,18,19,20,21,22,23,24,25,26,27,28,29,30,31,32	gap	domain	30
chr6	103480000	3,4,5,6,7,8,9,10,11,12,13,14,15,16,17,18,19,20,21,22,23,24,25,26,27,28,29,30,31,32	domain	gap	30
chr6	103520000	3,4,5,6,7,8,9,10,11,12,13,14,15,16,17,18,19,20,21,22,23,24,25,26,27,28,29,30,31,32	gap	domain	30
chr6	103880000	3,4,5	domain	domain	3
chr6	104080000	4	domain	domain	1
chr6	104160000	3	domain	domain	1
chr6	104360000	3,4,5,7,10	domain	domain	5
chr6	104560000	3,5,7,11,12	domain	boundary,domain	5
chr6	104680000	5,6,8,9,10,15,16	domain	boundary	7
chr6	104840000	4,6,7,8,9,10,11,12,13,14,15,16,17,18,19,20,21,22,23,24,25,26,27,28,29,30,31,32	boundary,domain	boundary,domain	28
chr6	105080000	5,8,10,12,14,18,19,20,23	boundary,domain	boundary,domain	9
chr6	105400000	3,4,5,6,7,8,9,10,11,12,13,14,15,16,17,18,21,22,23,24,25,26,27,28,29,30,31,32	boundary,domain	domain	28
chr6	105720000	3	domain	domain	1
chr6	106320000	3,4,5,6,7,8,9,10,11,12,13,14,15,16,17,18,19,20,21,22,23,24,25,26,27,28,29,30,31,32	domain	boundary,domain	30
chr6	106440000	19	boundary	domain	1
chr6	106560000	3,5,6,20,22,24,26,27,28	boundary	domain	9
chr6	107000000	3,4,5,6,7,8,9,10,11,12,13,14,15,16,17,18,19,20,21,22,23,24,25,26,27,28,29,30,31,32	boundary,domain	domain	30
chr6	107680000	3,4,5	domain	domain	3
chr6	107960000	3,6,10,11,12,13,14,15,16,17,18,19,20,21,22,23,24,25,26,27,28,29,30,31,32	domain	boundary,domain	25
chr6	108040000	4,7,8,9,17	boundary,domain	domain	5
chr6	108520000	3,4,5,6,7,8,9,10,11,12,13,14	domain	domain	12
chr6	108840000	4,5,6	domain	domain	3
chr6	109120000	3,4,5,6,7,8,9,10,11,12,13,14,15,16,17,18,19,20,21,22,23,24,25,26,27,28,29,30,31,32	domain	boundary,domain	30
chr6	109440000	6,14,15,20	boundary,domain	boundary	4
chr6	109520000	3,4,5,6,7,8,9,10,11,12,13,14,15,16,17,18,19,20,21,22,23,24,25,26,27,28,29,30,31,32	boundary,domain	domain	30
chr6	110440000	4,5,6,7,8,9,10,11,12,13,14,15,16,17,18,19,20,21,22,23,24,25,26,27,29,31	domain	domain	26
chr6	110680000	3	domain	domain	1
chr6	111040000	3,4,5,6,7,8,9,10,11,12,13,14,15,16,17,18,19,20,21,22,23,24,25,26,27,28,30,31,32	domain	boundary,domain	29
chr6	111240000	3,4,5,6,7,8,9,10,11,12,13,14,15,16,17,18,19,20,21,22,23,24,25,26,27,28,29,30,31,32	boundary,domain	boundary,domain	30
chr6	111480000	16	boundary	domain	1
chr6	111680000	3,4,5,6,7,8,9,10,11,12,13,14,15,16,17,18,19,20,21,22,23,24,25,26,27,28,29,30,31,32	boundary,domain	boundary,domain	30
chr6	112120000	4,5,6,7,8,9,10,11,12,13,14,15,16,17,18,19,20,21,22,23,24,25,26,27,28,29,30,31,32	domain	domain	29
chr6	113960000	4,5,6,7,8,9,10,11,12,13,14,15,16,17,18,19,20,21,22,23,24,25,26,27,28,29,30,31,32	domain	boundary,domain	29
chr6	114320000	4,5,6,7,8,9,14	boundary,domain	domain	7
chr6	114480000	11	domain	domain	1
chr6	114600000	4,5	domain	domain	2
chr6	114720000	4,5,6,7,8,9,10,12,13,14,15,16,17	domain	domain	13
chr6	114920000	3,4	domain	domain	2
chr6	115720000	3	domain	domain	1
chr6	115960000	3,4,5,6,7,8,9,10,11,12,13,14,15,16,17,18,19,20,21,22,23,24,25,29,30,31	domain	boundary,domain	26
chr6	116120000	8,10,13,14,17,18,19,20,21,22,26,27,28,31,32	boundary,domain	boundary,domain	15
chr6	116240000	3,4,5,6,7	domain	domain	5
chr6	116720000	5,6,7,8,9,10,11,12,13,14,15,16,17,18,19,20,21,22,23,24,25,26,27,28,29,30,31,32	boundary,domain	domain	28
chr6	117000000	5	domain	domain	1
chr6	117320000	4,5,6,7,8,9,10,11,12,13,15,16,17,19,20,21,22,23,24,25,26,27,28,29,30,31,32	domain	boundary,domain	27
chr6	117680000	4,5,6,7,8,9,10,11,12,13,14,15,16,17,18,19,20,21,22,23,24,25,26,27,28,29,30,31,32	boundary,domain	domain	29
chr6	118240000	3,4,5,6,7,8,9,10,11	domain	domain	9
chr6	118560000	5,6	domain	domain	2
chr6	118640000	8,9,21	domain	boundary,domain	3
chr6	118800000	3,4,17,28,29,30,31,32	domain	boundary,domain	8
chr6	118920000	3,4,5,6,7,8,9,10,11,12,13,14,15,16,17,18,19,20,21,22,23,24,25,26,27,29	boundary,domain	boundary,domain	26
chr6	119120000	3,4,5,6,7,8,9,10,11,12,17,20,21,22,23,24,25,26,27,28	boundary,domain	domain	20
chr6	119320000	12	domain	domain	1
chr6	119720000	3,4	domain	domain	2
chr6	119880000	3	domain	domain	1
chr6	120040000	5	domain	domain	1
chr6	121040000	3,4,8,9,10,11,13,16,17,18,19,21,22,23,24,25,26,27,28,29,30,31,32	boundary,domain	boundary,domain	23
chr6	121320000	4,5,6,7,8,9,10,11,12,13,14,15,16,17,18,19,20,21,22,23,24,25,26,27,28,29,30,31,32	boundary,domain	domain	29
chr6	122040000	3,5	domain	domain	2
chr6	122240000	4	domain	domain	1
chr6	122320000	3,4,5,6,7,8,9,10,11,12,13,14,15,16,17,18,19,20,21,22,23,24,25,28,29,30,31	domain	boundary,domain	27
chr6	122480000	12	boundary	domain	1
chr6	122560000	3,4,5,13,14,15,16,17,18,21,22,23,24,25,26,27,28,29,30,31,32	boundary,domain	boundary,domain	21
chr6	122720000	7,8,9	domain	boundary,domain	3
chr6	122840000	7,9,10,11,29,30,32	boundary,domain	domain	7
chr6	123360000	3,4,5,6,7,8,9,10,11,12,13,14,15,16,17,18,19,20,21,22,23,24,25,26,27,28,29,30,31,32	domain	boundary,domain	30
chr6	123520000	3,16,19,20,21,24	boundary,domain	boundary,domain	6
chr6	123760000	3,4,5,6,7,8,9,10,11,12,13,14,15,16,17,18,19,20,21,22,23,24,25,26,27,28,29,30,31	boundary,domain	domain	29
chr6	124080000	3	domain	domain	1
chr6	124280000	3,4	domain	domain	2
chr6	124480000	3	domain	domain	1
chr6	124840000	3,4,5,6,7,8,9,10,11,12,13,14,15,16,17,18,19,20,21,22,23,24,25,26,27,28,29,30,31	domain	boundary,domain	29
chr6	125120000	3,4,5,14,15,16,17,18,19,20,21,22,23,24,25,26,27,28,29,30,31,32	boundary,domain	domain	22
chr6	125320000	3,4,5,6,7,8,9,10,11,14	domain	domain	10
chr6	125800000	3,4,5,6,7,8,10,11,12,13,18,20,21,22,24,25,26,27,28,30,31,32	domain	boundary,domain	22
chr6	126000000	3,4,5,6,7,8,9,10,11,12,13,14,15,16,17,18,19,20,21,22,23,24,25,26,27,28,29,30,31,32	boundary,domain	domain	30
chr6	126360000	3,4,5,6,7,8,9,10,11	domain	domain	9
chr6	126680000	7	domain	domain	1
chr6	126760000	3,4,5,6,7,8	domain	domain	6
chr6	127120000	5,6,7	domain	domain	3
chr6	127280000	3,4,5,6,7,8,9,10,11,12,13,14,15,17,18,19,21,22,24,27,28,29,30,31,32	domain	boundary,domain	25
chr6	127520000	25,26,27,28,29,31,32	boundary,domain	domain	7
chr6	127680000	4,5,6,7,8,9,10,11,12,13,14,15,16,17,18,19,20,21,22,23,24	boundary,domain	domain	21
chr6	128560000	3,4,5,10,11	domain	domain	5
chr6	128720000	3,4,5,6,7,8,9,10,11,12,13,14,15,16,17,18,19,20	domain	domain	18
chr6	129400000	6,7,8,9,10,11,12,13	domain	boundary,domain	8
chr6	129480000	5,13,14,15,16,17,18,19,20,21,22,23,24,25,26,27,28,29,30,31,32	boundary,domain	boundary,domain	21
chr6	129600000	3,4,19,20,21,23,25,27,28,30,31	boundary,domain	boundary,domain	11
chr6	129760000	3,4,5,6,23,24,25,26,27,29	boundary,domain	domain	10
chr6	130040000	3,4,5,6,7,8,9,10,11,12,13,14,15,16,17,18,19,20,21,22,23,24,25,27,28,29	domain	domain	26
chr6	130240000	4,5,6,9,10	domain	domain	5
chr6	130880000	5,6,7,8,9,10,11,12,13,14,15,16,17,18,19	domain	domain	15
chr6	131160000	3,4,5,6,7,8,9	domain	domain	7
chr6	131680000	3,4,5,6,7,8,9,10,11,12,13,14,15,16,17,18,19,20,21,22,23,24,25,26,27,28,29,30,31,32	domain	gap	30
chr6	131720000	3,4,5,6,7,8,9,10,11,12,13,14,15,16,17,18,19,20,21,22,23,24,25,26,27,28,29,30,31,32	gap	domain	30
chr6	131960000	3,4,5	domain	domain	3
chr6	132280000	3,4,5,6,7,8,9,10,11,12,13	domain	boundary,domain	11
chr6	132560000	5,6,7,8,9,10,11,12,13,14,15,16,17,18,19,20	domain	domain	16
chr6	132840000	4,5,6,7,8,9,10,11,12,13,14,15,16	boundary,domain	boundary,domain	13
chr6	132960000	9	boundary	domain	1
chr6	133320000	3,4,5	domain	domain	3
chr6	133560000	4,5,6,7,8	domain	domain	5
chr6	133680000	10	domain	boundary	1
chr6	133920000	3,4,5,6,7,8,9,10,11,12,13,14,15,16,17,18,19,20,21,22,23,24,25,26,27,28,29,30,31,32	boundary,domain	boundary,domain	30
chr6	134120000	3,4,5,6,7,8,9,10,11,12,13,14,15,16,17,18,19,20,21,22,23,24,25,26,27,28,29,30,31,32	boundary,domain	domain	30
chr6	134640000	3,4,5	domain	domain	3
chr6	135000000	3,4,5,6,7,8,9,10,11,12,13,14,15,16,17,18,19,20,21,22,23,24,25,26,27,28,29,30,31,32	domain	boundary,domain	30
chr6	135440000	3,4,5,6,7,8,9,10,11,12,13,14,15,16,17,18,19,20,21,22,23,24,25,26,27,28,29,30,31,32	boundary,domain	domain	30
chr6	136240000	3,4,5,6,7,8,9,10,11,12,13,14,15,16,17,18,19,20,21,25,26	domain	boundary,domain	21
chr6	136560000	3,4,5,6,7,8,9,10,11,12,13,14,15,16,17,18,19,20,21,22,23,24,25,26,27,28,29,30,31,32	boundary,domain	boundary,domain	30
chr6	136840000	3,4,6,8,9,10,11,12,13,14,15,16,17,18,19,20,21,22,23,24,25,26,27,28,29,30,31,32	boundary,domain	boundary,domain	28
chr6	137040000	3,4,5,6,7,8,9,10,11,12,13,14,16,17,18,19,20,21,22,23,24,25,26,27,28,29,30,31,32	boundary,domain	domain	29
chr6	137280000	4,5	domain	domain	2
chr6	137680000	3,4,5,6,7,8,9,10,11,12,13,14,15,16,17,18,19,20,21,22,23,24,25,26,27,28,29,30,31,32	domain	boundary,domain	30
chr6	138000000	5,6,7,8,9,11,12,13,14,15,16,20,31,32	boundary,domain	boundary,domain	14
chr6	138120000	3,4,5,7,8,9,10,13,17,18,19,20,21,22,23,24,25,26,27,28,29,30,31,32	boundary,domain	boundary,domain	24
chr6	138560000	5,6,7,8,9,10,11,12,13,14,15,18,19,28	domain	boundary	14
chr6	138680000	12	boundary	domain	1
chr6	138800000	3,4,5,6,7,8,9,10,11,13,14,15,16,17,18,19,20,21,22,23,24,25,26,27,28,29,30,31,32	boundary,domain	boundary,domain	29
chr6	139200000	5,8,9,10,11,12,13,14,15,16,17,18,19,20,21,22,23,24,25,26,27,28,29,30,31,32	domain	boundary,domain	26
chr6	139360000	3,4,5,6,7,8,9,10,11,12,13,14,15,16,17,18,19,20,21,22,23,24,25,26,27,29,30,31,32	boundary,domain	domain	29
chr6	140440000	5	domain	domain	1
chr6	141640000	4,5,6,7,8,9,10,11,12,14,15,16,17,18,19	domain	boundary,domain	15
chr6	141960000	4,5,6,11,12,16	boundary,domain	boundary,domain	6
chr6	142120000	3,4,5,6,7,8,9,10,11,12,13,14,15,16,17,18,19,20,21,22,23,24,25,26,27,28,29,30,31,32	boundary,domain	boundary,domain	30
chr6	142280000	12,15,16,22,23,25,28	boundary	boundary	7
chr6	142440000	3,4,5,6,7,8,9,10,11,12,13,14,15,16,17,18,19,20,21,22,23,25,26,27,28,29,30,31,32	boundary,domain	boundary,domain	29
chr6	142640000	3,4,5,6,7,8,9,12	boundary,domain	domain	8
chr6	143040000	4,5,6,7,8	domain	domain	5
chr6	143480000	3,4,5,6,7,8,9,10,11,12,13,14,15,16,17,18,19,20,21,22,23,24,25,26,27,28,29,30,31,32	domain	boundary,domain	30
chr6	144080000	3,4,5,6,7,8,9,10,11,12,13,14,15,16,17,18,19,20,21,22,23,24,25,26,27,28,29,30,31,32	boundary,domain	boundary,domain	30
chr6	144280000	4	domain	domain	1
chr6	144560000	3,4,5,6,7,8,9,10,11,12,13,14,15,16,17,18,19,20,21,22,23,24,25,26,27,28,29,30,31,32	boundary,domain	boundary,domain	30
chr6	144760000	12,28	boundary,domain	domain	2
chr6	144880000	15,16,17,18,19	boundary,domain	domain	5
chr6	145320000	6,28,29,30,31,32	domain	domain	6
chr6	145480000	27	domain	boundary	1
chr6	145720000	3,4,5,6,7,8,9,10,11,13,14,15,16,17,18,19,20,21,22,23,24,25,26,27,28,29,30,31,32	boundary,domain	boundary,domain	29
chr6	145920000	3,4,5,6,7,8,9,10,11,12,13,14,15,16,18,19,21,22,23,24,26,32	boundary,domain	domain	22
chr6	146400000	6	domain	domain	1
chr6	146720000	4	domain	boundary	1
chr6	146800000	3,4,5,6,7,8,9,10,11,12,13,14,15,16,17,18,19,20,21,22,23,24,25,26,27,28,29,30,31,32	boundary,domain	boundary,domain	30
chr6	147360000	3,4,5,6,7,8,9,10,11,12,13,14,15,16,17,18,19,20,21,22,23,24,25,26,27,28,29,30,31,32	boundary,domain	boundary,domain	30
chr6	148200000	3,4,5,6,7,8,9,10,11,12,13,14,15,16	domain	boundary	14
chr6	148520000	3,4,5,6,7,8,9,10,11,12,13,14,15,16,17,18,19,20,21,22,23,24,25,26,27,28,29,30,31,32	boundary,domain	domain	30
chr6	149000000	3,4,5,6,7,8,9,10,11,12,13	domain	domain	11
chr6	149440000	3	domain	domain	1
chr6	149560000	3,4,5,6,7,8,9,10,11,12,13,14,16,17,18,19,20,21,22,23,24,25,26,27,28,29,31	domain	boundary,domain	27
chr6	149720000	15	domain	boundary	1
chr6	149800000	10,11,20,22,23,24	boundary,domain	boundary,domain	6
chr6	149920000	9,10,14,15,16,17,18,19,20,21,22,25,26,27,28,29,30,31,32	boundary,domain	boundary,domain	19
chr6	150040000	3,4,5,6,7,8,9,10,11,12,13,14,16,20,23	boundary,domain	domain	15
chr6	150400000	3,4,5,6,7	domain	domain	5
chr6	150880000	3,4,5,6,7,8,9,10,11,12,13,14,15,16,17,18,19,20,21,22,23,24,25,26,27,28,29,30,31,32	domain	boundary,domain	30
chr6	150960000	25	domain	boundary	1
chr6	151040000	3,29	boundary,domain	boundary,domain	2
chr6	151400000	3,4,5,6,7,8,9,10,11,12,13,14,15,16,17,18,19,20,21,22,23,24,25,26,27,28,29,30,31,32	boundary,domain	boundary,domain	30
chr6	152120000	4,5,6	domain	domain	3
chr6	152400000	4,5,6,7,8,9,10,11,12,13,14,15,16,17,18,19,20,21,22,23,24,25,26,27,28,29,30,31,32	domain	boundary,domain	29
chr6	152680000	3,4,5,6,7,8,9,10,11,12,13,14,15,16,17,18,19,20,21,23,24,25,26,27,28,29,30,31	boundary	boundary,domain	28
chr6	152960000	4,5,6,7,8,9	boundary,domain	domain	6
chr6	153240000	4,5,6,7,8	domain	domain	5
chr6	153560000	3,4,5,6,7,8,9,10,11,12,13,14,16	domain	boundary,domain	13
chr6	153680000	9,10	boundary	boundary,domain	2
chr6	153800000	3,4,11	boundary,domain	boundary,domain	3
chr6	154120000	3,4,5,6,7,8,9,10,11,12,13,14,15,16,17,18,19,20,21,22,23,24,25,26,27,28,29,30,31,32	boundary,domain	boundary,domain	30
chr6	154240000	27,28	boundary	domain	2
chr6	154400000	5,6,12,13,14,15,16,17,30,31,32	boundary,domain	boundary,domain	11
chr6	154680000	3,4,5,6,7,8,9,10,11,12,13,14,15,16,17,22,23,24,25,26,27,29,30	boundary,domain	domain	23
chr6	154880000	3,4,5,6,16,17,18,19,20,21,22,23	boundary,domain	boundary,domain	12
chr6	155160000	3,4	domain	domain	2
chr6	155320000	3,4,5,6,7,8,9,10,11,12,13,14,15,16,17,18,19,20,21,22,23,24,25,26,27,28,29,30,31,32	boundary,domain	domain	30
chr6	156120000	6,7,8,9,10,11,12,13,14	domain	domain	9
chr6	156680000	5,7,8,9,10,11,12,13,25,26,27,28,29,30,31,32	boundary,domain	boundary,domain	16
chr6	156760000	25,26,29,30,32	boundary,domain	boundary,domain	5
chr6	157080000	5,6,7,9,15,20	domain	boundary,domain	6
chr6	157280000	3,4,5,6,7,8,9,10,11,12,13,14,15,16,17,18,19,20,21,22,23,24,25,26,27,28,29,30,31,32	boundary,domain	boundary,domain	30
chr6	157600000	24	domain	boundary	1
chr6	157680000	8,23,29	boundary,domain	boundary,domain	3
chr6	157760000	22,25	boundary,domain	boundary	2
chr6	158160000	3,4,5,6,7,8,9,10,11,12,13,14,15,16,17,18,19,20,21,22,23,24,25,26,27,28,29,30,31,32	boundary,domain	boundary,domain	30
chr6	158680000	3,4,5,6,7,8,9,10,11,12,14,16,17,18,19,20,21,22,23,24,25,26,28,29,30,31,32	domain	domain	27
chr6	159000000	3,4,5,6,7,8,9,10,11,12,13,14,15,16,17,18,19,20,21,22,23,24,25,26,27,28,29,30,31,32	boundary,domain	boundary,domain	30
chr6	159160000	3,4,5,6,7,8,9,10,11,12,13,14,16,17,18,19,20,21,22,23,24,25,26,27,28,29,30,31,32	boundary,domain	domain	29
chr6	159680000	3,4,5,6,7,8,9,10,11,12,13,14,15,16,17,18,19,20,21,22	domain	boundary,domain	20
chr6	159800000	10,15	boundary	domain	2
chr6	160080000	3,4,5,6,7,8,9	domain	domain	7
chr6	160600000	3,4,5,6,7,8,9,10,11,12,13,14,15,16,17,18,19,20,21,22,23,24,25,26,27,28,29,30,31,32	domain	gap	30
chr6	160640000	3,4,5,6,7,8,9,10,11,12,13,14,15,16,17,18,19,20,21,22,23,24,25,26,27,28,29,30,31,32	gap	domain	30
chr6	160840000	3,4,5,6,7,8,9,10,11,12,13,14,15,16,17,18,19,20,21,22,23,24,25,26,27,28,29,30,31,32	domain	gap	30
chr6	160880000	3,4,5,6,7,8,9,10,11,12,13,14,15,16,17,18,19,20,21,22,23,24,25,26,27,28,29,30,31,32	gap	domain	30
chr6	161400000	3,4,5,6,7,8,9,10,11,12	domain	domain	10
chr6	162840000	5,6,7,8,9	domain	domain	5
chr6	163160000	5	domain	domain	1
chr6	163400000	3,4,5,6,7,8,9,10,11,12	domain	domain	10
chr6	163960000	3,4	domain	domain	2
chr6	164200000	4	domain	domain	1
chr6	164920000	5,6,7,8,9,11	domain	domain	6
chr6	165280000	3,4,5,6,7,8,9,10,11,12,13,14,15,16,17,18,19,20,21,22,23,24,25,26,27,28,29,30,31,32	domain	boundary,domain	30
chr6	165640000	4	domain	domain	1
chr6	165840000	3,4,5,7,8,9,10,11,19,20,21,22,23,24,25,26,27,28,29,30,31	domain	domain	21
chr6	166160000	3,4,5,6,7,8,9,10,11,12,13,14,15,16,17,18,19,20,21,22,23,24	boundary,domain	boundary,domain	22
chr6	166400000	3,4,5,6,7,8,9,10,11,12,13,14,15,16	boundary,domain	domain	14
chr6	166720000	3,4,5,6,7,8,9,10,11	domain	domain	9
chr6	167160000	3,4,5,6,7,8,9,10,11,12,13,14,15,16,17,18,19,20,21,22,23,24,25,26,27,28,29,30,31,32	domain	gap	30
chr6	167200000	3,4,5,6,7,8,9,10,11,12,13,14,15,16,17,18,19,20,21,22,23,24,25,26,27,28,29,30,31,32	gap	domain	30
chr6	167360000	3,4,5,6,7,8,9,10,11,12,13,14,15,16,17,18,19,20,21,22,23,24,25,26,27,28,29,30,31,32	domain	gap	30
chr6	167400000	3,4,5,6,7,8,9,10,11,12,13,14,15,16,17,18,19,20,21,22,23,24,25,26,27,28,29,30,31,32	gap	domain	30
chr6	167600000	3,4,5,6,7,8,9,10,11,12,13,14,15,16,17,18,19,20,21,22,23,24,25,26,27,28,29,30,31,32	domain	gap	30
chr6	167640000	3,4,5,6,7,8,9,10,11,12,13,14,15,16,17,18,19,20,21,22,23,24,25,26,27,28,29,30,31,32	gap	domain	30
chr6	167920000	3,4,5,7,8,9,10,11	domain	boundary,domain	8
chr6	168120000	3,4,5,6,7,8,9,10,11,12,13,14,15,16,17	boundary,domain	boundary,domain	15
chr6	168360000	3,4,5,6,7,8,9,10,11,13,14,15,16,17,18,19,20,21,22,23	boundary,domain	boundary,domain	20
chr6	168600000	20,21,23	boundary	boundary	3
chr6	168880000	3,4,5,6,7,8,9,10,11,12,13,14,15,16,17,18,19,20,21,22,23,24,25,26,27,28,29,30,31,32	boundary,domain	domain	30
chr6	169440000	4	domain	domain	1
chr6	169760000	3,4,5,6,7,8,9,10,11,12,13,14,15,16,17,18,19,20	domain	domain	18
chr6	170280000	3,4,5,6	domain	domain	4
chr6	170600000	3,4,5,6,7,8,9,10,11,12,13,14,15,16,17,18,19,20,21,22,23,24,25,26,27,28,29,30,31,32	domain	gap	30
chr6	170760000	3,4,5,6,7,8,9,10,11,12,13,14,15,16,17,18,19,20,21,22,23,24,25,26,27,28,29,30,31,32	gap	gap	30
chr7	0	3,4,5,6,7,8,9,10,11,12,13,14,15,16,17,18,19,20,21,22,23,24,25,26,27,28,29,30,31,32	gap	gap	30
chr7	40000	3,4,5,6,7,8,9,10,11,12,13,14,15,16,17,18,19,20,21,22,23,24,25,26,27,28,29,30,31,32	gap	domain	30
chr7	200000	3,4,5,6,7,8,9,10,11,12,13,14,15,16,17,18,19,20,21,22,23,24,25,26,27,28,29,30,31,32	domain	gap	30
chr7	240000	3,4,5,6,7,8,9,10,11,12,13,14,15,16,17,18,19,20,21,22,23,24,25,26,27,28,29,30,31,32	gap	domain	30
chr7	720000	4	domain	domain	1
chr7	880000	3,4,5,6,7,8,9,10,11,12,13,14,15	domain	boundary,domain	13
chr7	960000	16,17	domain	boundary	2
chr7	1160000	3,4,5,6,7,8,9,10,11,12,13,14,15,16,17,18,19,20,21,22	boundary,domain	boundary,domain	20
chr7	1320000	18	boundary	boundary	1
chr7	1560000	3,4,5,6,7,8,9,10,11,12,13,14,15,16,17,18,19,20,21,22,23,24,25,26,27,28,29,30,31,32	boundary,domain	domain	30
chr7	2200000	3,4	domain	domain	2
chr7	2440000	3,4,5,6,7,8,9,10,11,12,13,14,15,16,17,18,21,22,23,24,26,27,28,29,30,31,32	domain	boundary	27
chr7	2720000	3,4,5,8,9,10,11,13,14,15,17,26,31,32	boundary,domain	boundary,domain	14
chr7	2840000	3,4,5,6,7,8,9,10,11,12,13,14,15,16,17,18,19,20,21,22,23,24,25,26,27,28,29,30,32	boundary,domain	boundary,domain	29
chr7	3160000	4,5,6,7,8,9,10,11,12,13,14,15,16,17,19,20,21,22,23,24,28,29,30,31,32	boundary	domain	25
chr7	3960000	5,6,7,8,9,10,11,12,13,14,15,16	domain	domain	12
chr7	4600000	3,4,5,6,7,8,9,10,11,12,13,14,15,16,17,18,19,20,21,22,23,24,25,26,27,28,29,30,31	domain	boundary,domain	29
chr7	4800000	3,4,5,6,7,8,9,10,11,12,13,14,15,16,17,18,19,20,21,22,23,24	boundary,domain	boundary,domain	22
chr7	5160000	4,5,6,7,8,9,10,11,12,13,14,15,16,17	boundary,domain	domain	14
chr7	5480000	3,4,5,6	domain	domain	4
chr7	5880000	3,4,5,6,7,8,9,10,11,12,13,14,15,16,17,18,19,20,21,22,23,24,25,26,27,28,29,30,31,32	domain	gap	30
chr7	6000000	3,4,5,6,7,8,9,10,11,12,13,14,15,16,17,18,19,20,21,22,23,24,25,26,27,28,29,30,31,32	gap	domain	30
chr7	6360000	3	domain	domain	1
chr7	6480000	3,4	domain	domain	2
chr7	6720000	3,4,5,6,7,8,9,10,11,12,13,14,15,16,17,18,19,20,21,22,23,24,25,26,27,28,29,30,31,32	domain	gap	30
chr7	7000000	3,4,5,6,7,8,9,10,11,12,13,14,15,16,17,18,19,20,21,22,23,24,25,26,27,28,29,30,31,32	gap	domain	30
chr7	7560000	3,4,5,6,7,8,9,10,11,12,13	domain	domain	11
chr7	8320000	3,4,5,6,7,8,9,10,11,12,13,14,15,16,17,18,19,20,21,22,23,24,25,26,27,28,29,30,31,32	domain	domain	30
chr7	8800000	3,4,5,6,7,8,9,10,11,12,13,15	domain	domain	12
chr7	9240000	4,5,6,7,8,9,10,11	boundary,domain	domain	8
chr7	9440000	3,4,8,9	domain	domain	4
chr7	9520000	4,5,6,7	domain	domain	4
chr7	9760000	5,7	domain	domain	2
chr7	9840000	7,8	domain	boundary,domain	2
chr7	9920000	4,6,8,9,10,11,12	boundary,domain	domain	7
chr7	10120000	3,4,5,6	domain	domain	4
chr7	10360000	3,6,7,8,11	domain	boundary,domain	5
chr7	10440000	5,6,8,9,10,11,13,15	boundary,domain	domain	8
chr7	10520000	12	domain	domain	1
chr7	10880000	3,4,5,6,7,8,9,10,11,12,13	domain	domain	11
chr7	11400000	3,4,5,6,7,8,9,10,11,12,13,14,15,16,17,18,19,20,21,22,23,24,25,26,27,28,29,30,31,32	domain	domain	30
chr7	11880000	3,4,7,8,9	domain	domain	5
chr7	12080000	3,4	domain	domain	2
chr7	12480000	4,5,6,7,8,9,10,11,12,13,14,15,16,17,18,19,20,21,22,23,24,25,26,27,28,29,30,31,32	domain	domain	29
chr7	12640000	3,4,5	domain	domain	3
chr7	13280000	3,4,5,6,7,8,9,10,11,12,13,14,15,16,17,18,19,20,21,22,23,24,25,26,27,28,29,30,31,32	domain	domain	30
chr7	13720000	3	domain	domain	1
chr7	14000000	6	domain	domain	1
chr7	14680000	4,5,6,7,8,9,10,11,12,13,14,15,16,17,18,19,20,21,22,23,24,25,26,27,28,29,30,31,32	domain	domain	29
chr7	15040000	4,5,6,7,8,9,24,25,26,27,28,29,30,31,32	boundary,domain	domain	15
chr7	15200000	4,5,6,7,8,9,10,11,12,13,14,15,17,18,22	domain	boundary,domain	15
chr7	16080000	5,6,7,8,9,10,11,12,13,14,15,16,17	domain	domain	13
chr7	16400000	3	domain	domain	1
chr7	16640000	3,4,5,6,7,8,9,10,11,12,13,14,15,16,17,18,19,20,21,22,23,24,25,26,27,28,29,30,31,32	domain	boundary,domain	30
chr7	16920000	3,4,5,6,7,8,9,10,11,12,13,14,15,20,21	boundary,domain	domain	15
chr7	17680000	3,4,5,6,7,8,9,10,11,12,13,14,15,16,17,18,19,20,21	domain	domain	19
chr7	18320000	3,4,5,6,7,8,9,10,11	domain	domain	9
chr7	18680000	3,4,5,6,7,8,9	domain	domain	7
chr7	19080000	3,4,5,6,7,8,9,10,11	domain	domain	9
chr7	19440000	4	domain	domain	1
chr7	19680000	3,4,5,6,7,8,9,10,11,12,13,14,15,16,17,18,19,20,21,22,23,24,25,26,27,28,29,30,31,32	domain	domain	30
chr7	20720000	4,5,6,7,8,9,10,11,12,13,14,15,16,17,18,19,20,21,22,23,24,25,26,27,28,29,30,31,32	domain	domain	29
chr7	21240000	4,5,6,7,8,9,10	domain	domain	7
chr7	21520000	3,4,5,6	domain	domain	4
chr7	21720000	3	domain	domain	1
chr7	22080000	3,4,5,6,7,8,9	domain	domain	7
chr7	22480000	3,4,5,6,7,8,9,10,11,12,13,14,15,16,17,18,19,20,21,22,23,24,25,26,27,28,29,30,31,32	domain	gap	30
chr7	22520000	3,4,5,6,7,8,9,10,11,12,13,14,15,16,17,18,19,20,21,22,23,24,25,26,27,28,29,30,31,32	gap	domain	30
chr7	22800000	4,5,6	domain	domain	3
chr7	23040000	3,4	domain	domain	2
chr7	23120000	7,8,10,11,12	domain	boundary,domain	5
chr7	23240000	3,5,8,9,10,11,12,13,14,15,16,17	domain	domain	12
chr7	23520000	4,5,6,7,11,12,13,14,15,16,17,18,19,20,21,22,23,24	domain	boundary,domain	18
chr7	23760000	3,6,7,8,9,10,11,12,13,14,15,16,17,18,19,20,21,22,23,24,25,29	boundary,domain	domain	22
chr7	23840000	5	domain	domain	1
chr7	24320000	7,8,9	domain	boundary,domain	3
chr7	24400000	9,10,11,12,13	boundary,domain	domain	5
chr7	24720000	5,6,7,8,9,10,11,12	domain	domain	8
chr7	25160000	3,4,5,6,7,8,9,10,11,12,13,14,15,16,17,18,19,20,21,22,23,24,25,26,27,28,29,30,31,32	domain	domain	30
chr7	25400000	3,28	boundary,domain	boundary,domain	2
chr7	25600000	3,4,5,19,20,21,22,23,24,25,30	boundary,domain	boundary,domain	11
chr7	25880000	3,4,5,6,7,8,9,10,11,12,13,14,15,16,17,18,19,20,21,22,23,24,25,26,27,28,29,30,31,32	boundary,domain	domain	30
chr7	26080000	3,4	domain	domain	2
chr7	26360000	3,5,6,7,8	domain	domain	5
chr7	26680000	3,4,5,6,7,8,9,10,11	domain	domain	9
chr7	26760000	9	domain	domain	1
chr7	26880000	19,20,21,22,27,28,29	domain	boundary,domain	7
chr7	27160000	3,4,5,6,7,8,9,10,11,12,13,14,15,16,17,18,19,20,21,22,23,24,25,26,27,28,29,30,31,32	boundary,domain	domain	30
chr7	27600000	6	domain	domain	1
chr7	28120000	4,5,6,7,8,20,25,26,29,30,31,32	domain	boundary,domain	12
chr7	28200000	3,4,8,9,10,11,12,13,14,15,16,17,18,19,20,21,22,23,24,25,26,27,28,29,30,31	boundary,domain	domain	26
chr7	28640000	4	domain	domain	1
chr7	28880000	3,4,5,6,7,8,9,10,11,12,13,14,15,16,17,18	domain	domain	16
chr7	29160000	3,4,5,6	domain	domain	4
chr7	29440000	3,4,5	domain	domain	3
chr7	29680000	3,4,5,6,7,8,9,10,11,12,13,14,15,16,17,18,19,20,21,22,23,24,25,26,27,28,29,30,31,32	domain	gap	30
chr7	29720000	3,4,5,6,7,8,9,10,11,12,13,14,15,16,17,18,19,20,21,22,23,24,25,26,27,28,29,30,31,32	gap	domain	30
chr7	29920000	3	domain	domain	1
chr7	30000000	5,6	domain	domain	2
chr7	30120000	4,5,6,7,8,9	domain	domain	6
chr7	30640000	3,4,8,9,10,11,14,16,17,18,19,20,21	domain	boundary	13
chr7	30760000	3,4,5,6,7,8,9,10,11,12,13,14,15,16,17,18,19,20,21,22,23,24,25	boundary,domain	domain	23
chr7	31120000	3,4,5,6,7,8	domain	domain	6
chr7	31400000	3,4	domain	domain	2
chr7	31640000	3,4	domain	domain	2
chr7	31760000	3,4,5,6,7,8,9,10,11,12,13,14,15,16,17,18,19,20	domain	domain	18
chr7	32200000	3,4,5,6,7,8,9	domain	domain	7
chr7	32480000	3,4	domain	domain	2
chr7	32680000	3,4,5,6,7,8,9,10,11,12,13,14,15,16,17,18,19,20,21,22,23,24,25,26,27,28,29,30,31,32	domain	gap	30
chr7	32760000	3,4,5,6,7,8,9,10,11,12,13,14,15,16,17,18,19,20,21,22,23,24,25,26,27,28,29,30,31,32	gap	domain	30
chr7	32960000	3,4,5,6,7,8,9,10,11,12,13,14,15,16,17,18,19,20,21,22,23,24,25,26,27,28,29,30,31,32	domain	gap	30
chr7	33000000	3,4,5,6,7,8,9,10,11,12,13,14,15,16,17,18,19,20,21,22,23,24,25,26,27,28,29,30,31,32	gap	domain	30
chr7	33200000	3,4	domain	domain	2
chr7	33720000	5	domain	domain	1
chr7	33960000	3,4,5,6,7,8,9,10,11,12,13,14,15,16,17,18,19,20,21,22,23	domain	boundary,domain	21
chr7	34320000	3,4,5,6,7,8,9	domain	domain	7
chr7	34680000	3,5,6,7,8,9	domain	domain	6
chr7	35080000	3,4,5,6,7,8,9,10,11,12,13,14,15,16,17,18,19,20,21,22,23,24,25,26,27,28,29,30,31,32	domain	gap	30
chr7	35240000	3,4,5,6,7,8,9,10,11,12,13,14,15,16,17,18,19,20,21,22,23,24,25,26,27,28,29,30,31,32	gap	domain	30
chr7	35640000	3,4,5,6	domain	domain	4
chr7	35920000	3,4,5,6,7,8,9,10,11,12,13,14,15,16,17,18,19,20,21,22,23,24,25,26,27,28,29,30,31,32	domain	gap	30
chr7	35960000	3,4,5,6,7,8,9,10,11,12,13,14,15,16,17,18,19,20,21,22,23,24,25,26,27,28,29,30,31,32	gap	domain	30
chr7	36400000	3,4,5,6,7,8,9,10	domain	domain	8
chr7	36720000	3	domain	domain	1
chr7	37200000	3,4,5,6,7,8,9,10,11,12,13,14,15,16,17,18,19	domain	domain	17
chr7	37880000	3,4,5,6,7,8,9,10,11,12,13,14,15,16,17,18,19,20,21,22	domain	domain	20
chr7	38120000	4	domain	domain	1
chr7	38400000	3,4,5,6,7,8,9,10,11,12,13,14,15,16	domain	domain	14
chr7	38760000	5,6,8	domain	domain	3
chr7	38960000	3,4,5,6	domain	domain	4
chr7	39520000	3,4,5	domain	domain	3
chr7	39760000	3,4,5,6,7,8,9,10,11,12,13,14,15,16,17,18,19,20,21,22,23,24,25,26,27,28,29,30,31,32	domain	gap	30
chr7	39800000	3,4,5,6,7,8,9,10,11,12,13,14,15,16,17,18,19,20,21,22,23,24,25,26,27,28,29,30,31,32	gap	domain	30
chr7	40200000	4,5,6,7,8	domain	domain	5
chr7	41000000	4,5,6	domain	domain	3
chr7	41720000	3,4	domain	domain	2
chr7	41880000	3,4,5,6,7,8,9,10,11,12,13,14,15,16,17,18,19,20,21,22,23,24,25,26,27,28,29,30,31,32	domain	domain	30
chr7	42240000	3	domain	domain	1
chr7	42880000	3,4,5,6,7,8,9,10,11,12,13,14,15,16,17,18,19,20,21,22,23,24,25	domain	domain	23
chr7	43280000	3	domain	domain	1
chr7	43520000	3,4,5,6,7,8	domain	domain	6
chr7	43960000	3,4,5,6,7,8,9,10,11,12,13,14,15,16,17,18,19,20,21,22,23,24,25,26,27,28,29,30,31,32	domain	gap	30
chr7	44040000	3,4,5,6,7,8,9,10,11,12,13,14,15,16,17,18,19,20,21,22,23,24,25,26,27,28,29,30,31,32	gap	domain	30
chr7	44560000	4,5,6,7,8,9,10,11,12	domain	domain	9
chr7	44880000	3,4,5,6,17	domain	domain	5
chr7	45160000	3,4,5,7,8,9,10,11,12,13	domain	domain	10
chr7	45280000	5,6	domain	domain	2
chr7	45720000	3,4,5,6,7,8,9,10,11,12,13,14,15,16,17,18,19,20,21,22,23,24,25,26,27,28,29,30,31,32	domain	gap	30
chr7	45840000	3,4,5,6,7,8,9,10,11,12,13,14,15,16,17,18,19,20,21,22,23,24,25,26,27,28,29,30,31,32	gap	domain	30
chr7	46360000	7,8	domain	domain	2
chr7	46440000	4,5,6,9,10,11	domain	domain	6
chr7	46760000	4	domain	domain	1
chr7	47240000	3,4,5,6,7,8,9,10,11,12,13,14,15,16,17,18,19,20,21,22,23,24,25,26,27,28,29,30,31,32	boundary,domain	domain	30
chr7	47440000	3	domain	domain	1
chr7	47600000	3	domain	domain	1
chr7	47880000	3,4,5,6,7,8,9,10,11,12,13,14,15,16,17,18,19,21,22	domain	domain	19
chr7	48160000	3,4,5,6,7,8,9,10,11,12,13,14,15	boundary	domain	13
chr7	48840000	3,4,5,6,7,8,9,10,11,12,13,14,15,16,17,18,19,20,21,22,23,24,25,26,27,28,29,30,31,32	domain	gap	30
chr7	48880000	3,4,5,6,7,8,9,10,11,12,13,14,15,16,17,18,19,20,21,22,23,24,25,26,27,28,29,30,31,32	gap	boundary,domain	30
chr7	49280000	3,4,5,6,7,8,9,10	domain	boundary,domain	8
chr7	49560000	3,4,5,6,7,8,15	domain	domain	7
chr7	49760000	3,4,5,6	boundary,domain	domain	4
chr7	49880000	7,9,10,11,13	boundary	boundary	5
chr7	49960000	5,7,8,9,10,12,14,15,16,18,19,20,21,22,23,24,25,26	boundary,domain	boundary,domain	18
chr7	50040000	4,6,11,12,13,15,17	boundary,domain	domain	7
chr7	50440000	3,4,5,6,7,8,9,10,11,12,13,14,15,16,17,18,19,20,21,22,23,24,25,26,27,28,29,30,31,32	boundary,domain	domain	30
chr7	50720000	4,5,6	domain	domain	3
chr7	51000000	3,4	domain	domain	2
chr7	51160000	3,4,5,6,7,8	domain	domain	6
chr7	51400000	3,4,5,6,7,8,9,10,11,12,13,14,15,16,17,18,19,20,21,22,23,24,25,26,27,28,29,30,31,32	domain	domain	30
chr7	52080000	3	domain	domain	1
chr7	52280000	3,4,5,6,7,8,9,10,11	domain	domain	9
chr7	53120000	3,4,5,6,7,8,9,10,11,12,13,14,15,16,17,18,19,20,21,22,23,24,25,26,27,28,29,30,31,32	domain	gap	30
chr7	53160000	3,4,5,6,7,8,9,10,11,12,13,14,15,16,17,18,19,20,21,22,23,24,25,26,27,28,29,30,31,32	gap	domain	30
chr7	53480000	3,4,7	domain	domain	3
chr7	53600000	5,6,8,9,10	domain	domain	5
chr7	54200000	3,4,5,6,7,8,9,10,11,12,13,14,15,16,17,18,19,20,21,22,23,24,25,26,27,28,29,30,31,32	domain	gap	30
chr7	54240000	3,4,5,6,7,8,9,10,11,12,13,14,15,16,17,18,19,20,21,22,23,24,25,26,27,28,29,30,31,32	gap	domain	30
chr7	54400000	3	domain	domain	1
chr7	54760000	3,4,5,6,7,8,9,10,11	domain	domain	9
chr7	55040000	3	domain	domain	1
chr7	55280000	3,4,5,6,7,8,9	domain	domain	7
chr7	55440000	3	domain	domain	1
chr7	55680000	3,4,5,6,7,8,9,10,11,12,13,14,15,16,17,18,19,20,21,22,23,24,25,26,27,28,29,30,31,32	domain	gap	30
chr7	55760000	3,4,5,6,7,8,9,10,11,12,13,14,15,16,17,18,19,20,21,22,23,24,25,26,27,28,29,30,31,32	gap	domain	30
chr7	55920000	3	domain	domain	1
chr7	56120000	3,4,5	domain	domain	3
chr7	56360000	3,4,5,6,7,8,9,10,11,12,13,14,15,16,17,18,19,20,21,22,23,24,25,26,27,28,29,30,31,32	domain	gap	30
chr7	57120000	3,4,5,6,7,8,9,10,11,12,13,14,15,16,17,18,19,20,21,22,23,24,25,26,27,28,29,30,31,32	gap	domain	30
chr7	57440000	3,4,5,6,7,8,9,10,11,12,13,14,15,16,17,18,19,20,21,22,23,24,25,26,27,28,29,30,31,32	domain	gap	30
chr7	63000000	3,4,5,6,7,8,9,10,11,12,13,14,15,16,17,18,19,20,21,22,23,24,25,26,27,28,29,30,31,32	gap	domain	30
chr7	63240000	3,4,5,6,7,8,9,10,11,12,13,14,15,16,17,18,19,20,21,22,23,24,25,26,27,28,29,30,31,32	domain	gap	30
chr7	63840000	3,4,5,6,7,8,9,10,11,12,13,14,15,16,17,18,19,20,21,22,23,24,25,26,27,28,29,30,31,32	gap	domain	30
chr7	64160000	3,5,6	domain	domain	3
chr7	64280000	3,4,5,6,7,8,10	domain	domain	7
chr7	64640000	3,4,5,6,7,8	domain	domain	6
chr7	65000000	3,4,5,6,7,8,9,10,11,12,13,14,15,16,17,18,19,20,21,22,23,24,25,26,27,28,29,30,31,32	domain	gap	30
chr7	65240000	3,4,5,6,7,8,9,10,11,12,13,14,15,16,17,18,19,20,21,22,23,24,25,26,27,28,29,30,31,32	gap	domain	30
chr7	65480000	3,4,5,6,7,8,9,10,11,12,13,14,15,16,17,18,19,20,21,22,23,24,25,26,27,28,29,30,31,32	domain	gap	30
chr7	65800000	3,4,5,6,7,8,9,10,11,12,13,14,15,16,17,18,19,20,21,22,23,24,25,26,27,28,29,30,31,32	gap	domain	30
chr7	66040000	3,4,5	domain	domain	3
chr7	66520000	5,6,7,8,9,10,11	domain	domain	7
chr7	66800000	4,5	domain	domain	2
chr7	67160000	3,4,5,6,7,8,9,10,11,12,13,14,15,16,17,18,19,20,21,22,23,24,25,26,27,28,29,30,31,32	domain	gap	30
chr7	67320000	3,4,5,6,7,8,9,10,11,12,13,14,15,16,17,18,19,20,21,22,23,24,25,26,27,28,29,30,31,32	gap	domain	30
chr7	67520000	3	domain	domain	1
chr7	67640000	4,5,6	domain	domain	3
chr7	68160000	3,4,5,6,7,8,9,10	domain	domain	8
chr7	69000000	3	domain	domain	1
chr7	69080000	3,7,9,10,11	domain	domain	5
chr7	69200000	3	domain	domain	1
chr7	70000000	4,5,6,7,8,9,10,11,12,13,14,15,16,17	domain	domain	14
chr7	70120000	7	domain	domain	1
chr7	70200000	3,4	domain	domain	2
chr7	70760000	4,5,6,7,8,9,10,11,12,13,14,15,16,17,18,19,20,21,22,23,24,25,26,27,28,29,30,31,32	domain	domain	29
chr7	70880000	3	domain	domain	1
chr7	71080000	3,4	domain	domain	2
chr7	71760000	3,4,5,6,7,8,9,10,11,12,13,14,15,16,17,18	domain	domain	16
chr7	72600000	3,4,5,6,7,8,9,10,11,12,13,14,15,16,17,18,19,20,21,22,23,24,25,26,27,28,29,30,31,32	domain	gap	30
chr7	73320000	3,4,5,6,7,8,9,10,11,12,13,14,15,16,17,18,19,20,21,22,23,24,25,26,27,28,29,30,31,32	gap	domain	30
chr7	73600000	3,4,5,6	domain	domain	4
chr7	73760000	3,4,5,6,7,8,9,10	domain	domain	8
chr7	73880000	6	boundary	domain	1
chr7	74040000	3,4,6,7,8,9,10,11	domain	domain	8
chr7	74400000	3,4,5,6,7	domain	domain	5
chr7	74720000	3,4,5,6,7,8,9,10,11,12,13,14,15,16,17,18,19,20,21,22,23,24,25,26,27,28,29,30,31,32	domain	gap	30
chr7	75520000	3,4,5,6,7,8,9,10,11,12,13,14,15,16,17,18,19,20,21,22,23,24,25,26,27,28,29,30,31,32	gap	domain	30
chr7	75840000	3,4,5,6,7	domain	domain	5
chr7	76040000	3	domain	domain	1
chr7	76160000	3,4,5,6	domain	domain	4
chr7	76440000	3,4,5,6,7,8,9,10,11,12,13,14,15,16,17,18,19,20,21,22,23,24,25,26,27,28,29,30,31,32	domain	gap	30
chr7	77160000	3,4,5,6,7,8,9,10,11,12,13,14,15,16,17,18,19,20,21,22,23,24,25,26,27,28,29,30,31,32	gap	domain	30
chr7	77400000	3,4,5	domain	domain	3
chr7	77800000	3,4,5,6,7,8,9,10,11,12,13,14,15	domain	domain	13
chr7	77960000	6	domain	domain	1
chr7	78920000	4,5,6,7	domain	domain	4
chr7	79280000	4,5,6,7,8,9,10,11,12,13,14,15,16,17,18,19,20,21,22,23,24,25,26,27,28,29	boundary,domain	domain	26
chr7	79440000	19	boundary	domain	1
chr7	79600000	3,5,6,7	domain	domain	4
chr7	79720000	3	domain	domain	1
chr7	80040000	3,4,5,6,7,8,9,10,11,12,13,14,15,16,17,18,19,20,21,22,23,24,25,26,27,28,29,30,31,32	domain	domain	30
chr7	80400000	3,4,5,6,7,22,23,24,25,26,27,28,29	domain	domain	13
chr7	80680000	3,4,5,6,7,8,9,10,11,12,13,14,15,16,17,18,19,20,21,22,23,24	domain	domain	22
chr7	80920000	3,4,5	domain	domain	3
chr7	81480000	3,4,5,6,7,8,9,10,11,12,13,14,15,16,17,18,19,20,21,22,23	domain	domain	21
chr7	82000000	3,4,5,6,7,8,9,10,11,12,13,14,15	domain	domain	13
chr7	82480000	5	domain	domain	1
chr7	82760000	4,5,6,7,8,9,10,11,12,13,14,15,16,17,18,19,20,21,22,23,24,25,26,27,28	domain	domain	25
chr7	83320000	3,4,5,6,7,8,9,10,11,12,13,14	domain	boundary,domain	12
chr7	83400000	13,14,23,24,25,26,27,28,29,30,31,32	boundary,domain	boundary,domain	12
chr7	83680000	3,4,5	domain	domain	3
chr7	83840000	3,4,5,6,7,8,9,10,11,12,13,14,15,16,17,18,19,20,21,22,23,24,25,26,27,28,29,30,31,32	boundary,domain	domain	30
chr7	85040000	3,4,5,6,7,8,9,10,11,12,13,14,15,16,17,18,19,20,21,22,23	domain	domain	21
chr7	85480000	3,5,6,7,8	domain	domain	5
chr7	85920000	3,4,5,6,7,8,9,10,11,12,13,14,15,16,17,18,19,20,21,22,23,24,25,26,27,28,29,30,31,32	domain	boundary,domain	30
chr7	86280000	3,4,5,6,7,8,9,19,20,21,22,23,27,28,29,30,31,32	boundary,domain	domain	18
chr7	86360000	10	domain	domain	1
chr7	86600000	4,5,11,15,16	domain	domain	5
chr7	86880000	3,4,5,6,7,8,9,10,11,12,13,14,15,16,17,18,19,20,21,22,23,24,25,26,27,28,29,30,31,32	boundary,domain	boundary,domain	30
chr7	87280000	4,5,6,7,8,9,10,11,12,13,14,15,16,17,18,19,20,21,22,23,24,25,26,27,28,29,30,31,32	boundary,domain	boundary,domain	29
chr7	87480000	3,4,5,6,7,8,9,10,11,12,13,14,15,16,17,18,19,20	boundary,domain	domain	18
chr7	87760000	4	domain	domain	1
chr7	88200000	3,4,5,6,7,8,9,10,11,12,13,14,15,16,17,18,19,20,21,22,23,24,25,26,27,28,29,30,31,32	domain	boundary,domain	30
chr7	88360000	3,4,8,9	boundary,domain	domain	4
chr7	89640000	3	domain	domain	1
chr7	90120000	3,4,5,6,7,8,9,10,11,12,13,14,15,16,17,18,19,20,21,22,23,24,25,26,27,28,29,30,31,32	domain	gap	30
chr7	90160000	3,4,5,6,7,8,9,10,11,12,13,14,15,16,17,18,19,20,21,22,23,24,25,26,27,28,29,30,31,32	gap	domain	30
chr7	90440000	4,5,6	domain	domain	3
chr7	91040000	5,6,7,8,9,10,11,12,13,14,15,16,17,18,19	domain	domain	15
chr7	91480000	3	domain	domain	1
chr7	91880000	3,4,5,6,7,8,9,10,11,12,13,14,15,16,17,18,19,20,21,22,23,24,25,29,30	domain	boundary,domain	25
chr7	92240000	28	domain	boundary	1
chr7	92560000	4,5,6,7,8,9,10,11,12,13,14,15,16,17,18,19,20,21,22,23,24,25,26,27,28,29,30,31,32	boundary,domain	boundary,domain	29
chr7	92840000	3,4,25,27,28	boundary,domain	boundary,domain	5
chr7	93080000	5,6,7,8,9,10,11,12,13,14,15,16,17,18,19,20,21,22,23,24,25,26,27,28,29,30,31,32	boundary,domain	boundary,domain	28
chr7	93600000	3,4,5,6,7,8	domain	domain	6
chr7	94120000	3,6	domain	domain	2
chr7	94240000	3,4,8,9,10,12,13,24,26	domain	boundary,domain	9
chr7	94400000	3,4,5,6,7,8,9,10,11,12,13,14,15,16,17,18,19,20,21,22,23,24,25,26,27,28	boundary,domain	domain	26
chr7	95240000	3,4,5,6	domain	domain	4
chr7	95520000	3,4,5,6,7,8,9,10,11,12,13,14,15,16,17,18,19,20,21,22,23,24,25,26,28,29,30	domain	boundary,domain	27
chr7	95720000	3,4,5,6,7,8,9,10,11,12,13,14,15,16,17,18,19,20,21,22,23,24,25,26,27,28,29,30,31,32	boundary,domain	boundary,domain	30
chr7	95880000	3,7,8,9,10,11,12,13,14,15,16,17,20,21,22	boundary,domain	boundary,domain	15
chr7	96040000	3,4,5,7,8,9,12	boundary,domain	domain	7
chr7	96400000	3,4,5,6	domain	domain	4
chr7	97080000	3,4,5,6,7,8,9,10,11,12,13,14,15,16,17,18,19	domain	domain	17
chr7	97880000	3,4,5,6,7,8,9,10,11,12,13,14,15,16,17,18,19,20,21,22,23,24,25,26,27,28,29,30,31,32	domain	gap	30
chr7	98000000	3,4,5,6,7,8,9,10,11,12,13,14,15,16,17,18,19,20,21,22,23,24,25,26,27,28,29,30,31,32	gap	domain	30
chr7	98280000	3,4,5	domain	boundary,domain	3
chr7	98400000	3,4,5,6,7,8,9	boundary,domain	domain	7
chr7	98880000	3,4,5,6,7,8,9,10,11,12,13,14,15,16,17,18,19,20,21	domain	domain	19
chr7	99040000	3	domain	domain	1
chr7	99360000	3,4,5,6,7,17,19,21	domain	boundary,domain	8
chr7	99440000	3,8,9,10,11,12,13,14,15,16,17	boundary,domain	domain	11
chr7	99640000	3,4	domain	domain	2
chr7	99920000	4,5,6,7,8	domain	domain	5
chr7	100120000	3	domain	domain	1
chr7	100280000	3,4,5,6,7,8,9,10,11,12,13,14,15,16,17,18,19,20,21,22,23,24,25,26,27,28,29,30,31,32	domain	gap	30
chr7	100320000	3,4,5,6,7,8,9,10,11,12,13,14,15,16,17,18,19,20,21,22,23,24,25,26,27,28,29,30,31,32	gap	domain	30
chr7	100880000	3,4,5,6,7,8,9,10,11,12,13	domain	boundary,domain	11
chr7	100960000	11	boundary	boundary	1
chr7	101120000	3,4,5,6,8,9,12,13,14,15,16	boundary,domain	boundary,domain	11
chr7	101320000	3,4,5,6,7,8,9,10,11,12,13,14,15,16,17,18,19,21,22	boundary,domain	boundary,domain	19
chr7	101520000	3,4,5,6,7,8,9,10,11,12,13,16	boundary,domain	domain	12
chr7	101800000	4,5	domain	domain	2
chr7	102320000	3,4,5,6,7,8,9,10,11,12,13,14,15,16,17,18,19,20,21,22,23,24,25,26,27,28,29,30,31,32	domain	gap	30
chr7	102800000	3,4,5,6,7,8,9,10,11,12,13,14,15,16,17,18,19,20,21,22,23,24,25,26,27,28,29,30,31,32	gap	domain	30
chr7	103160000	3,4,5,6,7,8,9,10,11,12,13,14,15,16,17,18,19,20,21,22,23,24,25,26,27,28,29,30,31,32	domain	gap	30
chr7	103280000	3,4,5,6,7,8,9,10,11,12,13,14,15,16,17,18,19,20,21,22,23,24,25,26,27,28,29,30,31,32	gap	domain	30
chr7	103440000	3	domain	domain	1
chr7	104240000	5,6,7,8,9,10,11,12,13,14,15,16,17,18	domain	domain	14
chr7	104920000	3,4,5,6,7,8,9,10,11,12,13,14,15,16,17,18,19,20,21,22,23,24,25,26,27,28,29,30,31,32	domain	boundary,domain	30
chr7	105120000	3,4,28,32	boundary,domain	domain	4
chr7	105560000	4,5,6,7,8,9,10,11,12,13,14,15,16,17,18,19,20,21,22,23,24,25,26,27,28,29,30,31,32	domain	boundary,domain	29
chr7	105920000	16,29,30	boundary,domain	boundary	3
chr7	106040000	3,9,10,11,12,14,15,16,17,20	boundary,domain	boundary,domain	10
chr7	106160000	3,4,5,6,7,8,9,10,11,12,13,14,15,16,17,18,19,20,21,22,23,24,25,26,27,28,29,30,31,32	boundary,domain	boundary,domain	30
chr7	106520000	3,4,5,6,7,8,11,12,13,15,16,17,18,19,20,21,22,23,24,25,28,29,30,31,32	boundary,domain	boundary,domain	25
chr7	106760000	3,4,5,6,10,12,14,15,17,18,19,20,21,22,23,24,25,26,27,28,29,30,31,32	boundary,domain	boundary,domain	24
chr7	106920000	32	boundary	domain	1
chr7	107160000	3,4,5,6,7,8,9,10,11,12,13,14,15,16,17,18,19,20,21,22,23,24,25,26,27,28,29,30,31,32	domain	domain	30
chr7	107440000	5	domain	domain	1
chr7	107760000	3,4,7,9,10,13,17	domain	boundary	7
chr7	107920000	3,4,5,6,7,8,9,10,11,12,13,14,15,16,23	boundary,domain	boundary,domain	15
chr7	108160000	3,4,5,6,7,8,9,10,11,12,13,14,15,16,17,18,19,20,21,22,23,24,25,26,27,28,29,30,31,32	boundary,domain	boundary,domain	30
chr7	108560000	3,4,5,6,7,8,9,10,11,12,13,14,15,16,17,18,19,20,21,22,23,24,25,26,27,28,29,30,31,32	boundary,domain	domain	30
chr7	109840000	4,5,6,8,9,10,11,12,13,14,15,16	domain	domain	12
chr7	110480000	3,4,5,6,7,8,9,10,11,12,13,14	domain	domain	12
chr7	111560000	15,16,23	domain	boundary	3
chr7	111720000	3,4,5,6,7,8,9,10,11,12,13,14,15,16,17,18,19,20,21,22,23,24,25,26,27,28,29,30,31,32	boundary,domain	domain	30
chr7	112520000	3,4,5,6,7,8,9,10,11,12,13,14,15,16,17,18,19,20,21,22,23,24,25,26,27,28,29,30,31,32	boundary,domain	domain	30
chr7	112960000	3,4,5,6,7,8,9,10,11,24,25,26,27,28,29,30,31,32	domain	domain	18
chr7	113480000	3,4,5,6	domain	domain	4
chr7	113760000	4,5,6,7,8,9,10,11,12,13,14,15,16,17,18,19,20,21,22,23,24,25,26,27,28,29,30,31,32	domain	domain	29
chr7	113960000	3,4,5,6,7	boundary,domain	domain	5
chr7	114280000	3	domain	domain	1
chr7	114480000	3,4,5	domain	domain	3
chr7	114760000	14	domain	boundary	1
chr7	114840000	3,4,5,6,7,8,9,10,11,12,13,14,15,16	boundary,domain	domain	14
chr7	115720000	3,5,6,7,9	domain	domain	5
chr7	115920000	16,17	domain	boundary	2
chr7	116120000	3,4,5,6,7,8,9,10,11,12,13,14,15,16,17,18,19,20,21,22,23,24,25,26,27,28,29,30,31,32	boundary,domain	domain	30
chr7	116280000	3	domain	domain	1
chr7	116880000	3,4,5,6,7,8,9,10,11,12,13,14,15,16,17,18,19,20,21,22,23,24,25,26,27,28,29,30,31,32	domain	boundary,domain	30
chr7	117120000	3,4,5,6,7,8,13,14,15,16,17,18,19,20,21,22,23,24,25,26,27,28,29,30,31,32	boundary,domain	domain	26
chr7	117360000	6,7,9,10,11	domain	domain	5
chr7	117760000	3,4,5,6,7,8	domain	domain	6
chr7	118240000	4,5,6,7,8,9,10,11,12,13,14,15,16,17,18,19,20,21,22,23,24,25,26,27,28,29,30,31,32	domain	domain	29
chr7	119240000	3,4,5,6,7,8,9,10,11,12,13,14,15,18	domain	boundary,domain	14
chr7	119320000	8,9,14,16,20,21,22,30,31,32	boundary,domain	boundary,domain	10
chr7	119520000	22,23,24,25,26,27,28	boundary,domain	boundary,domain	7
chr7	119600000	5,6,7,8,12,13,14,15,16,17,18,19,20,21,23,27,29	boundary,domain	boundary,domain	17
chr7	119680000	3,4,5,7,8,9,10,11,28,29,30,32	boundary,domain	boundary,domain	12
chr7	119800000	31,32	boundary	domain	2
chr7	119880000	3,4,5,6,7,8,9,10,11,12,13,15	boundary,domain	domain	12
chr7	120640000	6,7,8,9,10,11,12,14,16,20,21,22,27,29,30,31,32	domain	boundary,domain	17
chr7	120760000	3,5,6,7,8,9,10,11,12,13,14,15,16,17,18,19,20,21,22,23,24,25,26,27,28,29,30,31,32	boundary,domain	boundary,domain	29
chr7	120960000	3,10,11,12,13,14,15,16,17,18,19,20,21,22,23,24,25,27,28,29,30,31,32	boundary,domain	boundary,domain	23
chr7	121120000	3,4,5,6,7,8,9,10,11,12,13,14,15,16,17,18,19,20,21,22,23,24,25,26,27,28,29,30,31,32	boundary,domain	domain	30
chr7	121360000	4,5	domain	domain	2
chr7	121600000	3,4,5,6,7,8,9	domain	domain	7
chr7	122040000	4,5,6,7,8,9,10,11,12,23,26,27,28,29,30,31,32	domain	boundary,domain	17
chr7	122120000	4,5,6,7,12,13,14,15,16,17,18,19,20,21,22,23,24,25,28,30,32	boundary,domain	domain	21
chr7	122560000	3,4,5,6,7,8	domain	domain	6
chr7	122880000	5,6	domain	domain	2
chr7	123160000	3,4,5	domain	domain	3
chr7	123240000	12	domain	domain	1
chr7	123440000	3,4,5,6,7,8,9,10,11,12,13,14,15,16,17,18,19,20,21,22,23,24,25,26,27,28,29,30,31,32	domain	boundary,domain	30
chr7	123800000	3,18,19,21,22,23,24,25,28,32	boundary,domain	boundary,domain	10
chr7	123920000	4,5,7,8,9,10,11,12,13,14,15,16,17,18,19,20,21,24,25,26,27,29,30,31	boundary,domain	boundary,domain	24
chr7	124120000	3,4,5,6,7,8,9,10,11,12,13,14,15,17,18	boundary,domain	domain	15
chr7	124680000	4	domain	domain	1
chr7	124880000	3,4,5,6,7,8,9,10,11,12,13,14,15,16,17,18,19,20,21,22,23,24,25,26,27,28,29,30,31,32	domain	domain	30
chr7	125000000	5	domain	domain	1
chr7	125320000	3,4	domain	domain	2
chr7	125720000	3,4,5,6,7,8,9,10,11,12,13	domain	boundary,domain	11
chr7	125920000	10,11,13,14,15,16,19,20,22	domain	boundary,domain	9
chr7	126080000	3,4,5,6,7,10,11,12,14,15,16,17,18	domain	domain	13
chr7	126200000	5,6,8,9	domain	domain	4
chr7	126280000	4,11	domain	domain	2
chr7	126400000	3,4,5,6,7	domain	domain	5
chr7	126880000	3,4,5,6,7,8,9,10,11,12,13,14,15,16,17,18,19,20,21,22,23,24,25,26,27,28,29,30,31,32	domain	gap	30
chr7	126920000	3,4,5,6,7,8,9,10,11,12,13,14,15,16,17,18,19,20,21,22,23,24,25,26,27,28,29,30,31,32	gap	domain	30
chr7	127080000	3	domain	domain	1
chr7	127320000	3,4,5,6,7,8	domain	domain	6
chr7	127560000	3,4,5,6,7,8,9,10,11,12,13,14,15	domain	boundary,domain	13
chr7	127640000	5,6,9	boundary	domain	3
chr7	128120000	3,4	domain	domain	2
chr7	128320000	4	domain	domain	1
chr7	128400000	3	domain	domain	1
chr7	128560000	3,4,5,6,7,8,9,10,11,12,13,14,15,16,17,18,19,20,21,22,23,24,25,26,27,28,29,30,31,32	domain	gap	30
chr7	128640000	3,4,5,6,7,8,9,10,11,12,13,14,15,16,17,18,19,20,21,22,23,24,25,26,27,28,29,30,31,32	gap	domain	30
chr7	128880000	3,5	domain	domain	2
chr7	129160000	3,4,5,6,7,8,9,10,11,12	domain	domain	10
chr7	129840000	3,4	domain	domain	2
chr7	130040000	3,4,5,6,7,8,9,10,11,12,13,14,15,16,17,18,19,20,21,22,23	domain	boundary,domain	21
chr7	130200000	3,4,5,7,10	domain	domain	5
chr7	130880000	3,4,5,6,7,8,9,10,11,12,13,14,15,16,17,18,19,20,21,22,23,24,25,26,27,28,29,30,31,32	domain	boundary,domain	30
chr7	131040000	3,4,5,6,22,23,25,27,31,32	boundary,domain	boundary,domain	10
chr7	131480000	3,4,5	domain	domain	3
chr7	131560000	30	boundary	boundary	1
chr7	131680000	3,4,5,6,7,8,9,10,11,12,13,14,15,16,17,18,19,20,21,22,23,24,25,26,27,28,29,30,31,32	boundary,domain	domain	30
chr7	131920000	3	domain	domain	1
chr7	132320000	3,4,5,6,7,8,9,10	domain	domain	8
chr7	132640000	4,7,8,9,10,11,12,13,14,15,16,17,18,19,20,21	domain	domain	16
chr7	133120000	3,4	domain	domain	2
chr7	134000000	3	domain	domain	1
chr7	134400000	3,4,5,6,7,8,9,10,11,12,13,14,15,16,17,18,19,20,21,22,23,24,26,27,28,29,31,32	domain	domain	28
chr7	134640000	3,4,5,6,7,8,10,11,14,16,17,18,19,20,23,24,25,26,27,28,29,30,31,32	domain	domain	24
chr7	134960000	3,4,5,6	domain	domain	4
chr7	135200000	3,4,5,6,7,8,9,10,11,12,13,14,15,16,17,18,19,20,21,22,23,24,25,26,27,28,29,30,31,32	boundary,domain	boundary,domain	30
chr7	135640000	4,5,6,7,8,9,10,11,12,13,14,15,16,17,18,19,20,21,22,23,24,25,26,27,28,29,30,31,32	boundary,domain	boundary,domain	29
chr7	136040000	3,4,5,18,19,20,21,22,23,25,26,27,28,29,30,31,32	boundary,domain	domain	17
chr7	136160000	20	domain	domain	1
chr7	136400000	3,4,5,6,7,8,9,10,11,12,13,16,17,18,19	domain	domain	15
chr7	136800000	3,4,5,7,8	domain	domain	5
chr7	137160000	3,4,5,6,7,8	domain	domain	6
chr7	137440000	3,4	domain	domain	2
chr7	137600000	3,4,5,6,7,8,9,10,11,12,13,14,15,16,17,18,19,20,21,22,23,24,25,26,27,28,29,30,31,32	domain	boundary,domain	30
chr7	137880000	3,4,16,17,18,19,20,21,22,23,24,27,28,29,30,31,32	boundary,domain	boundary,domain	17
chr7	138040000	3,4,5,6,7,8,9,10,11,12,13,14,15,16,17,18,19,20,21,22,23,24,25,26,27,28,29,30,31,32	boundary,domain	domain	30
chr7	138440000	3,4	domain	domain	2
chr7	138840000	3,4,5,6,7,8,9,10,11,12,13,14,15,16,17,18,19,20,21,22,23,24,25,26,27,28,29,30,31,32	boundary,domain	boundary,domain	30
chr7	139200000	5,14,15,16,17,18,19,20,21,22,23,24,25,26,27,28,29,30,31,32	boundary	boundary,domain	20
chr7	139280000	13,14,15,16,17,18,19	boundary	boundary,domain	7
chr7	139360000	5,6,7,8,9,10,11,12,14,15	boundary,domain	boundary,domain	10
chr7	139440000	3,4,5,6,7,8,11,13	boundary,domain	domain	8
chr7	139800000	3	domain	domain	1
chr7	140080000	3,4,5,6,7,8,9,10,11,12,13,14,19,30	domain	boundary,domain	14
chr7	140400000	3,4,5,6,12,16,18,27,28,30,31,32	boundary,domain	boundary,domain	12
chr7	140480000	7,8,9,10,11,12,13,14,15,16,17,18,19,20,21,22,23,24,25,26,27,28,29,30,31,32	boundary,domain	boundary,domain	26
chr7	140680000	3,4,5,6,7,8,9,10,11,12,13,14,15,16,17,18,19,20,21,22,23,24,25,26,27,28,29,30,31,32	boundary,domain	boundary,domain	30
chr7	141000000	3,4,5,6,7,8,9,12,13,14,32	boundary,domain	domain	11
chr7	141520000	3	domain	domain	1
chr7	141680000	10,12	domain	boundary	2
chr7	141800000	4,5,6,7,8,9,10,11,12,13,14,15,16,17,18,20,21,22,23,24,25,26,28,29,30,31,32	boundary,domain	boundary,domain	27
chr7	141880000	7,19,27	boundary,domain	domain	3
chr7	141960000	4,5	domain	domain	2
chr7	142440000	3,4,5,6,7,8,9,10,11,12,13,14,15,16,17,18,19,20,21,22,23,24,25	domain	domain	23
chr7	142840000	3,4,5,6,7,8,9,10,11,12,13,14,15,16	domain	domain	14
chr7	143000000	3,4,5,9,10,11,12	domain	domain	7
chr7	143240000	3,4,5,6	domain	domain	4
chr7	143520000	3,4,5,6,7,8,9,10,11,12,13,14,15,16,17,18,19,20,21,22,23,24,25,26,27,28,29,30,31,32	domain	gap	30
chr7	143880000	3,4,5,6,7,8,9,10,11,12,13,14,15,16,17,18,19,20,21,22,23,24,25,26,27,28,29,30,31,32	gap	domain	30
chr7	144160000	3,4,5,6,7,8,9,10,11,12,13,14,15,16,17,18,19,20,21,22,23,24,25,26,27,28,29,30,31,32	domain	gap	30
chr7	144360000	3,4,5,6,7,8,9,10,11,12,13,14,15,16,17,18,19,20,21,22,23,24,25,26,27,28,29,30,31,32	gap	domain	30
chr7	144680000	3	domain	domain	1
chr7	144920000	5,6,8,9,10	domain	domain	5
chr7	145040000	8,11,12,14,16	domain	domain	5
chr7	145240000	3,4,5,6	domain	domain	4
chr7	145320000	4,6	domain	domain	2
chr7	145560000	5	domain	domain	1
chr7	145680000	6	domain	domain	1
chr7	146080000	4,5,6,7,8,9,10,11,12,13,14,15,16,17,18,19,20,21,22,23,24,25,26,27,28,29	domain	domain	26
chr7	146200000	3	domain	domain	1
chr7	146680000	3	domain	domain	1
chr7	146960000	3	domain	domain	1
chr7	147240000	5,6,7,8,9,10,11,12,13	domain	domain	9
chr7	147560000	3	domain	domain	1
chr7	148080000	3,4,5,6,7,8,9,10	domain	boundary,domain	8
chr7	148160000	11	domain	boundary	1
chr7	148240000	3,4,5,6,7,8,9,10,11,12,13,14,15,16,17,18,19,20,21,22,23,24,25,26	boundary,domain	boundary,domain	24
chr7	148520000	3,4,5,6,7,8,9,10,11,12,13,14,15,16,17,18,19,20,21,22,23,24,25,26,27,28,29,30,31,32	boundary,domain	boundary,domain	30
chr7	149000000	4,5,6,7,8,9,10,11,12,13,14,15,16,17,18,19,20,21	boundary,domain	boundary,domain	18
chr7	149120000	3,5,6,7,8,9,10,11,12,13,14,15,16,17,18	boundary,domain	domain	15
chr7	149280000	3	domain	domain	1
chr7	149600000	3,4	domain	domain	2
chr7	149880000	3,4,5,6,7,8,9,10,11,12,13,14,15,16,17,18,19,20,21,22,23,24,25,26,27,28,29,30,31,32	domain	gap	30
chr7	150320000	3,4,5,6,7,8,9,10,11,12,13,14,15,16,17,18,19,20,21,22,23,24,25,26,27,28,29,30,31,32	gap	domain	30
chr7	150760000	3,4,5,6	domain	domain	4
chr7	150880000	7,8,9,10	domain	boundary	4
chr7	151040000	3,4,5,6,7,8,9,10,11,12,13,14,15,16,17,18,19	boundary,domain	boundary,domain	17
chr7	151200000	21	domain	domain	1
chr7	151320000	5	domain	domain	1
chr7	151760000	3,4,5	domain	domain	3
chr7	151960000	3,4	domain	domain	2
chr7	152200000	3,4,5,6,7,8,9,10,11,12,13,14,15,16,17,18,19,20,21,22,23,24,25,26,27,28,29,30,31,32	domain	gap	30
chr7	152240000	3,4,5,6,7,8,9,10,11,12,13,14,15,16,17,18,19,20,21,22,23,24,25,26,27,28,29,30,31,32	gap	domain	30
chr7	152760000	3,4,5,6,7,8,9,10,11,12,13,14,15,16,17,18,19,20,21,22,23,24,25,26,27,28,29,30,31,32	domain	gap	30
chr7	152840000	3,4,5,6,7,8,9,10,11,12,13,14,15,16,17,18,19,20,21,22,23,24,25,26,27,28,29,30,31,32	gap	domain	30
chr7	153160000	3	domain	domain	1
chr7	153320000	3,4,5,6	domain	domain	4
chr7	153720000	3,4,5,6,7,8,9,10,11,12,13,14,15,16,17,18,19,20,21,22,23,24,25,26,27,28,29,30,31,32	domain	gap	30
chr7	154160000	3,4,5,6,7,8,9,10,11,12,13,14,15,16,17,18,19,20,21,22,23,24,25,26,27,28,29,30,31,32	gap	domain	30
chr7	154560000	4,5	domain	domain	2
chr7	154800000	3,4,5,6,7,8,9,10,11,12,13,14,15	domain	domain	13
chr7	155000000	3,4,5	domain	domain	3
chr7	155360000	3,4,5,6,7,8,9,10,18,19,20,21,22,23,24,25,26,27,28,29	domain	boundary,domain	20
chr7	155440000	10	boundary	domain	1
chr7	155560000	4,10,11,13,14,15,16,17,19	domain	boundary,domain	9
chr7	155760000	3,4,5,6,7,8,9,10,11,12,13,14,15,16,17,18,19,20,21,22,23,24,25,26,27,28,29,30,31,32	boundary,domain	domain	30
chr7	156440000	3,5	domain	domain	2
chr7	156880000	3,4,5,6,7,8,9,10,11,12,13,14,15,16,17,18,19,20,21,22,23,24,25,26,27,28,29,30,31,32	domain	boundary,domain	30
chr7	157240000	4,5	domain	domain	2
chr7	157400000	3,4,5,6,7,8,9,10,11,12,13,14,15,16,17,18,19,20,21,22	boundary,domain	domain	20
chr7	157960000	3	domain	domain	1
chr7	158320000	3,4,5,6,7,8,9,10,11,12,13,14,15,16,17,18,19,20,21,22,23,24,25,26,27,28,29,30,31,32	domain,gap	gap	30
chr7	158360000	3,4,5,6,7,8,9,10,11,12,13,14,15,16,17,18,19,20,21,22,23,24,25,26,27,28,29,30,31,32	gap	domain	30
chr7	158680000	3,4,5,6,7	domain	domain	5
chr7	159000000	3,4,5,6,7	domain	domain	5
chr7	159345973	3,4,5,6,7,8,9,10,11,12,13,14,15,16,17,18,19,20,21,22,23,24,25,26,27,28,29,30,31,32	domain	gap	30
chr8	160000	3,4,5,6,7,8,9,10,11,12,13,14,15,16,17,18,19,20,21,22,23,24,25,26,27,28,29,30,31,32	domain	gap	30
chr8	440000	3,4,5,6,7,8,9,10,11,12,13,14,15,16,17,18,19,20,21,22,23,24,25,26,27,28,29,30,31,32	gap	domain	30
chr8	720000	3,4,5	domain	domain	3
chr8	1000000	3,4,5,6,7,8,9,10,11,12,13,14,15,16,17,18,19,20,21,22,23,24,25,26,27,28,29,30,31,32	domain	gap	30
chr8	1040000	3,4,5,6,7,8,9,10,11,12,13,14,15,16,17,18,19,20,21,22,23,24,25,26,27,28,29,30,31,32	gap	domain	30
chr8	1240000	3,4,5,6,7,8,9,10,11,12,13,14,15,16,17,18,19,20,21,22,23,24,25,26,27,28,29,30,31,32	domain	gap	30
chr8	1280000	3,4,5,6,7,8,9,10,11,12,13,14,15,16,17,18,19,20,21,22,23,24,25,26,27,28,29,30,31,32	gap	domain	30
chr8	1560000	3,4,5,6,7,8,9,10,11,12,13,14,15,16,17,18,19,20,21,22,23,24,25,26,27,28,29,30,31,32	domain	gap	30
chr8	1600000	3,4,5,6,7,8,9,10,11,12,13,14,15,16,17,18,19,20,21,22,23,24,25,26,27,28,29,30,31,32	gap	domain	30
chr8	1800000	3,4,5,6,7,8,9,10,11,12,13,14,15,16,17,18,19,20,21,22,23,24,25,26,27,28,29,30,31,32	domain	gap	30
chr8	1840000	3,4,5,6,7,8,9,10,11,12,13,14,15,16,17,18,19,20,21,22,23,24,25,26,27,28,29,30,31,32	gap	domain	30
chr8	2080000	3	domain	domain	1
chr8	2240000	3,4,5,6,7,8,9,10,11,12,13,14,15,16,17,18,19,20,21,22,23,24,25,26,27,28,29,30,31,32	domain	gap	30
chr8	2480000	3,4,5,6,7,8,9,10,11,12,13,14,15,16,17,18,19,20,21,22,23,24,25,26,27,28,29,30,31,32	gap	domain	30
chr8	2840000	3,4,5,6,7,8	domain	boundary,domain	6
chr8	2960000	8,9	boundary,domain	boundary,domain	2
chr8	3080000	4,10,11,12,13	domain	domain	5
chr8	3200000	8,9	boundary,domain	boundary,domain	2
chr8	3280000	3,4,5,6,7	domain	domain	5
chr8	3520000	3,4,5,6,8,10	boundary,domain	domain	6
chr8	3880000	3	domain	domain	1
chr8	4040000	3,4,5,6,7,8,9,10,11,12,13,14,15,16,17,18,19,20,21,22,23,24,25,26,27,28,29,30,31,32	domain	gap	30
chr8	4080000	3,4,5,6,7,8,9,10,11,12,13,14,15,16,17,18,19,20,21,22,23,24,25,26,27,28,29,30,31,32	gap	domain	30
chr8	4280000	3,4,5,6,7,8,9,10,11,12,13,14,15,16,17,18,19,20,21,22,23,24,25,26,27,28,29,30,31,32	domain	gap	30
chr8	4320000	3,4,5,6,7,8,9,10,11,12,13,14,15,16,17,18,19,20,21,22,23,24,25,26,27,28,29,30,31,32	gap	domain	30
chr8	4800000	4,5,6,7,8,9	domain	domain	6
chr8	5040000	3,4,5,6,7,9	domain	domain	6
chr8	5400000	3,4,5,6,7,8,9,10,11,12,13,14,15,16,17,18,19,20,21,22,23,24,25,26,27,28,29,30,31,32	domain	gap	30
chr8	5440000	3,4,5,6,7,8,9,10,11,12,13,14,15,16,17,18,19,20,21,22,23,24,25,26,27,28,29,30,31,32	gap	domain	30
chr8	6240000	8,10,11,12,13,15	domain	boundary,domain	6
chr8	6400000	3,4,5,6,7,8,9,10,11,12,13	boundary,domain	domain	11
chr8	6960000	3,4,5,6,7,8,9,10,11,12,13,14,15,16,17,18,19,20,21,22,23,24,25,26,27,28,29,30,31,32	domain	gap	30
chr8	8240000	3,4,5,6,7,8,9,10,11,12,13,14,15,16,17,18,19,20,21,22,23,24,25,26,27,28,29,30,31,32	gap	domain	30
chr8	8760000	3,4,5,6,7,8,9,10,11,12	domain	domain	10
chr8	9040000	3,4,5,6,7,8,9,10,11,12,13,14,15,16,17,18	domain	domain	16
chr8	9160000	3,4,8,9,12,13,14,15,19,20,21,22	boundary,domain	domain	12
chr8	9360000	3,4,5,6,7	domain	domain	5
chr8	9760000	4,5,6	domain	boundary	3
chr8	9840000	3,4,5,6,7,8,9,10,11,12,13,14,15,16,17,18,19,20,21,22,23,24,25,26,27,28,29,30,31,32	boundary,domain	boundary,domain	30
chr8	10400000	5,6,7,8,9,10,11	domain	boundary,domain	7
chr8	10520000	3,11,12	boundary,domain	domain	3
chr8	10880000	3,4,5,6,7,8,9,10,11,12,13,14,15,16,17,18,20,21,22,23,24,25	domain	domain	22
chr8	11320000	3,4,5,6,7,8,9,10,11,12,13,14	domain	domain	12
chr8	11560000	3,4	domain	domain	2
chr8	11760000	3	domain	domain	1
chr8	11920000	3,4,5,6,7,8,9,10,11,12,13,14,15,16,17,18,19,20,21,22,23,24,25,26,27,28,29,30,31,32	domain	gap	30
chr8	12720000	3,4,5,6,7,8,9,10,11,12,13,14,15,16,17,18,19,20,21,22,23,24,25,26,27,28,29,30,31,32	gap	domain	30
chr8	13040000	4,6,7	domain	domain	3
chr8	13720000	3,4,5,6,7,8,9,10,11,12,13	domain	domain	11
chr8	13920000	4	domain	domain	1
chr8	14120000	3	domain	domain	1
chr8	14280000	3,4,5,6,7,8,9,10,11,12,13,14,15,16,17,18,19,20,21,22,23,24,25,26,27,28,29,30,31,32	domain	gap	30
chr8	14320000	3,4,5,6,7,8,9,10,11,12,13,14,15,16,17,18,19,20,21,22,23,24,25,26,27,28,29,30,31,32	gap	domain	30
chr8	14680000	3,4,5,6,7,8,9,10,11,12,13,14,15,16,17,18,19,20,21,22,23,24,25,26,27,28,29,30,31,32	domain	gap	30
chr8	14720000	3,4,5,6,7,8,9,10,11,12,13,14,15,16,17,18,19,20,21,22,23,24,25,26,27,28,29,30,31,32	gap	domain	30
chr8	14920000	3,4,5,6,7,8,9,10,11,12,13,14,15,16,17,18,19,20,21,22,23,24,25,26,27,28,29,30,31,32	domain	gap	30
chr8	14960000	3,4,5,6,7,8,9,10,11,12,13,14,15,16,17,18,19,20,21,22,23,24,25,26,27,28,29,30,31,32	gap	domain	30
chr8	15400000	3,4,5,6,7,8,9	domain	domain	7
chr8	15760000	4,5,6,7,8	domain	domain	5
chr8	16320000	3,4,5,6,7,8,9,10,11,12,13,14,15,16,17,18,19,20,21,22,23,24,25,26,27,28,29,30,31,32	domain	gap	30
chr8	16440000	3,4,5,6,7,8,9,10,11,12,13,14,15,16,17,18,19,20,21,22,23,24,25,26,27,28,29,30,31,32	gap	domain	30
chr8	16760000	3	domain	domain	1
chr8	16920000	3,4,5,6,7,8,9,10,11,12,13,14,15,16,17,18,19,20,21,22,23,24,25,26,27,28,29,30,31,32	domain	gap	30
chr8	16960000	3,4,5,6,7,8,9,10,11,12,13,14,15,16,17,18,19,20,21,22,23,24,25,26,27,28,29,30,31,32	gap	boundary,domain	30
chr8	17120000	3	domain	domain	1
chr8	17240000	4,5,6	domain	domain	3
chr8	17560000	5,6,7	domain	domain	3
chr8	17960000	3,4,5,6,7,8,9,10,11,12,13,14,15,16,17,18,19,20,21,22,23	domain	domain	21
chr8	18720000	3	domain	domain	1
chr8	18880000	3,4,5,6,7,8,9,10,11,12,13,14,15,16,17,18,19,20,21,22,23,24,25,26,27,28,29,30,31,32	boundary,domain	boundary,domain	30
chr8	19320000	3,4,5,6,7,8,9,10,11,12,13,14,15,16,17,18,19,20,21,22,23,24,25,26,27,28,29,30,31,32	boundary,domain	domain	30
chr8	19840000	3,4,5,6,7,8,9,10,11,12,13,14,15,16,17,18,19,20,21,22,23,24,25,26,27,28,29,30,31,32	boundary,domain	boundary,domain	30
chr8	20200000	3,4,5,6,7,8,9,10,11,12,13,14,15,16,17,18,19,20,21,22,23,24,25,26,27,28,29,30,31,32	boundary,domain	boundary,domain	30
chr8	20400000	3,4,5,6,7,8,9,10,11,12,13,14,15	boundary,domain	domain	13
chr8	20520000	3	domain	domain	1
chr8	21280000	4	domain	domain	1
chr8	21920000	3,4,5,6,7,8,9,10,11,12,13,14,15,16,17,18,19,20,21,22,23,24,25,26,27,28,29,30,31,32	domain	boundary,domain	30
chr8	22160000	3,4,5,6,7,8,9,10,11,14,15,20,21,23,28,29,30,31	boundary,domain	boundary,domain	18
chr8	22360000	4,12,18,26,32	boundary,domain	boundary,domain	5
chr8	22600000	3,4,5,6,7,8,9,10,11,12,13,14,15,16,17,18,19,20,21,22,23,24,25,26,27,28,29,30,31,32	boundary,domain	boundary,domain	30
chr8	22920000	3,4	domain	domain	2
chr8	23040000	3,4,5,6,7,8,9,10,11,12,13,14,15,16,17,18,19,20,21,22,23,24,25,26,27,28,29,30,31,32	boundary,domain	boundary,domain	30
chr8	23440000	3,4,5,6,7,8,9,10,11,12,13,14,15,16,17,18,19,20,21,22,23,24	boundary,domain	domain	22
chr8	23760000	6,7,8,9,10,11	domain	domain	6
chr8	23880000	6	domain	domain	1
chr8	24200000	3,4,5	domain	domain	3
chr8	24440000	3,4,5,6,7,8,9,10,11,12,13,14,15,16,17,18,19,20,21,22,23,24,25,26,27,28,29,30,31,32	domain	gap	30
chr8	24480000	3,4,5,6,7,8,9,10,11,12,13,14,15,16,17,18,19,20,21,22,23,24,25,26,27,28,29,30,31,32	gap	domain	30
chr8	24880000	3	domain	domain	1
chr8	25120000	3,4,5,6,7,8,9,10,11,12,13,14,15,16,17,18,19,20,21,22,23,24,25,26,27,28,29,30,31,32	domain	gap	30
chr8	25160000	3,4,5,6,7,8,9,10,11,12,13,14,15,16,17,18,19,20,21,22,23,24,25,26,27,28,29,30,31,32	gap	domain	30
chr8	25480000	3,4,5,6,7	domain	domain	5
chr8	25920000	3,4,5	domain	domain	3
chr8	26080000	3,4,5,6	domain	domain	4
chr8	26360000	3,4,5,6,7,8,9,10,11,12,13,14,15,16,17,18,19,20,21,22,23,24,25,26,27,28,29,30,31,32	domain	gap	30
chr8	26400000	3,4,5,6,7,8,9,10,11,12,13,14,15,16,17,18,19,20,21,22,23,24,25,26,27,28,29,30,31,32	gap	domain	30
chr8	26680000	3,4,5,6	domain	domain	4
chr8	27280000	3,4,5,6,7,8,9,10,11,12,13,14,15,16,17,18,19,20,21	domain	boundary,domain	19
chr8	27440000	13,14,15,16,17,18,19,20,21,25	boundary,domain	boundary,domain	10
chr8	27600000	3,4,5,6,9,11,13,14,15,16,17,19,20,21,22,23,24,25,28,29	boundary,domain	boundary,domain	20
chr8	27760000	3,4,5,6,7,8,9,10,11,12,13,14,15,16,17,18,19,20,21,22,23,24,25,26,27,28,29,30,31,32	boundary,domain	boundary,domain	30
chr8	28000000	3,4,5,6,13,16,17,18,19,20,21,22,23,24,25,26,29,30	boundary,domain	domain	18
chr8	28360000	3,4,5,6,7,12,13,14,15,16,17,18,19,20,21,22	domain	boundary,domain	16
chr8	28480000	6,7,8,9,10,11,12,13,14,15,16,17	boundary,domain	domain	12
chr8	29280000	3,4,5,6,7,8,9,10,11,12,13,14,15,16,17,18,19,20,21,22,23,24,25,26,27,28,29,30,31,32	domain	gap	30
chr8	29320000	3,4,5,6,7,8,9,10,11,12,13,14,15,16,17,18,19,20,21,22,23,24,25,26,27,28,29,30,31,32	gap	domain	30
chr8	30080000	5,6,7,11	domain	boundary	4
chr8	30200000	3,4,5,6,7,8,9,10,11,12,13,14,15,16,17,18,19,20,21	domain	boundary	19
chr8	30400000	15,16	boundary	boundary	2
chr8	30640000	3,4,5,6,7,8,9,10,11,12,13,14,15,16,17,18,19,20,21,22,23,24,25,26,27,28,29,30,31,32	boundary,domain	boundary,domain	30
chr8	30840000	3,4,15,16,29,31	boundary,domain	boundary,domain	6
chr8	31240000	3,4,5,6,7,8,9,10,11,12,13,14,15,16,17,18,19,20,21,22,23,24,25,26,27,28,29,30,31,32	domain	domain	30
chr8	31560000	3,5,6	domain	domain	3
chr8	31720000	4,5,6,7	domain	domain	4
chr8	31920000	3,4	domain	domain	2
chr8	32040000	6,7	domain	domain	2
chr8	32560000	3,4,5	domain	domain	3
chr8	32800000	3,4,5,6,7,8,9,10,11,12,13,14,15,16,17,18,19,20,21,22,23,24,25,26,27,28,29,30,31,32	domain	gap	30
chr8	32840000	3,4,5,6,7,8,9,10,11,12,13,14,15,16,17,18,19,20,21,22,23,24,25,26,27,28,29,30,31,32	gap	domain	30
chr8	33360000	3,4,5,6,9	domain	domain	5
chr8	33640000	3,4,5,6,7	domain	domain	5
chr8	33960000	3,4,5,6,7,8,9,10,11,12,13,14,15,16,17,18,19,20,21,22,23,24,25,26,27,28,29,30,31,32	domain	gap	30
chr8	34000000	3,4,5,6,7,8,9,10,11,12,13,14,15,16,17,18,19,20,21,22,23,24,25,26,27,28,29,30,31,32	gap	domain	30
chr8	34200000	3,4,5,6,7,8,9,10,11,12,13,14,15,16,17,18,19,20,21,22,23,24,25,26,27,28,29,30,31,32	domain	gap	30
chr8	34240000	3,4,5,6,7,8,9,10,11,12,13,14,15,16,17,18,19,20,21,22,23,24,25,26,27,28,29,30,31,32	gap	domain	30
chr8	34720000	3,4,5,6,7,8,9,10,11,12,13,14,15,16,17,18,19,20,21,22,23,24,25,26,27,28,29,30,31,32	domain	gap	30
chr8	34760000	3,4,5,6,7,8,9,10,11,12,13,14,15,16,17,18,19,20,21,22,23,24,25,26,27,28,29,30,31,32	gap	domain	30
chr8	35160000	3,4,5,6,7,8	domain	domain	6
chr8	35440000	3,4,5,6,7,8,9,10,11	domain	domain	9
chr8	35920000	3,4,5,6,7,8,9,10,11,12,13,14,15	domain	boundary,domain	13
chr8	36120000	3,7,13,14,15,16	boundary,domain	domain	6
chr8	36240000	3,4,6,11	domain	boundary,domain	4
chr8	36360000	4,5,6,7,8	boundary,domain	domain	5
chr8	36800000	3,4,5,6,7,8,9,10,11,12,13,14,15,16,17,18,19,20,21,22,23,24,25,26,27,28,29,30,31,32	domain	boundary,domain	30
chr8	37080000	29,30,31,32	boundary	boundary	4
chr8	37160000	5,6,7,32	boundary,domain	boundary,domain	4
chr8	37400000	3	domain	domain	1
chr8	37760000	3,4,5,6,7,8,9,10,11,12,13,14,15,16,17,18,19,20,21,22,23,24,25,26,27,28,29,30,31,32	boundary,domain	boundary,domain	30
chr8	37960000	13,14,17	boundary	domain	3
chr8	38120000	5,6,7,8,10,11,12,18,19,20,21,22,23,24,25,26,27,28,29	boundary,domain	domain	19
chr8	38400000	3,4,5,6,7,8,9	domain	domain	7
chr8	38760000	3,4,5,6,7,8,9,10,11,12,13	domain	domain	11
chr8	39000000	3	domain	domain	1
chr8	39360000	3,4,5,6,7,8,9,10,11,12,13,14,15,16,17,18,19,20,21,22,23,24,25,26,27,28,29,30,31,32	domain	gap	30
chr8	39520000	3,4,5,6,7,8,9,10,11,12,13,14,15,16,17,18,19,20,21,22,23,24,25,26,27,28,29,30,31,32	gap	domain	30
chr8	39880000	3,4,6,7,8	domain	domain	5
chr8	40000000	3,5,11	domain	domain	3
chr8	40240000	3,4,5,6,7,8,9,10,11,12,13,14,15,16	domain	domain	14
chr8	41080000	4,5,6,7,8,9,10,11,12,13,14,15,16,17,18,19,20,21,23,24,25,26,27,30	domain	boundary,domain	24
chr8	41520000	3,4,5,6,7,8,9,10,11,12,13,14,15,16,17,18,19,20,21,22,23,24,25,26,27,28,29,30,31,32	boundary,domain	boundary,domain	30
chr8	41640000	3,7	boundary	domain	2
chr8	41880000	3,4,5,6,7,8,11,12,13,14,15,16,17,18,19,20,21,22,23,24,25,26,27,28,29,30,31,32	boundary,domain	boundary,domain	28
chr8	42160000	3,4,5,6,7,10,11,12,13,14,15,17,18,19,20,21,22,23,24,25,26,27,28,29,30,31,32	boundary,domain	domain	27
chr8	42400000	3,4,5,6,7,8,9,10,11,12,13,14,15,16,17,18,19,20,21,22,23,24,25,26,27,28	domain	domain	26
chr8	42880000	3,4,5,6,7,8,9,10,11,12,13,14,15,16	domain	domain	14
chr8	43160000	3,4,5,6,7,8,9	domain	domain	7
chr8	43560000	3,4,5,6,7,8,9,10,11,12,13,14,15,16,17,18,19,20,21,22,23,24,25,26,27,28,29,30,31,32	domain	gap	30
chr8	46480000	3,4,5,6,7,8,9,10,11,12,13,14,15,16,17,18,19,20,21,22,23,24,25,26,27,28,29,30,31,32	gap	domain	30
chr8	46720000	3,4	domain	domain	2
chr8	46880000	3,4,5,6	domain	domain	4
chr8	46960000	11	domain	domain	1
chr8	47160000	3,4,5,6,7,8,9,10,11,12,13,14,15	domain	domain	13
chr8	47800000	3,4,5,6,7,8,9,10,11	domain	boundary	9
chr8	48040000	3,4,5,6,7,8,9,10,11,12,13,14,15,16,17,18,19,20,21,22,23,24,25,26,27,28,29,30,31,32	boundary,domain	domain	30
chr8	48320000	3	domain	domain	1
chr8	48960000	3,4,5,6,7,8,9,10,11,12,13,14,15,16,17,18,19,20,21,22,23,24,25,26,27,28,29,30,31,32	domain	boundary,domain	30
chr8	49200000	3,20,21,24,25,26,29	boundary	domain	7
chr8	49400000	3,4,5,6,7,8,9	domain	domain	7
chr8	49520000	3,4,5	domain	domain	3
chr8	49920000	5,6,7,8,9,10,11,12,13,14,15,16,18,20,21,23	domain	boundary,domain	16
chr8	50040000	11,14,15,16,17,18,19,20,23	boundary,domain	domain	9
chr8	50280000	3,4,5,6,7,8,9,10,11	domain	domain	9
chr8	50480000	3,4,5,6	domain	domain	4
chr8	50760000	5	domain	domain	1
chr8	51040000	5,6,7,8,9,10,11,12,13,14	domain	domain	10
chr8	51280000	3,4,5	domain	domain	3
chr8	51440000	3	domain	domain	1
chr8	51600000	8,9,10,11,12,13,14,15,16,17,18,19,20,21,22,23,24,25,26,27,28,29,30,31,32	boundary,domain	boundary,domain	25
chr8	51760000	12,14,15,17,18,19,20,21,22,23,24,26,27,29,31,32	boundary	boundary,domain	16
chr8	52000000	8,23,24,25,26,27,28,29,30,31,32	boundary,domain	domain	11
chr8	52560000	3,4,5,6,7,8,9,10,11,12,13,14,15,16,17,18,19,20,21,22,23,24,25,26,27,28,29,30,31,32	domain	domain	30
chr8	52760000	3,4	domain	domain	2
chr8	52960000	3,4,5,6,8,9,10,11	domain	domain	8
chr8	53840000	3,4,5,6,7,8,9,10,11,12,13,14,15,16,17,18,20	domain	boundary,domain	17
chr8	54160000	3,4,5,6,7,8,9,10,11,12,13,14,15,16,17,18,19,20,21,22,23,24,25,26,27,28,29,30,31,32	boundary,domain	boundary,domain	30
chr8	54480000	3,4,5,6,7,8,9,10,11,12,13,14,15,16,17,18,19,20,21,22,23,24,25,26,27,28,29,30,31,32	boundary,domain	boundary,domain	30
chr8	54680000	3,4,11,12	boundary,domain	domain	4
chr8	55040000	3,5	domain	domain	2
chr8	55360000	3,4,5,6,7	domain	domain	5
chr8	55560000	4,10,19,20,21,22	domain	boundary,domain	6
chr8	55720000	3,4,5,6,7,8,9,10,11,12,13,14,15,16,17,18,20,21	boundary,domain	domain	18
chr8	56080000	3,4,9,27	domain	boundary	4
chr8	56280000	4,5,6,7,8,9,10,11,12,13,14,15,16,17,18,19,20,21,22,23,24,25,26,27,28,29,30,31,32	boundary,domain	domain	29
chr8	56440000	3	domain	domain	1
chr8	56760000	3,7,8,9	domain	domain	4
chr8	56920000	3,11	domain	domain	2
chr8	57120000	3	domain	domain	1
chr8	57200000	14,18,22,25,26,27,28,29,30,31,32	domain	boundary	11
chr8	57400000	3,4,5,6,7,8,9,10,11,12,13,14,15,16,17,18,19,20,21,22,23,24,25,26,27,28,29,30,31,32	boundary,domain	domain	30
chr8	58000000	5	domain	domain	1
chr8	58440000	3,4,5,6,7,8,9,10,11,13,14,15,16,17,18,19,20,21,22,23,24,25,26,27,28,29,30,31,32	domain	boundary,domain	29
chr8	58560000	12	domain	boundary	1
chr8	58720000	3,4,5,6,7,8,9,10,11,12,13,14,16,18,20	boundary,domain	domain	15
chr8	60040000	3,4,5,6,7,8,9,10,11,12,13,14,15,16,17,18,19,20,21,22,23,24,25,26,27,28,29,30,31,32	domain	boundary,domain	30
chr8	60200000	3,15,16,17,18,19,20,21,22,23,24,26,27,28,29,31,32	boundary,domain	boundary,domain	17
chr8	60320000	19	domain	domain	1
chr8	60400000	3,4,5,6,7,8,9,15,16,17,18,20,21,26,27,28,29,30,31,32	boundary,domain	domain	20
chr8	61160000	3,4,5,6,7,8,9,10,11,12,13,14,15,16,17,18,19,20,21,22,23,24,25,26,27,28,29,30,31,32	domain	boundary,domain	30
chr8	61440000	3,22,29,30,31,32	boundary,domain	boundary,domain	6
chr8	61520000	20,21,22,23,24	boundary	boundary	5
chr8	61600000	5,6,7,8,9,10,11,12,13,14,15,16,17,18,19,20,21,22,23,24,25,26,27,28,29,30,31	boundary,domain	domain	27
chr8	61800000	3,4,5	domain	domain	3
chr8	62000000	3	domain	domain	1
chr8	62320000	3,4	domain	domain	2
chr8	62520000	4	domain	domain	1
chr8	63160000	4,5,6,7,8,9,11,13,14,15,16,18,23,30,31,32	domain	boundary,domain	16
chr8	63320000	3,4,5,6,7,8,9,10,11,12,13,14,15,16,17,18,19,20,21,22,23,24,25,26,27,28,29,32	boundary,domain	domain	28
chr8	63800000	3,4	domain	domain	2
chr8	63960000	4	domain	domain	1
chr8	64360000	3	domain	domain	1
chr8	64520000	3,4,5,6,7,8,9,10,11,12,13,14,15,16,17,18,19,20,21,22,23,24,25,26,27,28,29,30,31,32	domain	domain	30
chr8	65640000	3,4,5,6,7,8,9,10,11,12,13,14,15,16,17,18,19,20,21,22,23,24,25,26,27,28,29,30,31,32	domain	boundary,domain	30
chr8	66040000	3,4,5,6,7,8,29,30,31,32	boundary,domain	boundary,domain	10
chr8	66440000	3,4,5,6,7,8,9,10,11,12,13,14,15,16,17,18,19,20,21,22,23,24,25,26,27,28,29,30,31,32	boundary,domain	boundary,domain	30
chr8	66640000	3,4,5,14,15,16,17,18,19,20,21,22,23,24	boundary,domain	domain	14
chr8	67360000	3	domain	domain	1
chr8	67520000	19,20,21,22,24,25,26	domain	domain	7
chr8	67840000	3,4,5,6,7,8,9,10,11,12,13,14,15,16,17	domain	domain	15
chr8	68040000	3	domain	domain	1
chr8	68400000	3	domain	domain	1
chr8	68520000	5,6,7,8,9,10,11,12,13,14,15,16,17,18,19,20,21,22,23,24,25,26,27,28,29,30,31,32	domain	domain	28
chr8	69640000	3,4,5,6,7,8,9,10,11,12,13,14,15,16,17,18,19,20,21,22,23,24,25,26,27,28,29,30,31	domain	domain	29
chr8	69960000	3,4,5	domain	domain	3
chr8	70120000	3,4,5,6,7,8,9,10,11	domain	domain	9
chr8	70600000	6	domain	boundary	1
chr8	70720000	3,4,5,6,7,8,9,10,11,12,13,14,15,16,17,18,19,20,21,22,23,24,25,26,27,28,29,30,31,32	boundary,domain	domain	30
chr8	71560000	3,5	domain	domain	2
chr8	71800000	3,4,5,6,7,8,9,11,12,13,14	domain	boundary,domain	11
chr8	71880000	10,11,12,13,14,16,17,20,24,25	boundary,domain	boundary,domain	10
chr8	72240000	3,4,5,6,7,8,9,10,11,12,13,14,15,16,17,18,19,20,21,22,23,24,25,26,27,28,29,30,31,32	boundary,domain	domain	30
chr8	72960000	3,4,5,6,7,10,12,13,14,15,16,17,18,19,20	domain	domain	15
chr8	73240000	3,4,5,6,8,9,10,11,12,13,14,15,16,17,18,19,20,21,22,23,24,25,26,27,28,29	domain	domain	26
chr8	73680000	3,4,5,6,7,8,9,10,32	domain	domain	9
chr8	74000000	7	domain	boundary	1
chr8	74080000	5,6,7,8,9,10,11,12,13,14,15,16,17,18,19,20,21,22,23,24	boundary,domain	domain	20
chr8	74360000	3,4,5,6,7,8,9,10,11,12,13,14,15,16,17	domain	domain	15
chr8	74880000	6,7,8,9,10,11,12	domain	boundary,domain	7
chr8	74960000	12,13,14,15,16,17,18,19,20,21,22,23,24,25,26,27,28,29,30,31,32	boundary,domain	boundary,domain	21
chr8	75320000	3,4,5,6,7,16,19	domain	boundary	7
chr8	75400000	27	boundary	boundary	1
chr8	75560000	3,4,5,6,7,8,9,10,11,12,13,14,15,16,17,18,19,20,21,22,23,24,25,26,27,28,29,30,31,32	domain	domain	30
chr8	76160000	4	domain	domain	1
chr8	76360000	3,4,5,6,7,8,9,10,11,12,13,14,15,16,17,18	domain	domain	16
chr8	76720000	3	domain	domain	1
chr8	77520000	6,7,8,9,10,11,12,13,14,15,16,17,18,19,20,21	boundary,domain	domain	16
chr8	78040000	4	domain	domain	1
chr8	78280000	3,4,8	domain	boundary,domain	3
chr8	78400000	4,5,6,7,8,9,10,11,12,13,14,15,16,17,18,19,20,21,22,23,24,25,26,27,28,29,30,31,32	boundary,domain	domain	29
chr8	78480000	3	domain	domain	1
chr8	78960000	3,4,5,6,7,8,9,10,11,12,13,14	domain	domain	12
chr8	79280000	4	domain	domain	1
chr8	79640000	3,4,5,6,7,8,9,10,11,12,13,14,15,16,17,18,19,20,21,22,23,24,25,26,27,28,29,30,31,32	domain	boundary,domain	30
chr8	80040000	3,4,5,6,7,8,9,10,11,12,13,14,15,16,17,18,19,20,21,22,23,24,25,26,27,28,29,30,31,32	boundary,domain	boundary,domain	30
chr8	80240000	3,4,5,6,7,8,9,10,11,12,13,14,15,16,17,18,19,20,21,22,23,24,25,26,27,28,29,30,31,32	boundary,domain	domain	30
chr8	80480000	3,4,5	domain	domain	3
chr8	80600000	6,7,8,9	domain	domain	4
chr8	81000000	3,4,5,6,7,8,9,10,11	domain	domain	9
chr8	81280000	3,4,5,6,7,8,10,17,18,19,20,21,22,23,24,25,26,27,28,29,30,31,32	domain	boundary,domain	23
chr8	81680000	3,4,5,7	domain	boundary	4
chr8	81760000	3,4,5,6,7,8,9,10,12,15,17,19,20,22,23,24,25,26,27,28,29,30,31,32	boundary,domain	boundary,domain	24
chr8	81880000	4,5,6,7,8,9,10,11,13,14,15,16,17,18,19,20,21,23,24,25,26,27,28,29,30,31,32	boundary,domain	boundary,domain	27
chr8	82040000	3	domain	domain	1
chr8	82200000	7,19,21	boundary,domain	domain	3
chr8	82280000	3,4,5,6	domain	domain	4
chr8	82480000	3,8,9	domain	boundary	3
chr8	82600000	3,4,5,6,7,8,9,10,11,12,13,14,15,17,20	boundary,domain	boundary,domain	15
chr8	82760000	6,7,17	boundary,domain	domain	3
chr8	82880000	4,5	domain	domain	2
chr8	83080000	4,5,6,7,9,10,11,12,13,14,15,16	domain	domain	12
chr8	83240000	7,8,9,11,12	domain	boundary,domain	5
chr8	83320000	5,7,10,11	boundary,domain	boundary,domain	4
chr8	83400000	3,5,8	boundary,domain	domain	3
chr8	83840000	3,4,5,6,7,8,9,10,11,12,13,14	domain	domain	12
chr8	84240000	4	domain	domain	1
chr8	84480000	3	domain	domain	1
chr8	84600000	3,4,5,6,7,8,9,10,11,12,13,14,15,16,17,18,19,20,21,22,23,24,25	domain	domain	23
chr8	85080000	3,4,5,6,7,8,9,10,11,13	domain	domain	10
chr8	85280000	3,4	domain	domain	2
chr8	85440000	3,4	domain	domain	2
chr8	85640000	3,4,5,6,7,8,9,10,11,12,13,14,15,16,17,18,19,20,21,22,23,24,25,26,27,28,29,30,31,32	domain,gap	gap	30
chr8	85840000	3,4,5,6,7,8,9,10,11,12,13,14,15,16,17,18,19,20,21,22,23,24,25,26,27,28,29,30,31,32	gap	domain	30
chr8	86120000	3,4	domain	domain	2
chr8	86400000	3,4,5	domain	domain	3
chr8	86560000	3,4,5,6,7,8,9,10,11,12,13,14,15,16,17	domain	boundary,domain	15
chr8	86840000	3,4,5,6,7,9,10	boundary,domain	domain	7
chr8	87200000	4	domain	domain	1
chr8	87560000	3,4,5,6,7,8,9,10,11	domain	domain	9
chr8	87800000	3	domain	domain	1
chr8	87920000	4	domain	domain	1
chr8	88120000	3,4,5,6,7	domain	domain	5
chr8	88440000	4,5,6,7,8,9,10,13,14,16,17,19	domain	boundary,domain	12
chr8	88520000	3,4,8,9,10,11,12,15,16,17,18,19,20,21,22,23,24	boundary,domain	boundary,domain	17
chr8	88640000	5,21	boundary,domain	domain	2
chr8	88960000	4,5,6,8,9,10	domain	domain	6
chr8	89680000	3,4,5,6,7,8,9,10,11,12,13,14,15,16,17,18,19,20,21,22,23,24,25,26,27,28,29,30,31,32	domain	boundary,domain	30
chr8	90000000	4,5,6,7,8,9,10,11,12,13,14,16,18,19,20,21,22,23,25	boundary,domain	domain	19
chr8	90240000	3	domain	domain	1
chr8	90560000	3,4,8,9,10	domain	domain	5
chr8	91000000	3,4,5,6,7,8,9,10,11,12	domain	boundary,domain	10
chr8	91120000	8,15,16,17,21,24,25,26,27,30	domain	boundary	10
chr8	91240000	18,19	domain	boundary	2
chr8	91440000	3,4,5,6,7,8,9,10,11,12,13,14,15,16,17,18,19,20,21,22,23,24,25,26,27,28,29,30,31,32	boundary,domain	domain	30
chr8	92000000	3,4,5,6,7,8,9,10,11,12,13,14,15,16,17,18	domain	domain	16
chr8	92360000	3	domain	domain	1
chr8	92840000	4,5,6	domain	domain	3
chr8	93400000	3,4,5,6,8	domain	domain	5
chr8	93520000	7,8,9,11,12,13,15,16,17,20	domain	boundary,domain	10
chr8	93680000	3,4,5,6,7,8,9,10,11,12,13,14,15,16,17,18,19,20,21,22,23,24,25,26,27,28,29,30,31,32	boundary,domain	boundary,domain	30
chr8	94000000	3,4,5,6,7,8,24,25,26,27,28,29,30,31,32	boundary,domain	boundary,domain	15
chr8	94480000	3,4,5,6,7,8,9,10,11,12,13,14,15,16,17,18,19,20,21,22,23,24,25,26,27,28,29,30,31,32	boundary,domain	boundary,domain	30
chr8	94720000	17,18,22,24	boundary	boundary,domain	4
chr8	94800000	5	domain	domain	1
chr8	95040000	3,24	boundary,domain	domain	2
chr8	95160000	28,29	boundary	boundary	2
chr8	95280000	3,4,5,6,7,8,9,10,11,12,13,14,15,16,17,18,19,20,21,22,23,24,25,26,27,28,29,30,31,32	boundary,domain	domain	30
chr8	96240000	3,4,5,6,7,8,9,10,11,12,13,14,15,16,17,18,19,20,21,22,23,24,25,26,27,28,29,30,31,32	domain	domain	30
chr8	97600000	3,4,5,6,7,8,9,10,11,12,13,14,15,16,17,18,19,20,21,22,23,24,25,26,27,28,29,30,31,32	domain	boundary,domain	30
chr8	98120000	3,4,5,6,7,8,9,10,11,12,13,14,15,16,17,18,19,20,21,22,23,24,25,26,27,28,29,30,31,32	boundary,domain	domain	30
chr8	98960000	4	domain	domain	1
chr8	99920000	15	domain	boundary	1
chr8	100120000	3,4,5,6,7,8,9,10,11,12,13,14,15,16,17,18,19,20,21,22,23,24,25,26,27,28,29,30,31,32	boundary,domain	boundary,domain	30
chr8	100560000	3,4,5,6,7,8,9,10,11,12,13,14,15,16,17,18,19,20,21,22,23,24,25,26,27,28,29,30,31,32	boundary,domain	boundary,domain	30
chr8	100840000	3,4,5,6,7,10,11,12,13,14,15,16,17,18,19,20,21,22,23,24,25,26,27,28,29,30,31,32	boundary,domain	boundary,domain	28
chr8	101320000	3,4,5,6,7,8,9,10,11,12,13,14,15,16,17,18,19,20,21,22,23,24,25,26,27,28,29,30,31,32	boundary,domain	boundary,domain	30
chr8	101520000	14	boundary	domain	1
chr8	101640000	3,4,5,6,7,8	domain	domain	6
chr8	102240000	3,4,5,6,7,8,9,10,11,12,13,14,15,16,17,18,19,20,21,22,23,24,25,26,27,28,30,31,32	domain	boundary,domain	29
chr8	102560000	6	domain	domain	1
chr8	102640000	17,18,19,20,21,23	boundary	boundary	6
chr8	102880000	3,4,5,6,7,8,9,10,11,12,13,14,15,16,17,18,19,20,21,22,23,24,25,26,27,28,29,30,31,32	boundary,domain	boundary,domain	30
chr8	103040000	3,4,5,9,11,12,13,15,16,17,18,19,20,21,24	boundary	boundary,domain	15
chr8	103560000	3,4,5,6,7,8,9,10,11,12,13,14,15,16,17,18,19,20,21,22,23,24,25,26,27,28,29,30,31,32	boundary,domain	boundary,domain	30
chr8	104200000	3	domain	domain	1
chr8	104480000	3,4,5,6,7,8,9,10,11,12,13,14,15,16,17,18,19,20,22,23,24,25,26,27,28,29,30,31,32	domain	boundary,domain	29
chr8	104640000	20,21,22,23,25	boundary,domain	domain	5
chr8	104800000	5,6,7,8,9,10,11,12,13,14,15,16,17,18,19,24,28	boundary,domain	domain	17
chr8	105160000	5	domain	domain	1
chr8	105880000	4,5,6,7,8,9,10,11,12,13,14,15,16,17,18,19,20,21,22,23,24,25,26,27,28,29,30,31,32	domain	domain	29
chr8	106160000	3	domain	domain	1
chr8	106560000	3,4,5,6,7	domain	domain	5
chr8	106720000	8,9,11,12,13,14,15,16,19	domain	domain	9
chr8	106880000	3,11,12,13,14,15,16	boundary,domain	domain	7
chr8	107040000	3,4	domain	domain	2
chr8	107600000	3,4,5,6,7,8,9,10,11,12,13,14,15,16,17,18,19,20,21,22,23,24,25,26,27,28,29,30,31,32	domain	domain	30
chr8	107800000	3,4	domain	domain	2
chr8	108760000	3,5,6,7,8,9,10,11,12,13,14,15,16,17,18,19,20,21,22,23,24,25,26,27,28	domain	domain	25
chr8	108880000	3	domain	domain	1
chr8	109320000	3,4,5,6,7,8,9,10,11,12	domain	domain	10
chr8	109760000	3,4,5,6,7,8,9,10,11,12,13,14,15,16,17,18,19,20,21,22,23,24,25,26	boundary,domain	domain	24
chr8	110080000	3,4,7	domain	domain	3
chr8	110160000	6	domain	domain	1
chr8	110320000	4,5,6,7,8,9,10,11	domain	domain	8
chr8	110960000	3,4,5,6,7,8,9,10,11,12,13,17,18,19,20,21,22,23	domain	boundary,domain	18
chr8	111120000	5,13,14,15,16,17,23,24,25,26,27	boundary,domain	boundary,domain	11
chr8	111200000	25	boundary	domain	1
chr8	111320000	4,5,6,7,8,9,10,11,20	boundary,domain	domain	9
chr8	111840000	3,4,5,6,9,11	domain	boundary,domain	6
chr8	111960000	3,7,8,9,10,11,12,13,26	boundary,domain	boundary,domain	9
chr8	112080000	10,12,13,14,15,16,17,18,21,22,23,24,25,26,27,28,29,30,31,32	boundary,domain	boundary,domain	20
chr8	112160000	3,4,6,7,8,17,18,19,20,21,31	boundary,domain	boundary,domain	11
chr8	112360000	3,4,5,7,9,10,11,12,13	boundary	boundary	9
chr8	112600000	4,5,6,7,8,10,11,12,13,14,15,16,17,18,19,30	boundary,domain	boundary,domain	16
chr8	112720000	7,9,10,11,12,13,14	boundary	boundary,domain	7
chr8	112800000	3,4,5,7,10	boundary,domain	domain	5
chr8	113000000	17,18	domain	domain	2
chr8	113200000	4,5,6,7,8,9,10,11	domain	boundary,domain	8
chr8	113400000	3,4,5,6,7,11	boundary,domain	domain	6
chr8	113840000	4	domain	domain	1
chr8	114000000	3	domain	domain	1
chr8	114520000	3,4,5,6,7,8,9,11,12,13,14	domain	boundary,domain	11
chr8	114680000	4,9,10,13,14,15,16,17,18,19,20,21,22,23,24,25,26,27,28,29,30,31,32	domain	domain	23
chr8	114800000	3,4	domain	domain	2
chr8	115080000	3,4,5,6,7,8,9,14	domain	domain	8
chr8	116520000	3,4,5,6,7,8,9,10,11,12,13,16,17,18,19,20	domain	domain	16
chr8	116760000	3,4,5,6,7,15,16,17,18,19,21,22,23,24,25,28,30,31	domain	domain	18
chr8	117080000	3,5,14,15,16,17,18,19,20,21,22,23,24,25,26,27,28,29,30,31	domain	boundary	20
chr8	117360000	3,4,5,6,7,8,9,10,11,12,13,14,15,16,17,18,19,20,21,22,23,24,25,26,27,28,29,30,31,32	boundary,domain	domain	30
chr8	117800000	3,4,5,6,7,8	domain	domain	6
chr8	118160000	3,4,5,6,7,8,9	domain	domain	7
chr8	118680000	3,4,5,6,7,8,9,10,11,12,13,14,15,16,17,18,19,20,21,22,23,24,25,26,27,28,29,30,31,32	domain	domain	30
chr8	119080000	3,4,5,6,7,8	domain	domain	6
chr8	119440000	3,24,25,26,27,28,29,30,31,32	domain	boundary	10
chr8	119800000	5,6,7,8,9,10,11,12,13,14,15,16,17,18,19,20,21,22,23,24,25,26,27,28,29,30,31,32	boundary,domain	boundary,domain	28
chr8	120080000	3,4,5,6,7,8,22,23,26,27,28,29,30,31,32	boundary,domain	domain	15
chr8	120440000	3,4,5,6,7,8	domain	domain	6
chr8	120880000	22	domain	domain	1
chr8	120960000	4,5,6,7,8,9,10,11,12,13,14,15,16,17,18,19,20,21,25,27,29	domain	domain	21
chr8	121280000	4,5,6,7	domain	domain	4
chr8	121600000	3,4	domain	domain	2
chr8	121840000	4	domain	domain	1
chr8	122120000	3	domain	domain	1
chr8	122440000	3,4,5,6,8	domain	boundary,domain	5
chr8	122640000	3,4,5,6,7,8,9,10,11,12,13,14,15,16,17,18,19,20,21,22,23,24,25,26,27,28,29,30,31,32	boundary,domain	boundary,domain	30
chr8	123240000	3,4,5,6,7,8,9,10,11,12,13,16,17,18,19,20,21,22,23,24,25,26,27,28,29,30,31,32	boundary,domain	domain	28
chr8	123360000	7,13,14,15,16	boundary,domain	domain	5
chr8	123440000	3,4,5,6	domain	domain	4
chr8	123760000	3,4,5,6,7,8,9,10,11,12,13,14,15,16,17,18,28	domain	domain	17
chr8	124040000	4,5	domain	domain	2
chr8	124480000	3,4,5,6,7,8,9,10,11,12,13,14,15,16,17,18,19,20,21,22,23,24,25,26,27,28,29,30,31,32	domain	boundary,domain	30
chr8	125000000	4	domain	domain	1
chr8	125080000	3,4,5,6,7,8,9,10,11,12,13,14,15,16,17,18,19,20,21,22,23,24,25,26,27,28,29,30,31,32	boundary,domain	domain	30
chr8	125440000	3,4,5	domain	domain	3
chr8	125720000	4,5,6,7,8,9,10,11,12,13,14,15,16,17,18,19,20,21,22,23,24,25,26,27,28,29,30,31,32	domain	boundary,domain	29
chr8	125880000	3,4,5,6,7,8,10,11,12,13,14,17,18,19,20,21,22,24,25,26,27	boundary	domain	21
chr8	126120000	3	domain	domain	1
chr8	126280000	3,4,7,8,9	domain	domain	5
chr8	126520000	3,4,5,6,17,18,19,20,22,23,24,25,26,27,28,29,30,31,32	domain	boundary	19
chr8	126800000	3,4,5,6,7,8,9,10,11,12,13,14,15,16,17,18,19,20,21,22,23,24,25,26,27,28,29,30,31,32	boundary,domain	domain	30
chr8	127720000	3,4,5,6,7,8,9,10,11,12,13,14,15,16,17,18,19,20,21,22	domain	domain	20
chr8	128720000	5,6,7,8,9,21	domain	domain	6
chr8	128960000	3,4	domain	domain	2
chr8	129240000	3	domain	domain	1
chr8	129800000	3,4,5,6,7,8,9,10,11,12,13,14,15,16,17,18,19,20,21,22,23,24,25,26,27,28,29,30,31,32	domain	boundary,domain	30
chr8	130080000	3,4,5,6,7,8,9,13,14,17,21,24,25,26,27,28,29,30,32	boundary,domain	domain	19
chr8	130720000	4,5,6,7,8,9,10,11,12,13,14,15,16,17,18,19,20,21,22,23,24,25,26,27,28,29,30,31,32	domain	domain	29
chr8	131240000	4	domain	domain	1
chr8	131440000	5	domain	domain	1
chr8	131640000	3	domain	domain	1
chr8	131840000	3,4,5,6,7,8,9,11,12,13,14,17,20,21,22	domain	boundary,domain	15
chr8	132160000	3,4,5,6,7,8,9,10,11,12,13,14,15,16,17,18,19,20,21,22,23,24,25,26,27,28,29,30,31,32	boundary,domain	boundary,domain	30
chr8	132640000	3	domain	domain	1
chr8	132800000	4,6,7,8,9,10,11,12,13,14,15,16,17,18,19,20,21,22,23,24,25,26,27,28,29,30,31,32	boundary,domain	domain	28
chr8	133200000	3,4,5,6,7,8,9,27,28	domain	domain	9
chr8	133480000	3,4,5,6,7,8,9,10,11,12,13,14,15,16,17,18,19,20,21,22,23,24,25,26,27	domain	domain	25
chr8	134680000	3,4,5,6,13,14,15,16,17,18,19,20,21,22,23,24,25,26,27	domain	boundary,domain	19
chr8	134880000	3,4,5,6,7,8,9,10,11,12,13,14,15,16,17,18,19,20,21,22,23,24,25,26,27,28,29,30,31,32	boundary,domain	domain	30
chr8	135440000	3,4,5,6,7,8,9,10,11,12,13	domain	domain	11
chr8	135840000	5,6,7,8	domain	domain	4
chr8	135920000	9,10,11,12	domain	domain	4
chr8	136400000	3,4	domain	domain	2
chr8	136760000	3,4,5,6,7,8,9,10,11,12,13,14,15,16,17,18,19,20,21,22,23,24,25,26,27,30,31,32	domain	boundary,domain	28
chr8	137240000	7	domain	domain	1
chr8	137360000	4	domain	domain	1
chr8	137520000	3,4,5,6,7,8,9,10,11,12	domain	boundary,domain	10
chr8	137680000	6,7,9	boundary	domain	3
chr8	137840000	3,4,5	domain	domain	3
chr8	138120000	3,4,5,6,7,8,9,10,11,12,13,14,15,16,17,18,19,20,21,22,23,24,25,26	domain	domain	24
chr8	138480000	3	domain	domain	1
chr8	138720000	3,4,5,6,7,8,9,10,11,12,13,14,15,16,17,18,19,20,21,22,23	domain	boundary,domain	21
chr8	139000000	3,4,5,6,7,8,9,10,11,12,13,14,15,16,17,18,19,20,21,22,23,24,25,26,27,28,29,30,31,32	boundary,domain	domain	30
chr8	139320000	4	domain	domain	1
chr8	139640000	3,4,5,6,7,8,9,10,11,12,13,14,15,16	domain	domain	14
chr8	140160000	5,6	domain	domain	2
chr8	140440000	3,4,5,6,7,8,9,10,11,12,13,14,15,16,17,18,19,20,21,22,23,24,25,26,27,28,29,30,31,32	domain	boundary,domain	30
chr8	140640000	3,4,5,8,9,10,11,12,13,14,15,16,17,18,19,20,21,22,23,24,25,26,27,28,29,30,31,32	boundary,domain	boundary,domain	28
chr8	140760000	6	domain	domain	1
chr8	141080000	6	domain	domain	1
chr8	141200000	6	domain	domain	1
chr8	141360000	3,4,7,8,11,13,14,15,16,17,18,19,20,21,22,23,24,25,26,27,28,29,30,31,32	boundary,domain	boundary,domain	25
chr8	141440000	3,4,5,6,7,8,9,10,11,12,13,14,15	boundary,domain	domain	13
chr8	142440000	3	domain	domain	1
chr8	142520000	4,5,6,7	domain	boundary,domain	4
chr8	142600000	5,7,8,9,10,12,13	boundary,domain	boundary,domain	7
chr8	142800000	5,6,7,11,12,13,14,15,16,17,18,19,20,21,22,23,24,25,26,27	domain	domain	20
chr8	143080000	3,4,5,6,7,9,10,11,12,13,14,15,16,17,18,19,20,21,22,23,24,25,26,27,28,29,30,31,32	domain	domain	29
chr8	143280000	3,4,5,6,7,8,9,10,11,12,13,14,15,16,17,18,19,20,21,22,23,24,25,26,27,28,29,30,31,32	boundary,domain	boundary,domain	30
chr8	143480000	8	boundary	domain	1
chr8	143600000	3,4,5,6,7	domain	boundary	5
chr8	143720000	10	boundary	domain	1
chr8	143800000	3,4	domain	domain	2
chr8	143880000	4,5,6,7,8	domain	domain	5
chr8	144120000	3,4,11	boundary,domain	domain	3
chr8	144520000	3,4,5,6,7,8,9,10,11,12,13,14,15,16,17,18,19,20	boundary,domain	boundary,domain	18
chr8	144800000	3,4,5,6,7,8,9,10,11,12,13,14,15,16,17,18,19,20,21,22,23,24,25,26,27,28,29,30,31,32	boundary,domain	boundary,domain	30
chr8	145000000	3,4,10,11,12,13,14,15,16,17,18,19,20,21,22,23,24,25,26,27,28,29,30,31,32	boundary,domain	domain	25
chr8	145080000	3,4,5,6,7,8,9,10,11,12,13,14,15,16,17,18,19,20,21,22,23,24,25,26,27,28,29,30,31,32	domain	gap	30
chr9	0	3,4,5,6,7,8,9,10,11,12,13,14,15,16,17,18,19,20,21,22,23,24,25,26,27,28,29,30,31,32	domain	gap	30
chr9	200000	3,4,5,6,7,8,9,10,11,12,13,14,15,16,17,18,19,20,21,22,23,24,25,26,27,28,29,30,31,32	gap	domain	30
chr9	360000	3	domain	domain	1
chr9	600000	3,5	domain	domain	2
chr9	840000	3,4,5,6,7,8,9,10,11,12,13,14,15,16	domain	boundary,domain	14
chr9	1040000	3,4,5,6,7,8,9,10,11,12,13,14,15,16,17,18,19,20	boundary,domain	domain	18
chr9	1280000	3	domain	domain	1
chr9	1440000	7	domain	domain	1
chr9	1680000	5,6,7,8,9,10,11,12,17,18,19,24,25,27	domain	boundary,domain	14
chr9	1840000	9	domain	boundary	1
chr9	1960000	3,4,6,8,10,11,12,13,14,15,16,17,18,19,20,21,22,23,24,25,26,27,28,29,30,31,32	boundary,domain	boundary,domain	27
chr9	2120000	5,6,7,8,9	boundary,domain	domain	5
chr9	2200000	3,4,5	domain	domain	3
chr9	2840000	3,4,5,6,7,8,9,10,11,12,13,14,15,16,17,18,19,20,21,22,23,24,25,26,27,28,29,30,31,32	domain	boundary,domain	30
chr9	3200000	3,4,5,6,7,8,9,20,21,22,23,24,25,26,28,29,31,32	boundary,domain	domain	18
chr9	3480000	3	domain	domain	1
chr9	3720000	3,4,5,6,7,8,9,10,11	domain	domain	9
chr9	4400000	4,5,6,7,8,9,10,11,12,13,14,15,16,17,18,21,22,23,24,25,26,28,31,32	domain	boundary,domain	24
chr9	4680000	3,4,5,6,7,8,9,10,11,12,13,14,15,16,17,18,19,20,21,22,23,24,25,26,27,28,29,30,31,32	boundary,domain	boundary,domain	30
chr9	5000000	3,4,5,6,11	domain	domain	5
chr9	5120000	6,7,8	boundary,domain	domain	3
chr9	5520000	7	domain	domain	1
chr9	5600000	3,4,5,8,9,10,22	domain	boundary,domain	7
chr9	5800000	5,6,7,8,9,10,11,12,13,14,15,16,17,18,19,20,21,22,23,24,25,26,27,28,29,30,31,32	boundary,domain	boundary,domain	28
chr9	6040000	3,4,5,6,7,8,9,12,13,18,19,20,21,22,23,24,25,26,27,28,29,30,31,32	boundary,domain	boundary,domain	24
chr9	6160000	29	boundary	boundary	1
chr9	6360000	3,4,5,6,7,8,10,20,21,22,23,24,25,26,27,28,29,30,31,32	boundary,domain	boundary,domain	20
chr9	6600000	3,4,12	domain	boundary	3
chr9	6760000	3,4,5,6,7,8,9,10,11,12,13,14,15,16,17,18,19,20,21,22,23,24,25,26,27,28,29,30,31,32	boundary,domain	boundary,domain	30
chr9	6840000	5	boundary	domain	1
chr9	7560000	3,4,5,6,7,8,9,10,11,12,13,14,15,16,17,18,19,20,22,25,26,29,30,31,32	boundary,domain	domain	25
chr9	8160000	3,4,5,6	domain	domain	4
chr9	8240000	5,7,8,9,12	domain	domain	5
chr9	8960000	3,4,5,6,7,8,9	domain	boundary,domain	7
chr9	9120000	9,10,11,16	domain	boundary,domain	4
chr9	9200000	5,9,12,13,14,17	domain	boundary,domain	6
chr9	9320000	3,4,5,6,9,10,11,12,14,15,17	boundary,domain	boundary,domain	11
chr9	9560000	3,4,5,6,7,8,9,10,11,12,13,15,16,17,18,19,20,21,22,23,26	domain	boundary	21
chr9	9800000	3,4,5,7	boundary,domain	boundary,domain	4
chr9	9920000	3,4,6,13,14	boundary,domain	boundary,domain	5
chr9	10040000	3,4,5,6,7,8,9,10,11,12,13,14,15,16,17,18,19,20,21,22,23,24,25,26,27,28,29,30,31,32	boundary,domain	boundary,domain	30
chr9	10200000	5,8	boundary	boundary,domain	2
chr9	10280000	4	domain	domain	1
chr9	10360000	3,4,6,7,9	boundary,domain	boundary,domain	5
chr9	10480000	3,4,7,8,10	boundary	domain	5
chr9	10760000	4,5,6	domain	domain	3
chr9	10880000	3,9	domain	boundary,domain	2
chr9	11000000	4,7,8,13	domain	boundary	4
chr9	11080000	4,5,6,8,9,10,11,12,13,14,15,16,17	boundary,domain	boundary,domain	13
chr9	11280000	3,4,5,6,7,9,10	domain	domain	7
chr9	11640000	3,4	domain	domain	2
chr9	11840000	3,4,5,6,7,8,9,10,11,12,13,14,15,16,17,18,19,20,21,22,23,24,25,26,27,28,29,30,31,32	domain	gap	30
chr9	12160000	3,4,5,6,7,8,9,10,11,12,13,14,15,16,17,18,19,20,21,22,23,24,25,26,27,28,29,30,31,32	gap	domain	30
chr9	12480000	3,4	domain	domain	2
chr9	12680000	3,4,5,6,7,8,9,10,11,12	domain	domain	10
chr9	12920000	3	domain	domain	1
chr9	13000000	3,11,12,14,15,16,17,18,19,20	domain	boundary,domain	10
chr9	13120000	6,7,8,9,10,13,14,15,16,19,23	boundary,domain	boundary,domain	11
chr9	13280000	3,4,5,6,7,8,9,10,11,12,13,14,15,18,19,20,21	boundary,domain	domain	17
chr9	14120000	3,4	domain	domain	2
chr9	14440000	3,4,5,6,7,8,9,10,11,12,13,14,15,16,17,18,19,20,21,22,23,24,25,26,27,28	domain	boundary,domain	26
chr9	14600000	13,15,27	boundary	boundary,domain	3
chr9	14720000	17,19	boundary	boundary	2
chr9	14800000	4,5,6,7,8,9,10,11,12,14,15,16,17,18,19,20,21,22,23,24,25,26,27,29,30,31,32	boundary,domain	boundary,domain	27
chr9	14960000	16	domain	boundary	1
chr9	15160000	3,4,5,6,7,8,9,10,11,12,13,14,15,16,17,18,19,20,21,22,23,24,25,26,27,28,29,30,31,32	boundary,domain	boundary,domain	30
chr9	15680000	3,4,5,6,7,8,9,10,11,12,13,14,15,16,17,18,19,20,21,22,23,24,25,26,27,28,29,30,31,32	boundary,domain	domain	30
chr9	16120000	3,4,5,6,7,8,9,10,11	domain	domain	9
chr9	16520000	3	domain	domain	1
chr9	17040000	4,5,6,7,8,9,10,11,12,13,14,15,16,17,18,19,20,21,22,23,24,25,26,27,28,29,30,31,32	boundary,domain	boundary,domain	29
chr9	17520000	3,4,5,6,7,8,9,10,11,12,13,14,15,16,17,18,19,20,21,22,23,24,25,26,27,28,29,30,31,32	boundary,domain	boundary,domain	30
chr9	17640000	9,10,12,13,14,16,17,18,19,20,23	boundary	domain	11
chr9	17840000	5,6,7	domain	domain	3
chr9	18240000	3,4,5,6,7,8,9,10,11,12,13,14,15,16,17,18	domain	domain	16
chr9	18440000	4	domain	domain	1
chr9	19040000	3,4,5,6,7,8,9,10,11,12,13,14,15,16,17,18,19,20,21,22,23,24,25,26,27,28,29,30,31,32	domain	boundary,domain	30
chr9	19480000	3,4,5,6,7,8,9,10,11,12,13,14,15,16,17,18,19,20,21,22,23,24,25,26,27,28,29,30,31,32	boundary,domain	domain	30
chr9	19680000	3,4	domain	domain	2
chr9	19920000	3,4,5,6,7,8,9,10,11	domain	domain	9
chr9	20320000	3,4,5,6,7,8,9,10	domain	domain	8
chr9	20640000	3,4,5,6	domain	domain	4
chr9	21160000	3,4,5,6,7,8,9,10,11,12,13,14,15,16,17,18,19,20,21,22,23,24,25,26,27,28,29,30,31,32	domain	gap	30
chr9	21200000	3,4,5,6,7,8,9,10,11,12,13,14,15,16,17,18,19,20,21,22,23,24,25,26,27,28,29,30,31,32	gap	domain	30
chr9	21480000	4,5,6	domain	domain	3
chr9	21800000	3,4,5,6,7,8,9,10,11,12,13,14	domain	domain	12
chr9	22280000	3,4,5,6,7,8,9,10,11,12,13,14,15,16,17,18,19,20,21,22,23,24,25,26	domain	boundary,domain	24
chr9	22480000	3,4,5,6,7,8,9,10,11,12,13,14,15,16,17,18,19,20,21,22,23,24,25,30	boundary,domain	domain	24
chr9	22800000	5	domain	domain	1
chr9	23120000	3,4,5,6,7	domain	domain	5
chr9	23480000	3,4,5,6,7,8	domain	domain	6
chr9	23840000	3,4,5,6,7,8,9,10	domain	domain	8
chr9	24280000	3	domain	domain	1
chr9	24920000	3,4,5,6,7	domain	domain	5
chr9	25240000	5,8,9,10,11,12,13,14,15,16,19	domain	domain	11
chr9	25320000	4,5,6,7	domain	domain	4
chr9	25800000	5,6,7,8,9,10,11,12	domain	domain	8
chr9	25960000	3,4	domain	domain	2
chr9	26120000	3	domain	domain	1
chr9	26320000	3,5,6,7,8,9,11,12,13	domain	domain	9
chr9	26760000	3,4,5,6,7,8,9,10,11,12,13,14,15,16,17,18,19,20,21,22,23,24,25,26,27,28,29,30,31,32	domain	boundary	30
chr9	26880000	4,5,6,7,8,9,10,11,12,13,14,15,16,17,18,20,21,22,23,24,25,26,27,28,29,30,31,32	boundary,domain	boundary,domain	28
chr9	27280000	3,4,5,6,7,8,9,10,11,12,13,14,15,16,17,18,19,20,21,22,23,24,25,26,27,29,30,31,32	boundary	boundary,domain	29
chr9	27560000	3,4,5,10,11,12,13,14,15,16,17,18,19,20,21,22,23,24,25,26,27,28,29,30,31,32	boundary,domain	boundary,domain	26
chr9	27680000	3,5,6,7,8,9	domain	domain	6
chr9	28040000	3,4,5,6,7,8,9,10	domain	domain	8
chr9	28560000	4,5,6,7,8	domain	domain	5
chr9	28760000	5,6,7,8,9,10,11,12,13,14,15,16,17,18,19	boundary,domain	domain	15
chr9	29080000	3,4,5,6,7,8,9	domain	boundary,domain	7
chr9	29200000	8	boundary	domain	1
chr9	29400000	6,7,8,9,10,11,12,13	domain	domain	8
chr9	29600000	6	domain	domain	1
chr9	29680000	3,4,5	domain	domain	3
chr9	30240000	3,5	domain	domain	2
chr9	30480000	8,9	domain	boundary	2
chr9	30600000	3,4,5,6,7,8,9,10,11,12,13,14	domain	domain	12
chr9	30720000	8	domain	domain	1
chr9	30800000	3,4,5,7,8,9,10,11	domain	domain	8
chr9	31160000	3,4,5,6,7,8,9,10,11,12,13,14	domain	boundary,domain	12
chr9	31240000	8	boundary	domain	1
chr9	31880000	3,4,5,6,7,8,9	domain	boundary,domain	7
chr9	32040000	7,15,16,18,19	domain	boundary	5
chr9	32240000	10,11,13,14	domain	boundary	4
chr9	32320000	3,4,5,6,7,8,9,10,11,12,13,14,15,16,17,18,19,20,21,22,23,24,25,28	boundary,domain	domain	24
chr9	32600000	3,4,5,6,7,8	domain	domain	6
chr9	33000000	3,4,5,6,7,8,9,10,11,12	domain	domain	10
chr9	33280000	3,4,5	domain	domain	3
chr9	33520000	3,4,5,6,7,8,9,10,11,12,13,14,15,16,17,18,19,20,21,22,23,24,25,26,27,28,29,30,31,32	domain	gap	30
chr9	33600000	3,4,5,6,7,8,9,10,11,12,13,14,15,16,17,18,19,20,21,22,23,24,25,26,27,28,29,30,31,32	gap	domain	30
chr9	33800000	3,4	domain	domain	2
chr9	34400000	4,5,6,7,8,9,10,11,12,14,15,16,17,18	domain	boundary,domain	14
chr9	34640000	4,5,6,7,8,9,10,11,12,13,14,15,16,17,18,19,20,21,22,23,24,25	boundary,domain	domain	22
chr9	34720000	3	domain	domain	1
chr9	35000000	4,5,6,7,8,9,10,11	domain	domain	8
chr9	35120000	3,4,5	domain	domain	3
chr9	35600000	3,4,5,6,7,8,9,10,11,12,13,14,18	domain	boundary,domain	13
chr9	35760000	3,5,11,15,24,26,29	domain	boundary,domain	7
chr9	35920000	3,4,5,6,7,8,9,14,15,16,17,19,20,21,22,25,26,27,28,29,30,31	boundary,domain	boundary,domain	22
chr9	36040000	23	domain	boundary	1
chr9	36200000	3,4,5,6,7,8,9,10,11,12,13,15,16,19,20,22,24,26,27,28,29	boundary,domain	boundary,domain	21
chr9	36400000	3,4,5,6,7,8,9,10,11,12,13,14,15,16,17,18,19,20,21,22,23,24,25,26,27,28,29,30,31,32	boundary,domain	boundary,domain	30
chr9	36600000	3,4,5,6,7,8,9,10,11,12,13,14	boundary,domain	domain	12
chr9	36840000	3,6,7,8	domain	domain	4
chr9	36960000	3,4,5,9	domain	domain	4
chr9	37440000	3,4,5,6,7,8,9,10,11,12,13,14,15,16,17,18,19,20,21,22,23,24,25,27	domain	domain	24
chr9	37760000	3,4,5	domain	domain	3
chr9	37840000	6	domain	boundary	1
chr9	37920000	3,4,5,6,7,8,9	boundary,domain	domain	7
chr9	38080000	3,4,5	domain	domain	3
chr9	38560000	3,4,5,6,7,8,9,10,11,12,13,14,15,16,17,18,19,20,21,22,23,24,25,26,27,28,29,30,31,32	domain	gap	30
chr9	68400000	3,4,5,6,7,8,9,10,11,12,13,14,15,16,17,18,19,20,21,22,23,24,25,26,27,28,29,30,31,32	gap	domain	30
chr9	69040000	3,4,5,6,7,8,9,10,11,12,13,14,15	domain	boundary,domain	13
chr9	69200000	3,8,9,10,11,12,13,14,15,16,17,18,19	boundary,domain	domain	13
chr9	69560000	21,22	domain	domain	2
chr9	69960000	3,4,5,6,7,8,9,10,11,12,13,14,15,16,17	domain	domain	15
chr9	70200000	3,4,5,6,7,8,9,10	domain	domain	8
chr9	70680000	3,4,5,6,7,8,9,10,11,12,13,14,15,16,17,18,19,20,21,22,23,24,25,26,27,28,29,30,31,32	domain	gap	30
chr9	70760000	3,4,5,6,7,8,9,10,11,12,13,14,15,16,17,18,19,20,21,22,23,24,25,26,27,28,29,30,31,32	gap	domain	30
chr9	71280000	3,4,5,6,7,8,9,10,11,12	domain	domain	10
chr9	71560000	4	domain	domain	1
chr9	71880000	23	domain	domain	1
chr9	72000000	3,4,5,6,7,8,9,10,11,12,13,14,15,16,17,18,19,20,21,22,23,24,25,26,27,28,29,30,31	domain	domain	29
chr9	72280000	3,4,5,6,7,8,9,10,11	domain	domain	9
chr9	72600000	3,4,5	domain	domain	3
chr9	72840000	3,4,5,6,7,8,9,10,11,12,13,14,15,16,17,18,19,20,21,22,23,24,25,26,27,28,29,30,31,32	domain	boundary,domain	30
chr9	73120000	3,4,5,9,10,12,13,14,16,18,19,20,29,31,32	boundary,domain	boundary	15
chr9	73200000	3,4,5,6,7,8,9,10,11,12,13,14,15,16,17,18,19,20,21,22,23,24,25,26,27,28,29,30,31,32	boundary,domain	domain	30
chr9	73560000	3	domain	domain	1
chr9	73640000	5,6,7,8,9,10	domain	domain	6
chr9	74760000	4,5,6,7,8,9,10,11,12,13,14,15,16,17,18,19,20,21,22,23,24,25,26,27,28,29,30,31,32	domain	boundary,domain	29
chr9	75080000	3,4,5,6,7,8,9,10,11,12,13,14,15,16,17,18,19,20,21,22,23,24,25,26,27,28,29,30,31,32	boundary,domain	boundary,domain	30
chr9	75280000	4	domain	domain	1
chr9	75880000	3,4,5,6,7,8,9,10,11,12,13	domain	domain	11
chr9	76400000	3,4,5,6,7,8,9,10,11,12,13,14,15,16,17,18,19,20,21,22,23,24,25,26,27,28,29,30,31,32	domain	boundary	30
chr9	76720000	3,4,5,6,7,8,9,10,11,12,13,14,15,16,17,18,19,20,21,22,23,24,25,26,27,28,29,30,31,32	boundary,domain	boundary,domain	30
chr9	77040000	4,25	boundary,domain	boundary,domain	2
chr9	77160000	3,4,5,6,7,8,9,10,11,12,13,14,15,16,17,18,19,20,21,22,23,24,25,26,27,28,29,30,31,32	boundary,domain	domain	30
chr9	77400000	3,4,5	domain	domain	3
chr9	77760000	3,4,5,6,7	domain	domain	5
chr9	78040000	3	domain	domain	1
chr9	78160000	4,5,8	domain	boundary,domain	3
chr9	78280000	6,11	domain	boundary	2
chr9	78400000	3,4,5,6,7,8,9,10,11,12,13,14,15,16,17,18,19,20,21,22,23,24,25,26,27,28,29,30,31,32	boundary,domain	domain	30
chr9	78600000	3,11,12,13	boundary,domain	domain	4
chr9	78760000	4,5,6,7,8	domain	domain	5
chr9	79120000	3,4,5,6,7,12	domain	domain	6
chr9	79440000	4	domain	domain	1
chr9	80200000	5,6,7,8,9,10,11,12,13,14,15,16,17,18,19,20,21,22,23,24,25,26	domain	domain	22
chr9	80560000	3,4,5,6,7,8,28,29	domain	domain	8
chr9	81520000	3,5,6,8	domain	domain	4
chr9	81680000	3	domain	domain	1
chr9	81920000	3,4,5,6,7,8,9,10,11,12,13,14,15,16,17,18,19,20,21,22,23,24,25,26,27,28,29,30,31,32	domain	gap	30
chr9	81960000	3,4,5,6,7,8,9,10,11,12,13,14,15,16,17,18,19,20,21,22,23,24,25,26,27,28,29,30,31,32	gap	domain	30
chr9	82480000	3,4	domain	domain	2
chr9	82640000	3	domain	domain	1
chr9	83000000	3,4,5,6,7,8,9,10,11,12,13,14,15,17,18,19,20	domain	boundary,domain	17
chr9	83160000	3,4,5,6,7,8,9,10,11,13,14,15,16	boundary,domain	domain	13
chr9	83600000	3,4,5	domain	domain	3
chr9	83840000	3,4,5,6,7,8,9,10,11,12,13,14,15,16,17,18,19,20,21,22,23,24,25,26,27,28,29,30,31,32	domain	gap	30
chr9	83920000	3,4,5,6,7,8,9,10,11,12,13,14,15,16,17,18,19,20,21,22,23,24,25,26,27,28,29,30,31,32	gap	domain	30
chr9	84360000	3,4,5,6,7,8,9,10	domain	domain	8
chr9	84680000	3,4,5,6	domain	domain	4
chr9	85000000	3	domain	domain	1
chr9	85760000	3,4,5,6,7,8,9,10,11,12,13,14,15,16,17,18,19,20,21,22,23,24,25,26,27,28,29,30,31,32	domain	gap	30
chr9	85800000	3,4,5,6,7,8,9,10,11,12,13,14,15,16,17,18,19,20,21,22,23,24,25,26,27,28,29,30,31,32	gap	domain	30
chr9	85960000	3	domain	domain	1
chr9	86360000	3,4,5,6,7,8,9,10,11,12,13	domain	domain	11
chr9	87320000	3,4,5,6,7,8,9,10,11,12,13,14	domain	domain	12
chr9	87680000	3,4	domain	domain	2
chr9	87920000	3,4,5,6,7,8,9,10,11,12,13,14,15,16,17,18,19,20,21,22,23,24,25,26,27,28,29,30,31,32	domain	gap	30
chr9	87960000	3,4,5,6,7,8,9,10,11,12,13,14,15,16,17,18,19,20,21,22,23,24,25,26,27,28,29,30,31,32	gap	domain	30
chr9	88600000	3,4,5,6,7,8,9,10,11,12	domain	domain	10
chr9	89040000	3,4,5,6	domain	domain	4
chr9	89320000	3,4,5,6,7,8,9,10,11,12,13,14,15,16,17,18,19,20,21,22,23,24,25,26,27,28,29,30,31,32	domain	boundary,domain	30
chr9	89560000	3,4,5,6,7,8,9,10,11,12,13,14,15,16,17,18,19,20,21,22,23,24,25,26,27,28,31	boundary,domain	domain	27
chr9	90120000	3,4,5,6,7,8,9,10,11,12,13,14,15,16,17,18,19,20,21,22	domain	domain	20
chr9	90240000	5	domain	domain	1
chr9	90880000	3,4,5,6,7,8,9,10,11,12,13,14,15,16,17,18,19,20,21,22,23,24,25,26,27,28,29,30,31,32	domain	domain	30
chr9	91480000	3,4,5,6,7,8,9,10,11,12	domain	boundary,domain	10
chr9	91600000	9,10,11	boundary,domain	domain	3
chr9	91760000	3,5,6,7,8,11,12,13,14,15,16,18,19,20,21,22,23,24,25,26,27,28,29,30,31,32	boundary,domain	boundary,domain	26
chr9	92080000	3,4,5,6,7,8,9,10,11,12,13,14,15,16,17,18,19,20,21,22,23,24,25,26,27,28,29,30,31,32	boundary,domain	boundary,domain	30
chr9	92680000	3,4,5,6,7,8,16,17	domain	boundary,domain	8
chr9	92840000	3,4,5,6,7,8,9,10,11,12,13,14,15,16,17,18,19,20,21,22,23,24,25,26,27,28,29,30,31,32	boundary,domain	boundary,domain	30
chr9	93080000	4,5	domain	domain	2
chr9	93320000	3	domain	domain	1
chr9	93640000	4,5,6,7,8,9,10,11,12,13,14,15,16	domain	domain	13
chr9	94000000	3,4,5,6	domain	domain	4
chr9	94320000	3,4,5,6,7,8,9,10,11,12,13,14,15,16,17,18,19,20,21,22,23,24,25,26,27,28,29,30,31,32	domain	gap	30
chr9	94560000	3,4,5,6,7,8,9,10,11,12,13,14,15,16,17,18,19,20,21,22,23,24,25,26,27,28,29,30,31,32	gap	domain	30
chr9	95160000	3,4,5,6,7,8,9,10,11,12,13,14,15,16	domain	domain	14
chr9	95520000	3	domain	domain	1
chr9	96240000	3,4,5,6,7,8,9,10,11,12	domain	domain	10
chr9	96680000	3	domain	domain	1
chr9	96880000	3,4,5,6,7,8,9,10,11,12,13,14,15,16,17,18,19,20,21,22,23,24,25,26,27,28,29,30,31,32	domain	gap	30
chr9	97240000	3,4,5,6,7,8,9,10,11,12,13,14,15,16,17,18,19,20,21,22,23,24,25,26,27,28,29,30,31,32	gap	domain	30
chr9	97440000	3,4	domain	domain	2
chr9	97640000	3,4,5,6,7,8,9	domain	domain	7
chr9	97920000	3,4,5,6,7,8,9,10,11,12,13,14,15,16	domain	boundary,domain	14
chr9	98040000	8,14,15	boundary,domain	boundary,domain	3
chr9	98280000	3,4,5,6,7,8,9,10,11,12,13,14,15,16,17,18,19,20,21,22,23,24,25	boundary,domain	domain	23
chr9	98800000	3,4,5,6,7,8,9,10,11,12,13,14,15,16,17,18,19,20,21,22,23,24,25,26,27,28,29,30,31,32	domain	boundary,domain	30
chr9	99160000	3,4,5,6,7,8,9,10,11,12,13,14,15,16,17,18,19,20,21,22,23,24,25,26,27,28,29,30,31,32	boundary,domain	domain	30
chr9	99280000	9	boundary	domain	1
chr9	99800000	4,5,6,7,8,9,10,11	domain	domain	8
chr9	100360000	4,5,6,7,8,9,11,12,13,14,21,25	domain	boundary,domain	12
chr9	100520000	8	domain	boundary	1
chr9	100600000	4,5,6,7,8,9,10,11,12,13,14,15,16,17,18,19,20,21,22,23,24,25,26,27,28,29,30,31,32	boundary,domain	domain	29
chr9	100760000	3	domain	domain	1
chr9	101000000	3,4	domain	domain	2
chr9	101320000	3,4	domain	boundary	2
chr9	101400000	3,4,5,6,7,8,9,10,11,12,13,14,15,16,17,21,27,28,29,30,31,32	boundary,domain	boundary,domain	22
chr9	101560000	3,5,6,8,12,13,14,18,19,20,21,22,23,24,25,26,27,28	boundary,domain	domain	18
chr9	101760000	3,4,6,7	domain	domain	4
chr9	103400000	4,5,6,7,8,9,10,11,12,13,14	domain	domain	11
chr9	103720000	3	domain	domain	1
chr9	103920000	3	domain	domain	1
chr9	104160000	4,5,6,7	domain	domain	4
chr9	104400000	3,4,5	domain	boundary,domain	3
chr9	104480000	3,4,6,16,17	boundary,domain	boundary,domain	5
chr9	104760000	3,4,5,6,7,8,9,10,11,12,13,14,15,16,17,18,19,20,21,22,23,24	boundary,domain	domain	22
chr9	105160000	3,4,5,6	domain	domain	4
chr9	105480000	3,6	domain	domain	2
chr9	105760000	3,4,5,6,7,8,9,10,11,12,13,14,15,16,17,18,19,20,21,22,23,24,25,26,27,28,29,30,31,32	domain	gap	30
chr9	105800000	3,4,5,6,7,8,9,10,11,12,13,14,15,16,17,18,19,20,21,22,23,24,25,26,27,28,29,30,31,32	gap	domain	30
chr9	106840000	3,4,5	domain	domain	3
chr9	107040000	3	domain	domain	1
chr9	107200000	3,4,5,6,7,12,13,14,16,17,18,19,20,21,22,23,25,26,27,28,29,30,31,32	domain	domain	24
chr9	107400000	3,4,5,6,7,8,9,10,11,12,13,14,15,16,17,18,19,20,21,22,23,24,30	boundary,domain	domain	23
chr9	107760000	3	domain	domain	1
chr9	108560000	3,4,5	domain	domain	3
chr9	108840000	4,5,6,7,8,9,10,11,12,13,14,15,16,17,18,19,20,21,22,23,24,25,26,27,28,29,30,31,32	domain	boundary,domain	29
chr9	109120000	3,4,5,14,15,16,17,18,19,23,27,28	boundary,domain	boundary,domain	12
chr9	109440000	3,4,9,17,18,20,22,23,24,26,27,28,30	boundary,domain	boundary	13
chr9	109520000	3,4,5,6,7,8,9,10,11,12,13,14,15,16,17,18,19,20,21,22,23,24,25,26,27,28,29,30,31,32	boundary,domain	boundary,domain	30
chr9	109840000	4,5,6,7,20,21,22,23,24,25,26,27,28,29,30,31,32	boundary,domain	boundary,domain	17
chr9	110160000	3,4,5,6,7,8,9,10,11,12,13,14,15,16,17,18,19,20,21,22,23,24,25,26,27,28,29,30,31,32	boundary,domain	boundary,domain	30
chr9	110640000	3,4,5,6,7,8,9,10	domain	domain	8
chr9	111080000	3,4	domain	domain	2
chr9	111360000	3,4,5,6,7,8,9,10,11,12,13,14,15,16,17,18,19,20,21,22,23,24,25,26,27,28,29,30,31,32	domain	boundary,domain	30
chr9	111640000	3,4,5,6,8,9,10,11,12,13,14,15,17,19,21,24,26,29,30,31	boundary,domain	domain	20
chr9	111720000	7	domain	domain	1
chr9	112080000	5,6,7	domain	domain	3
chr9	112360000	5	domain	domain	1
chr9	112840000	3,4	domain	domain	2
chr9	113040000	3,4,5,6,7,8,9,10,11,12,13,14,15,16,17,18,19,20,21,22,23,24,25,26,27,28,29,30,31,32	domain	gap	30
chr9	113120000	3,4,5,6,7,8,9,10,11,12,13,14,15,16,17,18,19,20,21,22,23,24,25,26,27,28,29,30,31,32	gap	boundary,domain	30
chr9	113400000	3,4,5,6	domain	domain	4
chr9	113680000	3,4,5,6,7,8,9,10,11,12,13	boundary,domain	domain	11
chr9	114080000	3,4,5,6	domain	domain	4
chr9	114320000	3,5	domain	boundary,domain	2
chr9	114400000	4,5,6,7,8,9,10,11,12,13,14,15,16,17,18,19,20,21,22,23,24,25,26,27,28,29,30,31	boundary,domain	boundary,domain	28
chr9	114680000	3,4,5,6,7,8,9,10,11,12,13,14,15,16,17,18,19,20,21,26,27,28,30,32	boundary,domain	boundary,domain	24
chr9	115040000	3,4,5,6,7,8,9,10,11,12,13,16,27,28,29,30,31,32	boundary,domain	domain	18
chr9	115560000	3,4,5,6,7,8,9,10,11,12,13,14,15,16,17,18,19,20,21,22,23,24,25,26,27,28,29,30,31,32	domain	domain	30
chr9	116160000	3,4,5,6,7,8,9	domain	domain	7
chr9	116720000	3,4,5,6,7,8,9,10,11,12,13,14,15,16,17,18,19,20,21,23,27	domain	boundary,domain	21
chr9	117040000	6,7,9,12,13,14,15,16,17,18,19,20,21,22,23,25,26,27,28,29,30,31,32	boundary,domain	boundary,domain	23
chr9	117160000	24,25	boundary,domain	boundary	2
chr9	117240000	23	boundary	boundary	1
chr9	117480000	3,4,5,6,7,8,10,13,14,15,16,17,18,19,20,21,22,23,24,25,26,27,28,29,30,31,32	boundary,domain	boundary,domain	27
chr9	117600000	4,5,6,7,8,9,10,11,12,13,14,15,16,17,18,19,20	boundary,domain	domain	17
chr9	117760000	6	boundary	domain	1
chr9	118200000	5,6,7	domain	domain	3
chr9	118560000	4,5	domain	domain	2
chr9	118640000	3	domain	domain	1
chr9	118880000	5	domain	domain	1
chr9	119360000	4,5,6,7,8,9,10,11,12,13,14,15,16,17,18,19	boundary,domain	domain	16
chr9	120000000	3,4,5,6	domain	domain	4
chr9	120360000	3,4,5	domain	domain	3
chr9	120560000	3,4,5,6,7,8,9,10,11,12,13,14,15,16,17,18,19,20,21,22,23,24,25,26,27,28,29,30,31,32	domain	boundary,domain	30
chr9	120760000	3	domain	domain	1
chr9	121200000	3,5,6,7,8,9,10,11,12,13,14,15,16,17,18,19,20,21,22,23,24,25,26,27,28,29,30,31,32	boundary,domain	boundary,domain	29
chr9	121440000	4,5,6,7,8,9,10,11,14,15,16,17,18,19,20,21,22,23,24,25,26,27,28,29,30,31,32	boundary,domain	boundary,domain	27
chr9	122080000	3,4,5,6,7,8,9,10,11,12,13,14,15,16,17,18,19,20,21,22,23,24,25,26,27,28,29,30,31,32	boundary,domain	domain	30
chr9	122440000	3,4,5,6,7,8,9,19,20,21,22,23,24,25,26,27,28,29,30	domain	domain	19
chr9	122840000	3,4,5,6,7,8,9,10,11,12,13,14,15,16,17,18,19,20,21,22,23,24,25,26,27,28,29,30,31,32	domain	boundary,domain	30
chr9	123000000	13,15,16,18,21,22,23,24,25,26,29,30,31,32	boundary	boundary,domain	14
chr9	123280000	27	boundary	boundary	1
chr9	123400000	3,4,5,6,7,8,9,10,11,12,13,14,15,16,17,18,19,20,21,22,23,24,25,26,27,28,29,30,31,32	boundary,domain	domain	30
chr9	123920000	3	domain	domain	1
chr9	124080000	3,4,5,6,7,8,9,10,11,12,13,14,15,16,17	domain	domain	15
chr9	124440000	3,4,5,6	domain	domain	4
chr9	124520000	7,8,9,12,14	domain	boundary,domain	5
chr9	124600000	4,10,11,12,14,15,16,17,18,19,20,21,22,23,24,25,26,27,28,29,30,31,32	boundary,domain	boundary,domain	23
chr9	124760000	3,4,5,6,7,8,9,11,12,13,14,15,16,18,19,20,21,22,23,24,25,26,27,28,29,30,31,32	boundary,domain	boundary,domain	28
chr9	124840000	4,5,6,7,8,9,10,11,13,19,22	boundary	domain	11
chr9	125160000	3,4,5,19,21,22,26	domain	boundary,domain	7
chr9	125360000	3,4,5,6,7,8,9,10,11,12,13,14,15,16,17,18,19,20,21,22,23,24,25,26,27,28,29,30	boundary,domain	domain	28
chr9	125960000	3,4	domain	domain	2
chr9	126280000	3,4,5,6	domain	domain	4
chr9	126480000	3,4,5,6,7,8,9,10,14,15,16	domain	boundary,domain	11
chr9	126600000	5,7,8,9,11,12,17,18,19,20,25	boundary,domain	boundary,domain	11
chr9	126800000	3,4,5,6,7,8,9,10,11,12,13,14,15,16,17,18,19,20,21,22,23,24,25,26,27,28,29,30,31,32	boundary,domain	boundary,domain	30
chr9	126920000	3,4	boundary,domain	domain	2
chr9	127200000	3,4,5,6,7,8,16,17,18,19,20,21,22,23,24,25,26,27,28,30,31,32	boundary,domain	boundary,domain	22
chr9	127440000	3,4,5,6,7,8,9,10,11,12,13,14,15,16,17,18,19,20,21,22,23,24,25,26,27,28,29,30,31,32	boundary,domain	boundary,domain	30
chr9	127600000	14,17,19	boundary	boundary,domain	3
chr9	127920000	3,4,5,6,7,8	domain	boundary,domain	6
chr9	128160000	3,4,5,6,7,8,9,10,11,12,13,14,15,16,17,18,19,20,21,22,23,24,25,26,27,28,29,30,31,32	boundary,domain	boundary,domain	30
chr9	128640000	26	boundary	boundary	1
chr9	128840000	19,20,21,22,32	boundary,domain	boundary	5
chr9	129080000	3,4,5,6,7,8,9,10,11,12,13,14,15,16,17,18,19,20,21,22,23,24,25,26,27,28,29,30,31,32	boundary,domain	boundary,domain	30
chr9	129640000	3,4,5,6,7,8,9,10,11,16,17,18,19,20,21,22,23,24,25,26,27,28,29,30,31,32	boundary,domain	boundary,domain	26
chr9	129800000	3,4,5,6,7,8,9,10,11,12,13,14,15,16,17,18,19,20,21,22,23,24,25,26,27,28,29,30,31,32	boundary,domain	boundary,domain	30
chr9	130080000	3,4,5,6,8,17,18,19,20,21,24,27,28,29,30,31,32	boundary,domain	boundary,domain	17
chr9	130240000	9,10,11,20,21,22	boundary,domain	boundary,domain	6
chr9	130440000	3,4,5,6,7,9,10,11,12,13,14,15,16,17,18,19,20,21,22,23,24,25,26,27,28,29,30,31,32	boundary,domain	boundary,domain	29
chr9	130680000	3,4,5,6,7,8,9,10,11,12,13,14,15,16,17,18,19,20,21,22,23,24,25,26,27,28,29,30,31,32	boundary,domain	boundary,domain	30
chr9	130880000	3,4,15,21,24,27,29	boundary,domain	boundary,domain	7
chr9	130960000	5	domain	domain	1
chr9	131080000	3,4,5,6,7,8,9,10,11,12,13,14,15,16,17,18,19,20,21,22,23,24,25,26,27,28,29,30,31,32	boundary,domain	boundary,domain	30
chr9	131320000	3,4,5,11,13,15,16,17,18,19,20,21,22,23,24,25,26,27,28,29,30,31,32	boundary,domain	boundary,domain	23
chr9	131560000	3,4,5,8,10,11,12,13,15,16,17,18,19,20,21,22,23,24,25,26,27,28,29,30,31,32	boundary,domain	boundary,domain	26
chr9	131760000	3,4,5,6,7,8,9,10,11,12,13,14,15,16,17,18,19,20,21,22,23,24,25,26,27,28,29,30,31,32	boundary,domain	domain	30
chr9	132280000	3,4,5,6,7,8,9,10,11,12,13,14,15,16,17,19	domain	boundary,domain	16
chr9	132400000	3,13,28,29	boundary,domain	boundary,domain	4
chr9	132840000	3,4,5	domain	boundary,domain	3
chr9	132960000	5,6,7,8,9,10,11,12,13,14,15,16,17,18,19,20,21,22,23,24,25,26,27,28,29,30,31,32	boundary,domain	boundary,domain	28
chr9	133160000	3,4,7,30	boundary,domain	boundary,domain	4
chr9	133320000	3,24,29,31	boundary,domain	boundary,domain	4
chr9	133520000	3,4,5,6,7,8,9,10,11,12,13,22,23,24,25,26,27,28,29,30,31,32	boundary,domain	boundary,domain	22
chr9	133760000	3,4,5,6,7,8,9,10,11,14,15,16,17,18,19,20,21,22,23,24,25,26,27,28,29,30,31,32	boundary,domain	boundary,domain	28
chr9	134040000	4,9,18,29	boundary,domain	boundary	4
chr9	134120000	3,4,5,6,7,8,9,10,11,12,13,14,15,16,17,18,19,20,21,22,23,24,25,26,27,28,29,30,31,32	boundary,domain	boundary,domain	30
chr9	134440000	3,4,5,15,16,17,18,19,20,21,22,23,24,25,26,27,28,29,30,31,32	boundary,domain	domain	21
chr9	134680000	8,9	domain	domain	2
chr9	134760000	6,7,8,9,12,13,14,16	domain	domain	8
chr9	135040000	3,4,5,6,7,8	domain	domain	6
chr9	135440000	3,4,5,6	domain	boundary,domain	4
chr9	135560000	3,4,5,6,7,8,9,10,11,12,13,14,15,16,17,18,24,28	domain	boundary	18
chr9	135680000	14,20,25	boundary,domain	boundary	3
chr9	135800000	4,14,15,16,17,18,19,20,21,23,24,25,26,27,28,29,30,31,32	boundary,domain	boundary,domain	19
chr9	136160000	3,4,6,7,8,20	boundary,domain	boundary,domain	6
chr9	136320000	3,4,5,6,7,8,9,10,11,12,13,14,15,16,17,18,19,20,21,22,23,24,25	boundary,domain	boundary,domain	23
chr9	136480000	3,4,5,6,7,8,9,10,12,16	boundary,domain	boundary,domain	10
chr9	136720000	3,4,5,6,7,8,9,10,11,12,13,14,15	boundary,domain	domain	13
chr9	137080000	3,4,5,6	domain	domain	4
chr9	137360000	3,4,5,6,7,8,9,10,11,12,13,14,15,16,17,18,19,20,21,22,23,24,25,26,27,28,29,30,31,32	domain	gap	30
chr9	137400000	3,4,5,6,7,8,9,10,11,12,13,14,15,16,17,18,19,20,21,22,23,24,25,26,27,28,29,30,31,32	gap	domain	30
chr9	137560000	3	domain	domain	1
chr9	137720000	7	domain	domain	1
chr9	138120000	3,4,5,6,7,8,9,10,11,12,13,14,15,16,17,18,19,20,21,22,23,24,25,26,27,28,29,30,31,32	domain	gap	30
chr9	138240000	3,4,5,6,7,8,9,10,11,12,13,14,15,16,17,18,19,20,21,22,23,24,25,26,27,28,29,30,31,32	gap	gap	30
chrX	0	3,4,5,6,7,8,9,10,11,12,13,14,15,16,17,18,19,20,21,22,23,24,25,26,27,28,29,30,31,32	gap	gap	30
chrX	240000	3,4,5,6,7,8,9,10,11,12,13,14,15,16,17,18,19,20,21,22,23,24,25,26,27,28,29,30,31,32	gap	domain	30
chrX	400000	3	domain	domain	1
chrX	1200000	3,5,6,7,13,17	domain	boundary,domain	6
chrX	1360000	3,7,8,9,10,11,12,13,14,17,18,19,20,21,22,23,24,25,26	boundary,domain	boundary,domain	19
chrX	1440000	15,16,17	boundary,domain	domain	3
chrX	1640000	3,4,5,6,7,8,9,10,11,23	domain	domain	10
chrX	1960000	3,4,5,6,7,8,9,10,11,12,13,14,15,16,17,18,19,20,21,22,23,24,25,26,27,28,29,30,31,32	domain	gap	30
chrX	2120000	3,4,5,6,7,8,9,10,11,12,13,14,15,16,17,18,19,20,21,22,23,24,25,26,27,28,29,30,31,32	gap	domain	30
chrX	2640000	4,5,6,7,8,9,10,11,15,16,17,18,19,23	domain	boundary,domain	14
chrX	2760000	19,20,21	domain	domain	3
chrX	2840000	3,4,5,6,7,8,9,10,11,12,13,14,15,16,17,18,22,23	boundary,domain	boundary,domain	18
chrX	2960000	7	boundary	domain	1
chrX	3040000	4	domain	domain	1
chrX	3160000	3,4,7	domain	domain	3
chrX	3560000	4	domain	domain	1
chrX	3800000	3,4,5,6,7,8,9,10,11,12,13,14,15,16,17,18,19,20,21,22,23,24,25,26,27,28,29,30,31,32	domain	gap	30
chrX	3960000	3,4,5,6,7,8,9,10,11,12,13,14,15,16,17,18,19,20,21,22,23,24,25,26,27,28,29,30,31,32	gap	domain	30
chrX	4200000	3,4	domain	domain	2
chrX	4520000	3,4,5,6,7,10,11,12,13	domain	domain	9
chrX	4600000	3,4,5,6,7,8,9,10	boundary,domain	domain	8
chrX	4760000	3,4	domain	domain	2
chrX	5160000	4,5,6,7,8,9,10,11,12,13,14,15,16,17	domain	domain	14
chrX	5480000	5	domain	domain	1
chrX	5800000	4,5,6	domain	domain	3
chrX	6000000	3,4,5,6,7,8,9,10,11,12,13,14,15,16,17,18,19,20,21,22,23,24,25,26,27,28,29,30,31,32	domain	boundary,domain	30
chrX	6240000	22,23,24,25,26,28	boundary,domain	domain	6
chrX	6520000	3,4,7,8,9,10	domain	domain	6
chrX	7160000	3,4,5,6,7,8	domain	domain	6
chrX	7520000	4	domain	domain	1
chrX	7680000	3	domain	domain	1
chrX	7920000	3,4,5,6,7,8,9,10,11,12,13,14,15,16,17,18,19,20,21,22,23,24,25,26,27,28,29,30,31,32	domain	domain	30
chrX	8800000	3,4,5,6,7,8,9,10,11,12,13,14,15,16,17,18,19,20,21,22,23,24,25,26,27,28,29,30,31,32	domain	domain	30
chrX	9720000	6,7,8,9,10	domain	domain	5
chrX	9840000	17,19	domain	boundary	2
chrX	10000000	11,14,15,16,18,20,22,23,24,25	domain	boundary	10
chrX	10160000	3,4,5,6,7,8,9,10,11,12,13,14,15,16,17,18,19,20,21,22,23,24,25,26,27,28,29,30,31,32	boundary,domain	domain	30
chrX	10680000	3,4,5,6,7,8,9,10,11	domain	domain	9
chrX	11120000	3,4,5,6,7,8,9,10,11,12,13,14,15,16,17,18,19,20,21,22,23,24,25,28,29,30,31,32	domain	domain	28
chrX	11520000	3,4,5,6,7,8,9,10,12,13,14,15,16,17,18,19,20,21,22,23,24,25,26,27,28,29,30,31,32	domain	boundary,domain	29
chrX	11640000	11	domain	domain	1
chrX	11800000	4,11,12,13,14,15,16,17,18,19,20,21,22,23,24,25,26,27,28,29,30,31,32	boundary,domain	boundary,domain	23
chrX	11920000	11,12	boundary,domain	domain	2
chrX	12040000	7,8,9,10	domain	domain	4
chrX	12680000	6	domain	boundary	1
chrX	12800000	4,5,6,7,8,9,10,11,12,13,14,15,16,17,18,19,20,21,22,23,24,25,26,27,28,29,30,31,32	boundary,domain	boundary,domain	29
chrX	12920000	3,4,5,6,7,8,9,19,20,21,32	boundary,domain	domain	11
chrX	13520000	3,4,5,6,7,8,9,10,11,12,13,14,15,16,17,18,19,20,21,22,23,24,25,26,27,28,29,30,31,32	domain	boundary,domain	30
chrX	13640000	3,4,5,6,7,15,16,17,18,21	boundary,domain	boundary,domain	10
chrX	13800000	3,4,20,21,22,23,24	boundary	domain	7
chrX	14040000	3,4,5,6,7,8,9,10,11,12,13,14,15,16,17,18,19,20,21,22,23,24,25,26,27,28,29,30,31,32	domain	domain	30
chrX	15280000	5,6,7,8,9,10,11,12,13,14,15,16,17,18,19,20,21,22,23,24,25	domain	boundary,domain	21
chrX	15480000	13,14,17	boundary	domain	3
chrX	15640000	3,4,5,6,7,8,9,10,11,12,13,14	domain	domain	12
chrX	15840000	3,4,5,6,8,9,10	domain	domain	7
chrX	16320000	3,4,5,6,7,8,9,10,11,12,13,14,15,16,17,18,19,20,21,22,23,24,25,26,27,28,29,30,31,32	domain	gap	30
chrX	16360000	3,4,5,6,7,8,9,10,11,12,13,14,15,16,17,18,19,20,21,22,23,24,25,26,27,28,29,30,31,32	gap	domain	30
chrX	16720000	3,4,5,6,7,8	domain	domain	6
chrX	16800000	4	domain	domain	1
chrX	17040000	15,16	domain	domain	2
chrX	17120000	3,4,5,6,7,8,9,10,11,12,13,14,17,18	domain	domain	14
chrX	17720000	3,4,5,6,7,8,9,10,11,12,13,14,15,16,17,18,19,20,21,22,23,24,25,26,27,28,29,30,31,32	domain	domain	30
chrX	18360000	3,6,7,8,9,10,11,12,13,14,15,16,17,18,19,20,21,22,23,24,25,26,27,28,29,30,31,32	boundary,domain	domain	28
chrX	18920000	4,5,6,7,8,9,10,11	domain	domain	8
chrX	19360000	3,4,5,6,7,8,9,10,11,12,13,14,15,16,17,18,19,20,21,22,23,24,25,26,27,28,29,30,31,32	domain	boundary,domain	30
chrX	19520000	8,10,12,20,23,24,27,28	boundary,domain	domain	8
chrX	19880000	4,5,6,7,8,20,23,24,26	domain	boundary,domain	9
chrX	20160000	4,5,6,7,8,9,10,11,12,13,14,15,16,17,18,19,20,21,22,23,24,25,26,27,28,29,30,31,32	boundary,domain	boundary,domain	29
chrX	20400000	32	boundary	boundary	1
chrX	20520000	3,4,5,6,7,8,9,10,11,12,13,14,15,16,17,18,19,20,21,22,23,24,25,26,27,28,29,30,31,32	boundary,domain	domain	30
chrX	21360000	17	domain	domain	1
chrX	21520000	13,14,15,17,22	domain	domain	5
chrX	21800000	4,5,6,10,14,15,16,17,18,19,20,21,22,23,24,25,28,29,30,31	domain	boundary,domain	20
chrX	22000000	3,4,5,6,7,8,9,10,11,12,13,14,15,16,17,18,19,20,21,22,23,24,25,26,27,28,29,30,31,32	boundary,domain	domain	30
chrX	22200000	3,4,8,9,12,24	domain	domain	6
chrX	22800000	8,9,10,11,12,13,14,15,16,17	domain	domain	10
chrX	23160000	3,5,6,7	domain	domain	4
chrX	23640000	3,4,5,6,7,8,9,10,11,12,13,14,15,16,17,18,19,20,21,22,23,24,25,26,27,28,29,30,31,32	domain	boundary,domain	30
chrX	23880000	3,4,13,14,15,16,17,18,19,20,21,22,23,24,25,26,27,28,29,30,32	boundary	boundary,domain	21
chrX	24040000	3,7,8,9,22,23,25,29	domain	domain	8
chrX	24320000	4,5,6,7,8,9,10,11,12,13,14,15,16,17,18,19,20,21,22,23,24,25,26,27,28,29,30,31,32	boundary,domain	boundary,domain	29
chrX	24520000	3,20,25	boundary,domain	domain	3
chrX	24720000	3,4,5,19,23,24,25,26,27,28,29,30,31,32	boundary,domain	boundary,domain	14
chrX	25280000	7,8,9,10,11,12,13,14,15,16,17,18,19,20,21,22,23,24,25,26,27,28,29,30,31,32	boundary,domain	boundary,domain	26
chrX	25440000	3,4,5,6,8,9,11,13,18,22,27,28,29,32	boundary,domain	boundary,domain	14
chrX	25720000	3	domain	domain	1
chrX	26000000	3,4,5,6,7,8,9,10,11,12,13,14,15	domain	domain	13
chrX	26120000	7,8,9	domain	domain	3
chrX	26240000	5	domain	domain	1
chrX	26360000	20	domain	domain	1
chrX	26480000	3,17	domain	boundary,domain	2
chrX	26600000	3,4,5,6,7,8,9,10,11,12,13,14,15,16,17,18,19,20,21,22,23,24,25,26,27,28,29,30,31,32	boundary	domain	30
chrX	27160000	3	domain	domain	1
chrX	27280000	5,8,9,10,11,12,13,15,16,18,19,20,21,22,23,24,25,26,27,28,29,30,31,32	domain	boundary,domain	24
chrX	27480000	5,6,7,10,11,13,14,15,16,17,18	boundary,domain	boundary,domain	11
chrX	27600000	13	boundary	domain	1
chrX	27720000	3,4,5,6,7	domain	domain	5
chrX	27960000	4	domain	domain	1
chrX	28440000	13,15,16	domain	domain	3
chrX	28560000	3,4,6,9,10,13,17	domain	domain	7
chrX	28840000	3	domain	domain	1
chrX	30240000	3,4,5,6,7,8,9,10,11,12,13,14,15,16,17,18,19,20,21,22,23,24,25,26,27,28,30,31,32	domain	boundary,domain	29
chrX	30560000	3,4,5,6,7,8,9,10,11,12,13,14,15,16,17,18,19,20,21,22,23,24,25,26,27,28,29,30,31,32	boundary,domain	domain	30
chrX	30720000	11	boundary	domain	1
chrX	30960000	7,8,9,11,17	domain	domain	5
chrX	31680000	4,5,6,7,8,9,10,11,12,13,14,15,16,17,18	domain	domain	15
chrX	32280000	4,16	domain	boundary,domain	2
chrX	32480000	8,9,10,11,12,13,14,15,16,17,18,19,20,21,22,23,24,25,26,27,28,29,30,31,32	boundary,domain	domain	25
chrX	33120000	3	domain	domain	1
chrX	33360000	3,4,5,6,7,8,9,10,11,12,13,14,15,16,17,18,19,20,21,22,23,24,25,26,27,28,29,30,31,32	domain	domain	30
chrX	33720000	4	domain	domain	1
chrX	34320000	3,4,5,6,7,8,9,10,11,12,13,14,15,16,17,18,19,20,21,22,23,24,25,26,27,28,29,30,31,32	domain	boundary,domain	30
chrX	34480000	26	boundary	domain	1
chrX	35760000	7,8,9,13	domain	boundary,domain	4
chrX	35840000	3,4,5,8,9,10,11,12,13,14,15,16,17,18,19,20,21,22,23,24,25,26,27,28	boundary,domain	domain	24
chrX	36280000	3	domain	domain	1
chrX	36640000	4	domain	domain	1
chrX	36880000	4	domain	domain	1
chrX	37080000	3,4,5,6,7,8,9,10,11,12,13,14,15,16,17,18,19,20,21,22,23,24,25,26,27,28,29,30,31,32	domain	gap	30
chrX	37280000	3,4,5,6,7,8,9,10,11,12,13,14,15,16,17,18,19,20,21,22,23,24,25,26,27,28,29,30,31,32	gap	domain	30
chrX	37720000	3,4	domain	domain	2
chrX	37840000	3,4,5,6,7,8,9,10,11,12,13,14,17	domain	domain	13
chrX	38200000	5,25	domain	boundary	2
chrX	38360000	3,4,5,6,7,8,9,10,11,12,13,15,16,17,18,19,20,21,22,23,24,25,26,27,28,29	boundary,domain	boundary,domain	26
chrX	38600000	11,13,14,15,16,17,30	domain	domain	7
chrX	38760000	3,6,8	domain	domain	3
chrX	39080000	3,4	domain	domain	2
chrX	39200000	6,7,8,9,10,11	domain	domain	6
chrX	39560000	4,5,6,7,8,9,10,11,12,14,15,16,17,18,19,20,21	domain	boundary,domain	17
chrX	40040000	3	domain	domain	1
chrX	40200000	3,5,6,7,8,9	domain	domain	6
chrX	40280000	4	domain	domain	1
chrX	40520000	3,4,5,6,7,8,9,10,11,12,13,14,15,16,17,18,19,20,21,22,23,24,25,26,27,28,29,30,31	domain	boundary,domain	29
chrX	40640000	6,22,23,24,25,29,31,32	boundary,domain	boundary,domain	8
chrX	40800000	3,5,6,21,25,28,29,30,32	boundary,domain	boundary,domain	9
chrX	41120000	3,4,6,10,18,19,21,22,24,28,29,31,32	domain	domain	13
chrX	41280000	3,4,7,8,9,10,11,12,14,20,21,22,23,24,25,26,27,28,29,30,31,32	boundary,domain	boundary,domain	22
chrX	41360000	5,13,14,15,16,17,18,19,20,23,24,25,27,28,29,31	boundary,domain	boundary,domain	16
chrX	41440000	15,19,21	boundary	boundary,domain	3
chrX	41800000	3,4,5,6,7,8,9,10,11,12,13,14,15,16,17,18,19,20,21,22,23,24,25,26,27,28,29,30,31,32	boundary,domain	boundary,domain	30
chrX	41920000	3,9,10,11,12,13	boundary	domain	6
chrX	42320000	3	domain	domain	1
chrX	43200000	3	domain	domain	1
chrX	43560000	3,4,5,6,7,8,9,10,11,12,13,14,15,16,17,18,19,20,21,22,23,24,25,26,27,28,29,30,31,32	domain	boundary,domain	30
chrX	43800000	3,4,5,6,7,8,9,10,11,12,13,14,15,16,17,18,19,20,21,22,23,24,25,26,27,28,29,30,31,32	boundary,domain	boundary,domain	30
chrX	43920000	3,4,5,6,7,8,9,10,11,12,13,14,15,16,17,18,19,20,21,22,23,24,25,26,27,28,29	boundary,domain	domain	27
chrX	44360000	3	domain	domain	1
chrX	44880000	4	domain	domain	1
chrX	45240000	3,4,5,6,7,8,9,10,11,12,13,14,15,16,17,18,19,20,21,22,23,24,25,26,27,28,29,30,31,32	domain	domain	30
chrX	46160000	3,4	domain	domain	2
chrX	46400000	3,4,5,6,7,8,9,10,11,12,13,14,15,16,18	domain	domain	15
chrX	46520000	17,18,19,20,21,22,23,24,25,26,27,28,29,30,31,32	boundary,domain	boundary,domain	16
chrX	46760000	5,7,8,14,15,16,17,18,19,20,21,22,23,24,25,26,27,28,29	boundary,domain	boundary,domain	19
chrX	47120000	3,4,5,6,7,8,9,10,11,12,13,14,15,16,17,18,19,20,21	boundary,domain	domain	19
chrX	47560000	3,4,5,6,9	domain	domain	5
chrX	48000000	3,4,5,6,7,8,9,10,11,12,13,14,15,16,17,18,19,20,21,22,23,24,25,26,27,28,29,30,31,32	domain	gap	30
chrX	48160000	3,4,5,6,7,8,9,10,11,12,13,14,15,16,17,18,19,20,21,22,23,24,25,26,27,28,29,30,31,32	gap	domain	30
chrX	48360000	3,4,5,6,7,8,9,10,11,12,13,14,15,16,17,18,19,20,21,22,23,24,25,26,27,28,29,30,31,32	domain	gap	30
chrX	48440000	3,4,5,6,7,8,9,10,11,12,13,14,15,16,17,18,19,20,21,22,23,24,25,26,27,28,29,30,31,32	gap	domain	30
chrX	48960000	3,4	domain	domain	2
chrX	49320000	3,4,5,6,7,8,9,10,11,12,13,14,15,16,17,18,19,20,21,22,23,24,25,26,27,28,29,30,31,32	domain	gap	30
chrX	49600000	3,4,5,6,7,8,9,10,11,12,13,14,15,16,17,18,19,20,21,22,23,24,25,26,27,28,29,30,31,32	gap	domain	30
chrX	49880000	3,4,5,6	domain	domain	4
chrX	50240000	3,4,5,6,7,8,9,10,11,12,13,14,15,16,17,18,19,20,21,22,23,24,25,26,27,28,29,30,31,32	domain	gap	30
chrX	50280000	3,4,5,6,7,8,9,10,11,12,13,14,15,16,17,18,19,20,21,22,23,24,25,26,27,28,29,30,31,32	gap	domain	30
chrX	50600000	3,4,5,6,7,8,9,10,11,12,13,14,15,16	domain	domain	14
chrX	51000000	3	domain	domain	1
chrX	51080000	4,5,6,7,8,9,10,11,12,13	domain	domain	10
chrX	51480000	3,4	domain	domain	2
chrX	51680000	3,4,5,6,7,8,9,10,11,12,13,14,15,16,17,18,19,20,21,22,23,24,25,26,27,28,29,30,31,32	domain	gap	30
chrX	51720000	3,4,5,6,7,8,9,10,11,12,13,14,15,16,17,18,19,20,21,22,23,24,25,26,27,28,29,30,31,32	gap	domain	30
chrX	52040000	3,4,5,6,7,8,9,10,11,12,13,14,15,16,17,18,19,20,21,22,23,24,25,26,27,28,29,30,31,32	domain	gap	30
chrX	52240000	3,4,5,6,7,8,9,10,11,12,13,14,15,16,17,18,19,20,21,22,23,24,25,26,27,28,29,30,31,32	gap	domain	30
chrX	52440000	3,4,5,6,7,8,9,10,11,12,13,14,15,16,17,18,19,20,21,22,23,24,25,26,27,28,29,30,31,32	domain	gap	30
chrX	52960000	3,4,5,6,7,8,9,10,11,12,13,14,15,16,17,18,19,20,21,22,23,24,25,26,27,28,29,30,31,32	gap	domain	30
chrX	53240000	3	domain	domain	1
chrX	53760000	3,4,5	domain	domain	3
chrX	54000000	3,4,5,6,11,12,13,14,15,16,17,18,19,20,21,22,23	domain	boundary,domain	17
chrX	54200000	3	domain	domain	1
chrX	54560000	3,4,5,6,7,8,9,10,11,13	domain	domain	10
chrX	55440000	3,4,5,6,7,8,9,10,11,12,13,14,15,16,17,18,19,20,21,22,23,24,25,26,27,28,29,30,31,32	domain	gap	30
chrX	55520000	3,4,5,6,7,8,9,10,11,12,13,14,15,16,17,18,19,20,21,22,23,24,25,26,27,28,29,30,31,32	gap	domain	30
chrX	55800000	3,4	domain	domain	2
chrX	56280000	3,6,7,8,9,10,11,12,13	domain	domain	9
chrX	56760000	3,4,5,6,7,8,9,10,11,12,13,14,15,16,17,18,19,20,21,22,23,24,25,26,27,28,29	domain	boundary,domain	27
chrX	56960000	3,4,5,15,16,17,18	boundary,domain	domain	7
chrX	57560000	5	domain	domain	1
chrX	58080000	3,4,5,6,7,8,9,10,11,12,13,14,15,16,17,18,19,20,21,22,23,24,25,26,27,28,29,30,31,32	domain	gap	30
chrX	62800000	3,4,5,6,7,8,9,10,11,12,13,14,15,16,17,18,19,20,21,22,23,24,25,26,27,28,29,30,31,32	gap	domain	30
chrX	62960000	3	domain	domain	1
chrX	63120000	3,4,5,6,7,8,9,10,11,12,13,14,15,16,17,18,19,20,21,22,23,24,25,26,27,28,29,30,31,32	domain	gap	30
chrX	63280000	3,4,5,6,7,8,9,10,11,12,13,14,15,16,17,18,19,20,21,22,23,24,25,26,27,28,29,30,31,32	gap	domain	30
chrX	63640000	5,6,7	domain	domain	3
chrX	63760000	8,9,10,11	domain	domain	4
chrX	63840000	12	domain	domain	1
chrX	64000000	4,6,7,8,9,10,15	domain	domain	7
chrX	64560000	4,5,6,7	domain	domain	4
chrX	64840000	3,4,5,6,7,8,9,10,11,12,13,14,15,16,17,18	domain	domain	16
chrX	65520000	3,4,5,6,7,8,9,10,11,12,13,14,15,16,17,18,19,20,21,22,23,24,25,26,27,28,29,30,31,32	domain	boundary,domain	30
chrX	65680000	20	boundary	domain	1
chrX	65760000	3	domain	domain	1
chrX	66080000	7,8,9,10,11,12,13,14,15	domain	domain	9
chrX	66720000	4,5,6,7,8,9,10,11,12,13,14,15,16,17,18,19,20,21,22,23,24,25,26,27,28,29,30,31,32	domain	domain	29
chrX	66920000	3	domain	domain	1
chrX	67520000	4,5,6,7	domain	domain	4
chrX	67760000	3	domain	domain	1
chrX	68160000	3,4,5,6,7,8,9,10,11,12,13,14,15,16,17,18,19,20,21,22,23,24,25,26,27,28,29,30,31,32	domain	boundary,domain	30
chrX	68520000	3,4,5,6,7,8,9,14,15,16,17,18,19,20,21,22,23,24,25,26,27,28,29,30,31,32	boundary,domain	boundary,domain	26
chrX	68720000	6,8,9,10,11,12,13,14,20,21,22,23,24,25,26,27,28,29,30,31,32	boundary,domain	boundary,domain	21
chrX	68800000	3,4,5,6,7,8	boundary,domain	domain	6
chrX	69440000	3,4,5,6,7,8,9,10,11,12,13,14,15,16,17,18,19,20,21,22,23,24,25,26,27,28,29,30,31,32	domain	domain	30
chrX	70120000	4,5,6,7,8,9,10,11,12,13,14,15,16,17,18,19,20,21,22,23,24,25,26,27,28,29,30,31,32	domain	boundary,domain	29
chrX	70280000	3,14,18,19	boundary,domain	boundary,domain	4
chrX	70440000	3,4,13,16,17,18,19,20,21,22,23,24,25,26,27,29,30	boundary,domain	domain	17
chrX	70760000	21	domain	domain	1
chrX	70960000	3,4,5,6,7,8,9,10,11,12,13,14,15,16,17	domain	boundary,domain	15
chrX	71120000	3,7,8,9,10	boundary,domain	domain	5
chrX	71280000	6,7	domain	domain	2
chrX	71680000	3,4,5,6,7,8,9,10,11,12,13,14,15,16,17,18,19,20,21,22,23,24,25,26,27,28,29,30,31,32	domain	gap	30
chrX	71800000	3,4,5,6,7,8,9,10,11,12,13,14,15,16,17,18,19,20,21,22,23,24,25,26,27,28,29,30,31,32	gap	domain	30
chrX	72200000	5,6,7,8,9,10	domain	domain	6
chrX	72720000	3,4,5,6,7,8,9,10,11,12,13,14,15,16,17,18,19,20,21,22,23,24,25,26,27,28,29,30,31,32	domain	gap	30
chrX	73120000	3,4,5,6,7,8,9,10,11,12,13,14,15,16,17,18,19,20,21,22,23,24,25,26,27,28,29,30,31,32	gap	domain	30
chrX	73520000	3	domain	domain	1
chrX	73840000	3,12,13	domain	domain	3
chrX	74360000	4,5,6,11,12,13,14,15,16,17,18,19,20,21,22,23,24,25,26,27,28,29,30	domain	boundary,domain	23
chrX	74560000	4,5,7,9,10,11,12,13,14,15,16,17,18,19,20,21,22,23,24,25,26,28,29,30,31,32	boundary,domain	domain	26
chrX	76160000	3,4,5,6,7,8,9,11,12,14,15,19,22	domain	boundary,domain	13
chrX	76240000	10,11,13,16,17,18,19,20,21,22,23,24,25,26,27,28,29,30,31,32	boundary,domain	boundary,domain	20
chrX	76440000	10,19,20,27,30	boundary	domain	5
chrX	76680000	4	domain	domain	1
chrX	76840000	4,7	domain	domain	2
chrX	76920000	4,5	domain	domain	2
chrX	77240000	3,5,14,17	domain	domain	4
chrX	77320000	11	domain	boundary	1
chrX	77480000	4,5,6,7,8,9,10,11,12,13,14,15,16,17,18,19,20,21,22,23,24,25	domain	domain	22
chrX	77840000	3,4	domain	domain	2
chrX	78120000	7,8,9,10,11,12,13,14,15,16,17,18,19,20,21,22,23,24,25,26,27,28,29,30,31,32	domain	boundary,domain	26
chrX	78400000	20,25,29	boundary	domain	3
chrX	79080000	4,5,6,7,8,9,10,11	boundary,domain	domain	8
chrX	79280000	25	domain	boundary	1
chrX	79480000	3,4,5,6,7,8,9,10,11,12,13,14,15,16,17,18,19,20,21,22,23,24,25,26,27,28,29,30,31,32	boundary,domain	boundary,domain	30
chrX	79560000	32	boundary	domain	1
chrX	79760000	3,5,6	domain	domain	3
chrX	80280000	4,5,6,7,8,9	domain	domain	6
chrX	80360000	3	domain	domain	1
chrX	80640000	3,4,5,6,7,8,9,10,11,12,13,14,15,16,17,18,19,20,21,22,23,24,25,26,27,28,29,30,31,32	domain	boundary,domain	30
chrX	80840000	3,4,5,6,7,8,9,10,11,13,14,17,19,28,32	boundary,domain	domain	15
chrX	81120000	3,4,5	domain	domain	3
chrX	81440000	3,4,5,6,7,8,9,10,11,12,16,17,19,21	domain	boundary,domain	14
chrX	81560000	8,9,10,11,12,13,14,26	boundary,domain	boundary,domain	8
chrX	81720000	3,4,5,6	domain	domain	4
chrX	81920000	3,4,5,6,7,8,9,10,11,12,13,14,15,16,17,18,19,20,21,22,23,24,25,26,27,28,29,30,31,32	boundary,domain	boundary,domain	30
chrX	82040000	8,11,13	boundary	boundary,domain	3
chrX	82120000	3,6,8,9,11	boundary,domain	boundary,domain	5
chrX	82200000	4,5,6,7,8	boundary,domain	domain	5
chrX	82280000	5	domain	domain	1
chrX	82480000	3	domain	domain	1
chrX	82880000	3	domain	domain	1
chrX	83080000	4	domain	domain	1
chrX	83280000	4,5	domain	domain	2
chrX	83480000	3,4,5,8,20,28	domain	boundary,domain	6
chrX	83680000	3,4,12,16,21,25,26,27,28,29,30,31	domain	domain	12
chrX	83840000	18,22,23	domain	boundary	3
chrX	83960000	3,4,5,6,7,8,9,10,11,12,13,14,15,16,17,18,19,20,21,22,23,24,25,26,27,28,29,30,31,32	boundary,domain	domain	30
chrX	84040000	3,4	domain	domain	2
chrX	84360000	3	domain	domain	1
chrX	85120000	5,6,7,8,9,10,11,12,13,14,15,16,17,18,19,20,21,22,23,24,25,26,27,28,29,30,31,32	domain	boundary,domain	28
chrX	85440000	3,4,5,6,8,15,16,17,18,19,20,21,22,23,24,25,26,27,28,29,31,32	boundary,domain	boundary,domain	22
chrX	85600000	3,4,7,9,10,11,12,13,14,20,21	domain	boundary,domain	11
chrX	85760000	3,4,5,6,7,8,9	boundary	domain	7
chrX	86120000	3,4,5,6,7,8	domain	boundary,domain	6
chrX	86280000	3,7,8,9,10,11,12,13,14	boundary,domain	domain	9
chrX	86560000	3,4,5,6,7,8,9,10	domain	domain	8
chrX	86800000	3,13	domain	boundary,domain	2
chrX	86920000	7,8,9,10,11,12,14,15,16	domain	boundary,domain	9
chrX	87080000	5,6,8,9,10,11,12,13,14,15,16,17,18,19,20,21,22,23,24,25,26,28,30,31,32	boundary,domain	boundary,domain	25
chrX	87240000	7,15,23,31	boundary,domain	boundary	4
chrX	87320000	3,4,5,6,7,8,9,10,11,12,13,14,16,17,18,19,20,21,22,25,26,27,28,29,30,31,32	boundary,domain	boundary,domain	27
chrX	87440000	5,6,7,8,10,13,15,17,21,22,23,24	boundary	boundary,domain	12
chrX	87600000	11,12,13,20,25	boundary	boundary,domain	5
chrX	87680000	15,18,24,26,28,31	boundary	boundary,domain	6
chrX	87800000	5,6,7,8,9,10,11,12,13,14,15,16,17,20,22,23,25,28,29,30	boundary,domain	boundary,domain	20
chrX	88120000	5,7	boundary,domain	domain	2
chrX	88640000	5,7,8,9,13	domain	boundary,domain	5
chrX	88720000	4,5,6,7,8,9,11	domain	domain	7
chrX	88880000	5	domain	domain	1
chrX	89000000	3,4	domain	domain	2
chrX	89200000	3,4,5,6,7,8,9,10,11,12,13,14,15,16,17,18,19,20,21,22,23,24,25,26,27,28,29,30,31,32	domain	gap	30
chrX	91240000	3,4,5,6,7,8,9,10,11,12,13,14,15,16,17,18,19,20,21,22,23,24,25,26,27,28,29,30,31,32	gap	domain	30
chrX	91480000	3,4,5,6,7,8,9,10,11,12,13,14,15,16,17,18,19,20,21,22,23,24,25,26,27,28,29,30,31,32	domain	gap	30
chrX	93120000	3,4,5,6,7,8,9,10,11,12,13,14,15,16,17,18,19,20,21,22,23,24,25,26,27,28,29,30,31,32	gap	domain	30
chrX	93440000	3	domain	domain	1
chrX	93560000	4,5,6,7,9	domain	domain	5
chrX	93680000	3,5,6,7,8,9,11,12,13	boundary,domain	boundary,domain	9
chrX	93800000	4,5,6,7,8,9,10,11,14	boundary,domain	domain	9
chrX	94080000	3,4,5	domain	domain	3
chrX	94360000	3,4,5,6,7,8,9,10,11,13,17,19,24,29	domain	boundary,domain	14
chrX	94720000	4,5,6,7,9,10,11,12,13,14,15,16,17,18,20,24,26,27,28,29,30,32	boundary,domain	boundary,domain	22
chrX	94840000	3,4,5,6,7,8,9,10,12,13,14,15,16,17,18,19,20,21,22,23,24,25,27,28,30,31,32	boundary,domain	boundary,domain	27
chrX	94920000	5,7,8,26,32	boundary,domain	boundary,domain	5
chrX	95040000	15,17,21,22,24,27,29,30	boundary	boundary	8
chrX	95120000	4,20,21,27,29	boundary,domain	boundary,domain	5
chrX	95240000	3,4,6,7,8,9,10,11,12,13,14,15,16,17,18,19,24,25,27,30,31,32	boundary,domain	domain	22
chrX	95440000	28,29,30,31,32	boundary	domain	5
chrX	95760000	5,6	domain	domain	2
chrX	95960000	3	domain	domain	1
chrX	96240000	4,5,7,8,9,10,11,12,13,14,15,16,17,18,19,20,21,22,23,24,25,26,27,28,29,30,31,32	domain	boundary,domain	28
chrX	97720000	3,4,5,6,7,8,9,10,11,12,13,14,15,16,17,18,19,20,21,22,23,24,25,26,27,28,29,30,31,32	domain	domain	30
chrX	98200000	3,5	domain	domain	2
chrX	98920000	3,5,9,10,11,12,13,14,16,17,18,19,20,21,22,23,24,25,26,27,28,29,30,31,32	domain	boundary,domain	25
chrX	99120000	3,27,28,29	boundary	domain	4
chrX	99240000	4,5,6,7,27	domain	domain	5
chrX	99760000	3,4,5,6,7,8,9,10,11,12,13,14,15,16,17	domain	domain	15
chrX	100440000	5,6,7,8,9,10,11,12,13,14,15,16,17,18,19,20,21,22,23,24,25,26,27,28,31,32	domain	boundary,domain	26
chrX	100600000	9,10,11,12,13,14,17,18,20,21,22,23,26,27,28,29,31,32	boundary,domain	boundary,domain	18
chrX	100680000	9,17,18,19,20,24,25,29,30,31	boundary,domain	boundary,domain	10
chrX	100800000	3,4,5,6,7,8,9,10,11,12,13,14,15,16,17,18,19,20,21,22,23,24,25,26,27,28,29,30,31,32	boundary,domain	boundary,domain	30
chrX	100880000	8	boundary	domain	1
chrX	101320000	5,6,7,8,9,10,11,14,15,16,17,18,19,20,21,22	domain	boundary,domain	16
chrX	101400000	3,4,5,6,12,13,15,17,18,19,21,22	boundary,domain	domain	12
chrX	101600000	3,4	domain	domain	2
chrX	101800000	3	domain	domain	1
chrX	102200000	3,4,5,6,7,8,9,10,11,12,13,14,15,16,17,18,19,20,21,22,23,24,25,26,27,28,29,30,31,32	domain	gap	30
chrX	102480000	3,4,5,6,7,8,9,10,11,12,13,14,15,16,17,18,19,20,21,22,23,24,25,26,27,28,29,30,31,32	gap	domain	30
chrX	102920000	3,4,5,6,7,8,9,10,11,12	domain	domain	10
chrX	103200000	3,4,5,6,7,8,9,10,11,12,13,14,15,16,17,18	domain	domain	16
chrX	103520000	3,4,5,6,7,8,9,10	domain	domain	8
chrX	103960000	3,4,5,6,7,8,9,10,11,12,13,14,15,16,17,18,19,20,21,22,23,24,25,26,27,28,29,30,31,32	domain	gap	30
chrX	104080000	3,4,5,6,7,8,9,10,11,12,13,14,15,16,17,18,19,20,21,22,23,24,25,26,27,28,29,30,31,32	gap	boundary,domain	30
chrX	104480000	6,7,8,9	boundary,domain	domain	4
chrX	104880000	3,4,5,6,7	domain	domain	5
chrX	105240000	3,4,5,6,7,8,9,10,11,12,13,14,15,16,17,18,19,20,21,22,23,24,25	domain	domain	23
chrX	105960000	6,7	domain	domain	2
chrX	106280000	3,4,5,6,7,8,9,10,11,12,13,14,15,16,17,18,19,20,21,22,23,24,25,26,27,28,29,30,31,32	domain	gap	30
chrX	106320000	3,4,5,6,7,8,9,10,11,12,13,14,15,16,17,18,19,20,21,22,23,24,25,26,27,28,29,30,31,32	gap	domain	30
chrX	106800000	4,5,6,7,8,9,10,11	domain	boundary,domain	8
chrX	106880000	6,7,8,9,10,11,12,13	boundary,domain	boundary,domain	8
chrX	107000000	4,6,8	boundary,domain	domain	3
chrX	107400000	4	domain	domain	1
chrX	107520000	10	domain	domain	1
chrX	107640000	3,4,5,6,8	domain	domain	5
chrX	107800000	3	domain	domain	1
chrX	108000000	3,4,5	domain	boundary,domain	3
chrX	108120000	4,5,6,7,8,9,10,11,12,13,14,15,16,17,18,19,20,21,22,23,24,25,26,27,28,29,30,31,32	boundary,domain	boundary,domain	29
chrX	108400000	26,31,32	boundary	boundary	3
chrX	108560000	5,17,18,19,20,21,22,23,24,27,28,29,30,31,32	boundary,domain	boundary,domain	15
chrX	108640000	8,11,15,16,17,20,25,26,30	boundary	domain	9
chrX	108760000	3,4,5,6,7,8,9,10,11,12,13,14,15,16,17	boundary,domain	domain	15
chrX	109480000	3,4,5,6,7,8,9,10,11,12,13,14,15,16,17,18,19,20,21,22,23,24,25,26,27,28,29,30,31,32	domain	boundary,domain	30
chrX	109640000	3,8,9,10,11,12,13,14,15,16,17,18,19,20,21,22,23,24,25,26,27,28,29,30,31,32	boundary,domain	boundary,domain	26
chrX	109880000	4,9,10,11,12,14,15,16,17,18,19,20,21,22,23,24,25,26,27,28,29,30,31,32	boundary,domain	boundary,domain	24
chrX	110000000	31	boundary	domain	1
chrX	110120000	3,4,5,6,26,27,28,29,32	boundary,domain	domain	9
chrX	110440000	4,5,6,7,8,9,10,11,12,13,14,15,16,17,18,19,20,21,22,23,24,25,26,27,28,29,30,31,32	domain	domain	29
chrX	110920000	6,7,8,10,11,12,13	domain	domain	7
chrX	111160000	32	domain	domain	1
chrX	111400000	25,26,27,30,31,32	domain	boundary	6
chrX	111680000	3,5,6,7,8,9,10,11,12,13,14,15,16,17,18,19,20,21,22,23,24,25,26,27,28,29,30,31,32	boundary,domain	boundary,domain	29
chrX	112120000	3,4,5,6,7,8	domain	domain	6
chrX	112640000	4	domain	domain	1
chrX	112720000	12,13,14,15,16,17,18,20,23,24,25,26	domain	boundary,domain	12
chrX	112800000	19,20,21,22,23,26	boundary,domain	domain	6
chrX	113920000	3	domain	domain	1
chrX	114280000	3,4,5,6,7,8,9,10,11,12,13,14,15,16,17,18,19,20,21,22,23,24,25,26,27,28,29,30,31,32	domain	gap	30
chrX	114320000	3,4,5,6,7,8,9,10,11,12,13,14,15,16,17,18,19,20,21,22,23,24,25,26,27,28,29,30,31,32	gap	domain	30
chrX	114400000	4,5	domain	domain	2
chrX	114600000	3,4,5,6	domain	domain	4
chrX	114960000	6	domain	domain	1
chrX	115200000	3,4,5,6,7,8,9,10,11,12	domain	domain	10
chrX	115720000	3,4,5,6,7,8,9,10,11,12,13,14,15,16,17,18,19,20,21,22,23,24,25,26,27,28,29,30,31,32	domain	gap	30
chrX	115880000	3,4,5,6,7,8,9,10,11,12,13,14,15,16,17,18,19,20,21,22,23,24,25,26,27,28,29,30,31,32	gap	domain	30
chrX	116200000	4	domain	domain	1
chrX	116560000	3,4,5,6,7,8,9,10,11,12,13,14,15,16,17,18,19,20,21,22,23,24,25,26,27,28,29,30,31,32	domain	gap	30
chrX	116600000	3,4,5,6,7,8,9,10,11,12,13,14,15,16,17,18,19,20,21,22,23,24,25,26,27,28,29,30,31,32	gap	domain	30
chrX	117040000	3,4,6,7	domain	domain	4
chrX	117800000	3,4,5,6	domain	domain	4
chrX	118000000	29	domain	boundary	1
chrX	118280000	4,5,6,7,8,9,10,11,12,13,14,15,16,17,18,19,20,21,22,23,24,25,26,27,28,29,30,31,32	domain	domain	29
chrX	118400000	32	boundary	boundary	1
chrX	118560000	21,24	boundary	domain	2
chrX	118840000	3,4,5,6,7,8,9,10,11,12,13,14,15,23,24,25,26,27,28,29,30,31,32	boundary,domain	domain	23
chrX	119120000	5,6,7,15	domain	boundary,domain	4
chrX	119360000	3,4,5,6,7,8,9,10,11,12,13,14,15,16,18,19,21,22,24,25,26,27,28,29,30,31,32	boundary,domain	domain	27
chrX	119800000	3	domain	domain	1
chrX	120040000	3,4,5,6,7,8,9,10,11,12,13,14,15,16,17,18,19,20,21,22,23,24,25,26,27,28,29,30,31,32	domain	gap	30
chrX	120200000	3,4,5,6,7,8,9,10,11,12,13,14,15,16,17,18,19,20,21,22,23,24,25,26,27,28,29,30,31,32	gap	domain	30
chrX	120480000	3,4,5,6	domain	domain	4
chrX	120680000	3	domain	domain	1
chrX	120880000	3,4,5,6,7,8,9,10,11,12,13,14,15,16,17,18,19,20,21,22,23,24,25,26,27,28,29,30,31,32	domain	gap	30
chrX	121000000	3,4,5,6,7,8,9,10,11,12,13,14,15,16,17,18,19,20,21,22,23,24,25,26,27,28,29,30,31,32	gap	domain	30
chrX	121280000	4,5	domain	domain	2
chrX	121600000	4,5,6,7,8,9,10,11	domain	domain	8
chrX	122840000	12,13,14,15,17,18,19,20	domain	boundary,domain	8
chrX	123000000	15,16,21,28	domain	boundary,domain	4
chrX	123120000	16,17,18,19,20,21,22,24,25,26,27,28,29,30,32	boundary,domain	boundary,domain	15
chrX	123240000	28	boundary	boundary	1
chrX	123440000	3,4,5,6,7,8,9,10,11,12,13,14,15,16,17,18,19,20,21,22,23,24,25,26,27,28,32	boundary,domain	boundary,domain	27
chrX	123800000	4,5,6,7,8,9,10,11,12,13,14,15,16,17,18,19,20,21,22,23,24,25,26,27,28,29,30,31,32	boundary,domain	boundary	29
chrX	124120000	3,4,5,6,7,8,9,10,11,12,13,14,15,16,17,18,19,20,21,22,23,24,25,26,27,28,29,30,31,32	boundary,domain	boundary,domain	30
chrX	124400000	3,4,5,6,7,8,9,10,11,12,13,14,15,16,17,18,22	boundary,domain	domain	17
chrX	125080000	12	domain	domain	1
chrX	125240000	14	domain	domain	1
chrX	126000000	8	domain	domain	1
chrX	126120000	9	domain	domain	1
chrX	126920000	3,4,10	domain	domain	3
chrX	127040000	4,5,6,8,9,10,11,12	domain	domain	8
chrX	127160000	7,8	domain	domain	2
chrX	127320000	3,7,8,9,10,11,12,31,32	domain	domain	9
chrX	127440000	6,7,8,9,10,11,12,13,14,15,26,27,28	domain	domain	13
chrX	127560000	5,6	domain	domain	2
chrX	127720000	32	domain	boundary	1
chrX	127800000	4,5,6	domain	domain	3
chrX	128000000	3,4,5,6,7,8,9,10,11,12,13,14,15,16,17,18,19,20,21,22,23,24,25,26,27,28,29,30,31,32	boundary,domain	boundary,domain	30
chrX	128520000	3,4,5,6,7	domain	domain	5
chrX	129000000	4,6,7,8,9	domain	domain	5
chrX	129440000	5,6,7,8,9,10,11,12,13,14,15,16,17,18,19,20,21,22,23,24,25,26,27,28,29,30,31,32	domain	boundary,domain	28
chrX	129520000	27,31	boundary	boundary	2
chrX	129880000	23,24,25,26,27,28,30,31,32	boundary,domain	boundary	9
chrX	130080000	15,17,18,19,20,21,22,23,24,26,27,28,32	boundary,domain	boundary	13
chrX	130280000	3,4,5,6,7,8,9,10,11,12,13,14,15,16,17,18,19,20,21,22,23,24,25,26,27,28,29,30,31,32	boundary,domain	boundary,domain	30
chrX	130360000	6	boundary	domain	1
chrX	130960000	3,4,5,6,7,8,9,10,11,12,13,14,15,16,17,18,19,20,21,22,23,24,25,26,27,28,29,30,31,32	boundary,domain	domain	30
chrX	131760000	5,6,7,8,9,10,11,12,13,14,15,16,17,18,19,20,21,22,23,24,25,26,27,28,29,30,31,32	domain	domain	28
chrX	132240000	4	domain	domain	1
chrX	132720000	8,9,10,11,12,13,14,15,16,17,18	domain	domain	11
chrX	133000000	5	domain	domain	1
chrX	133240000	3,4,6	domain	domain	3
chrX	133720000	3,4,5,6,7,8,9,10,11,12,13,14,15,16,17,18,19,20,21,22,23,24,25,26,27,29,30,32	domain	domain	28
chrX	134400000	4,5,6,7,8,9,10,11,12,13,14,15,16	domain	domain	13
chrX	134520000	3	domain	domain	1
chrX	134760000	5	domain	domain	1
chrX	135120000	3,4,5,6,7,8,9,10,11,12,13,14,15,16,17,18,19,20,21,22,23,24,25,26,27,28,29,30,31,32	domain	gap	30
chrX	135280000	3,4,5,6,7,8,9,10,11,12,13,14,15,16,17,18,19,20,21,22,23,24,25,26,27,28,29,30,31,32	gap	domain	30
chrX	135720000	3,4,5,6,7,8,9,10,11,12,13,14,15,16,17,18,19,20,21,22,23,24,25,26,27,28,29,30,31,32	domain	gap	30
chrX	135880000	3,4,5,6,7,8,9,10,11,12,13,14,15,16,17,18,19,20,21,22,23,24,25,26,27,28,29,30,31,32	gap	domain	30
chrX	136280000	3,4,5,6	domain	domain	4
chrX	136720000	23	domain	boundary	1
chrX	136800000	16	domain	boundary	1
chrX	136960000	3,4,5,6,7,8,9,10,11,12,13,14,15,16,17,20,21,22,23,24,25,26,27,28,29	boundary,domain	boundary,domain	25
chrX	137080000	5,6,7,8,9,10,11,12,14,15,16,17,18,19,20,21,22,23,24,25,26,27,28,29,32	boundary,domain	domain	25
chrX	137320000	5	domain	domain	1
chrX	137400000	7	domain	domain	1
chrX	137480000	4,5	domain	domain	2
chrX	137920000	5,6,7,9,10,11	domain	boundary,domain	6
chrX	138080000	3,4,5,6,7,8,9,10,11,12,13,14,15,16,17,18,19,20,21,22,23,24,25,26,27,28,29,30,31,32	boundary,domain	boundary,domain	30
chrX	138400000	21,22,23,24,25,26,27,28,29,30,32	boundary,domain	boundary	11
chrX	138640000	3,17,18,19,20,21,22,23,24,25,26,27,28,29,30,31,32	boundary,domain	domain	17
chrX	138760000	3,4,5,6,7,8,9,10,11,12,13,14,15,16	domain	domain	14
chrX	139560000	3,4,5,6,7,8	domain	domain	6
chrX	140000000	3,4,5,6,7,8,9,10,11,12,13,14,15,16,17,18,19,20,21,22	domain	domain	20
chrX	140680000	3,4,5,6,7	domain	domain	5
chrX	141000000	3,4,5,6,7,8,9,10,11,12,13,14,15,16,17,18,19,20,21,22,23,24,25,26,27,28,29,30,31,32	domain	gap	30
chrX	141120000	3,4,5,6,7,8,9,10,11,12,13,14,15,16,17,18,19,20,21,22,23,24,25,26,27,28,29,30,31,32	gap	domain	30
chrX	141480000	3,4,5,6,7,8,9,10,11,12,13,14,15,16,17,18,19,20,21,22,23,24,25,26,27,28,29,30,31,32	domain	gap	30
chrX	141720000	3,4,5,6,7,8,9,10,11,12,13,14,15,16,17,18,19,20,21,22,23,24,25,26,27,28,29,30,31,32	gap	domain	30
chrX	141880000	3	domain	domain	1
chrX	141960000	3	domain	domain	1
chrX	142040000	7	domain	domain	1
chrX	142160000	8,9,10,11	domain	domain	4
chrX	142520000	4	domain	domain	1
chrX	142680000	4,5,6,7,8,9,11,12,23,24	domain	domain	10
chrX	142840000	15,16,17,22,27	domain	domain	5
chrX	143160000	3,4,5,6,7,8,9,10,11,12,13,14,18,20,21,25	boundary,domain	domain	16
chrX	143320000	7,8,9,10,11	domain	domain	5
chrX	143480000	6,8,9	domain	domain	3
chrX	143720000	6,7,8	domain	domain	3
chrX	143840000	5	domain	domain	1
chrX	144080000	3,4,5,6,7,8,9,10,11,12,13,14,15,16,17,18,19,20,21,22,23,24,25,26,27,28,29,30,31,32	domain	gap	30
chrX	144240000	3,4,5,6,7,8,9,10,11,12,13,14,15,16,17,18,19,20,21,22,23,24,25,26,27,28,29,30,31,32	gap	domain	30
chrX	144400000	3,4,5,6,7,8,9,10,11,12,13,14,15,16,17,18,19,20,21,22,23,24,25,26,27,28,29,30,31,32	domain	gap	30
chrX	144480000	3,4,5,6,7,8,9,10,11,12,13,14,15,16,17,18,19,20,21,22,23,24,25,26,27,28,29,30,31,32	gap	domain	30
chrX	144760000	3,4,5,6	domain	domain	4
chrX	144920000	3,4,5,6,7,8,9,10	domain	domain	8
chrX	145160000	3,9	domain	boundary	2
chrX	145240000	4,5,6,7,8,10,11,12,14,15,16,18	domain	boundary,domain	12
chrX	145320000	7,9,10,11,12,13,14,15,16,17	boundary,domain	boundary,domain	10
chrX	145440000	4,6,8,9	boundary,domain	boundary,domain	4
chrX	145600000	3,4,5,6,7,8,9,10,11,12,13,14,15,16,17,18,19,20,21,22,23,24,25,26	boundary,domain	domain	24
chrX	145760000	5,11,12	boundary,domain	domain	3
chrX	146000000	3,11	domain	domain	2
chrX	146120000	3,5,11,12,14	domain	boundary,domain	5
chrX	146240000	3,4,5,6,7,8,9,10,11,12,13	boundary,domain	domain	11
chrX	146440000	3,4	domain	domain	2
chrX	146800000	3,4,5,6,7,8,9,10,11,12,13,14,15,16,17,18,19,20,21,22,23,24,25,26,27,28,29,30,31,32	domain	gap	30
chrX	146840000	3,4,5,6,7,8,9,10,11,12,13,14,15,16,17,18,19,20,21,22,23,24,25,26,27,28,29,30,31,32	gap	domain	30
chrX	147000000	3	domain	domain	1
chrX	147120000	3,4	domain	domain	2
chrX	147400000	5,6,7,8,9,10	domain	domain	6
chrX	147680000	3,4,5,8,9,10,12,13,15,16,17	domain	boundary,domain	11
chrX	147760000	3,5,6	domain	boundary,domain	3
chrX	147840000	6,7,8,9,10,11,12,13,14,15,16,17,18,19,20,21,22,23,24	boundary,domain	domain	19
chrX	148000000	7	domain	domain	1
chrX	148760000	7	domain	domain	1
chrX	149280000	3,4	domain	domain	2
chrX	149520000	3,4,5,6,7,8,9,10,11,12,13,14,15,16,17,18,19,20,21,22,23,24,25,26,27,28,29,30,31,32	domain	gap	30
chrX	149960000	3,4,5,6,7,8,9,10,11,12,13,14,15,16,17,18,19,20,21,22,23,24,25,26,27,28,29,30,31,32	gap	domain	30
chrX	150480000	4,5	domain	domain	2
chrX	150760000	3,4,5,6,7,8,9,10,11,12,13,14,15,16,17,18,19,20	domain	boundary,domain	18
chrX	151120000	3,4,5,6,7,8,9,10,11,12,13,14,15,16,17,18,19,20,21,22,23,24,25,26,27,28	boundary,domain	domain	26
chrX	151720000	5,6,7,8,9,10,11,12	domain	domain	8
chrX	152080000	5,6,7,8	domain	domain	4
chrX	152400000	3,4	domain	domain	2
chrX	152680000	3,4,5,6,7,8,9,10,11,12,13,14,15,16,17,18,19,20,21,22,23,24,25,26,27,28,29,30,31,32	domain	gap	30
chrX	152800000	3,4,5,6,7,8,9,10,11,12,13,14,15,16,17,18,19,20,21,22,23,24,25,26,27,28,29,30,31,32	gap	domain	30
chrX	153080000	3,4,5,6,7,8,9,10,11,12,13,14,15,16,17,18,19,20,21,22,23,24,25,26,27,28,29,30,31,32	domain	gap	30
chrX	153280000	3,4,5,6,7,8,9,10,11,12,13,14,15,16,17,18,19,20,21,22,23,24,25,26,27,28,29,30,31,32	gap	domain	30
chrX	153520000	3,4,5	domain	domain	3
chrX	153680000	3,4,5,6,7,8,9	domain	domain	7
chrX	153960000	3,4	domain	domain	2
chrX	154160000	3,4,5,6,7,8,9,10,11,12,13,14,15,16,17,18,19,20,21,22,23,24,25,26,27,28,29,30,31,32	domain	gap	30
chrX	154280000	3,4,5,6,7,8,9,10,11,12,13,14,15,16,17,18,19,20,21,22,23,24,25,26,27,28,29,30,31,32	gap	domain	30
chrX	154560000	3,4,5,6,7,8,9,10,11,12,13,14,15,16,17,18,19,20,21,22,23,24,25,26,27,28,29,30,31,32	domain	gap	30
chrX	154640000	3,4,5,6,7,8,9,10,11,12,13,14,15,16,17,18,19,20,21,22,23,24,25,26,27,28,29,30,31,32	gap	domain	30
chrX	154880000	3,4,5	domain	domain	3
chrX	155320000	3,4,5,6,7,8,9,10,11,12,13,14,15,16,17,18,19,20,21,22,23,24,25,26,27,28,29,30,31,32	domain,gap	gap	30
chrX	155600000	3,4,5,6,7,8,9,10,11,12,13,14,15,16,17,18,19,20,21,22,23,24,25,26,27,28,29,30,31,32	gap	domain	30
chrX	156040000	3,4,5,6,7,8,9,10,11,12,13,14,15,16,17,18,19,20,21,22,23,24,25,26,27,28,29,30,31,32	domain		30
